b=4, chi=2, seed=734, 
NOR:
    iter_times, elapsed_time, sqdiff: 300, 0.41299891471862793, 0.8564746065338695
    MSN: Tensor(
        [[ 1.05939767-0.25545707j  0.75335578-0.1385622j   0.28532537+0.51101417j  0.19920236-0.90081458j]
         [ 0.88411214-0.97639027j -0.18215468-0.56088734j  0.02796708+0.33656586j -0.31715761-0.76730821j]
         [ 0.49466329+0.81389519j -0.43201499-0.16938431j -0.84379049-0.20831356j  0.61422165+0.23213259j]
         [ 0.1393539 +0.17878032j  0.35623231-0.29443737j  0.13950804-0.19191273j  0.02711919-0.09230271j]]
        labels=['kl', 'kr'],
        shape=(4, 4),
    )
    grad_by_M: <bound method UnbridgeBondOptimalTruncator.grad_by_M of <tanuki.bondenv.bondenv.UnbridgeBondOptimalTruncator object at 0x11f711e10>>
    hessian_by_M_M: [[ 37.63760543  -6.58311502 -11.66876102   5.07776115   5.47044846  -7.72577836   2.53043976   4.54193891   0.         -19.49472485   0.28179886   9.07190046   0.20351013  -1.4971043    8.47891165  -0.27346315]
     [ -6.58311502  35.27752428   3.24913763  -8.39225378   0.23066933   3.20037911  -4.65754351  -4.22454071  19.49472485   0.          -8.79104119 -12.46142166  10.41143876  -9.9618941    0.5705979   -4.08984069]
     [-11.66876102   3.24913763  49.86735478   0.50897895 -15.67286676   5.43795992 -11.09559674 -12.21102878  -0.28179886   8.79104119   0.          -7.80635245   7.40793593   4.92692884  -6.70928939   6.38448013]
     [  5.07776115  -8.39225378   0.50897895  42.55890797 -10.33229871   3.50263273   2.36166171   2.36710753  -9.07190046  12.46142166   7.80635245   0.          -6.70160448   1.66882275  -1.41130073  -3.20210868]
     [  5.47044846   0.23066933 -15.67286676 -10.33229871  41.71078071 -10.18603388  -1.23564487   8.43373329  -0.20351013 -10.41143876  -7.40793593   6.70160448   0.         -20.80314681   2.63150026  -2.27257733]
     [ -7.72577836   3.20037911   5.43795992   3.50263273 -10.18603388  29.7124254   -2.17126959  -2.52276979   1.4971043    9.9618941   -4.92692884  -1.66882275  20.80314681   0.           0.06462584   4.26761856]
     [  2.53043976  -4.65754351 -11.09559674   2.36166171  -1.23564487  -2.17126959  27.10776312  -2.83704213  -8.47891165  -0.5705979    6.70928939   1.41130073  -2.63150026  -0.06462584   0.          -6.50819374]
     [  4.54193891  -4.22454071 -12.21102878   2.36710753   8.43373329  -2.52276979  -2.83704213  34.49548196   0.27346315   4.08984069  -6.38448013   3.20210868   2.27257733  -4.26761856   6.50819374   0.        ]
     [  0.          19.49472485  -0.28179886  -9.07190046  -0.20351013   1.4971043   -8.47891165   0.27346315  37.63760543  -6.58311502 -11.66876102   5.07776115   5.47044846  -7.72577836   2.53043976   4.54193891]
     [-19.49472485   0.           8.79104119  12.46142166 -10.41143876   9.9618941   -0.5705979    4.08984069  -6.58311502  35.27752428   3.24913763  -8.39225378   0.23066933   3.20037911  -4.65754351  -4.22454071]
     [  0.28179886  -8.79104119   0.           7.80635245  -7.40793593  -4.92692884   6.70928939  -6.38448013 -11.66876102   3.24913763  49.86735478   0.50897895 -15.67286676   5.43795992 -11.09559674 -12.21102878]
     [  9.07190046 -12.46142166  -7.80635245   0.           6.70160448  -1.66882275   1.41130073   3.20210868   5.07776115  -8.39225378   0.50897895  42.55890797 -10.33229871   3.50263273   2.36166171   2.36710753]
     [  0.20351013  10.41143876   7.40793593  -6.70160448   0.          20.80314681  -2.63150026   2.27257733   5.47044846   0.23066933 -15.67286676 -10.33229871  41.71078071 -10.18603388  -1.23564487   8.43373329]
     [ -1.4971043   -9.9618941    4.92692884   1.66882275 -20.80314681   0.          -0.06462584  -4.26761856  -7.72577836   3.20037911   5.43795992   3.50263273 -10.18603388  29.7124254   -2.17126959  -2.52276979]
     [  8.47891165   0.5705979   -6.70928939  -1.41130073   2.63150026   0.06462584   0.           6.50819374   2.53043976  -4.65754351 -11.09559674   2.36166171  -1.23564487  -2.17126959  27.10776312  -2.83704213]
     [ -0.27346315  -4.08984069   6.38448013  -3.20210868  -2.27257733   4.26761856  -6.50819374   0.           4.54193891  -4.22454071 -12.21102878   2.36710753   8.43373329  -2.52276979  -2.83704213  34.49548196]]
    eigvals of hessian_by_M_M: [  5.81679819   5.81679819   9.99433659   9.99433659  18.33131471  18.33131471  27.70141003  27.70141003  36.61804571  36.61804571  42.92040197  42.92040197  56.28005992  56.28005992 100.70547654 100.70547654]
WCOR:
    iter_times, elapsed_time, sqdiff: 300, 0.712047815322876, 0.8564746065338695
    MSN: Tensor(
        [[ 1.05939767-0.25545707j  0.75335578-0.1385622j   0.28532537+0.51101417j  0.19920236-0.90081458j]
         [ 0.88411214-0.97639027j -0.18215468-0.56088734j  0.02796708+0.33656586j -0.31715761-0.76730821j]
         [ 0.49466329+0.81389519j -0.43201499-0.16938431j -0.84379049-0.20831356j  0.61422165+0.23213259j]
         [ 0.1393539 +0.17878032j  0.35623231-0.29443737j  0.13950804-0.19191273j  0.02711919-0.09230271j]]
        labels=['kl', 'kr'],
        shape=(4, 4),
    )
    grad_by_M: <bound method UnbridgeBondOptimalTruncator.grad_by_M of <tanuki.bondenv.bondenv.UnbridgeBondOptimalTruncator object at 0x11f753e10>>
    hessian_by_M_M: [[ 2.54662971e+01 -6.93247072e+00 -7.44395423e+00  4.79018985e+00  3.10414323e+00 -8.19614245e+00  1.56693354e+00  1.79600905e+00  0.00000000e+00 -1.55927232e+01 -7.36559766e-02  5.34726610e+00  7.80200104e-01 -3.29609629e+00  5.84187306e+00 -2.29964792e+00]
     [-6.93247072e+00  4.32448011e+01  4.12655714e+00 -1.04718163e+01  6.33398786e-01  4.38848035e+00 -4.47843497e+00 -5.06425806e+00  1.55927232e+01  0.00000000e+00 -9.79718168e+00 -1.55935176e+01  7.28285505e+00 -1.32320639e+01 -2.42261048e+00 -5.92559226e+00]
     [-7.44395423e+00  4.12655714e+00  3.49049494e+01 -1.92387485e+00 -1.13198361e+01  8.35767604e+00 -8.85817647e+00 -7.85825831e+00  7.36559766e-02  9.79718168e+00  0.00000000e+00 -3.05607967e+00  5.23737932e+00  1.31110382e+00 -4.35060410e+00  4.87917003e+00]
     [ 4.79018985e+00 -1.04718163e+01 -1.92387485e+00  5.32663877e+01 -4.88728742e+00  6.26349072e+00  4.75678539e+00  5.95207135e+00 -5.34726610e+00  1.55935176e+01  3.05607967e+00  0.00000000e+00 -5.29373484e+00  4.76930660e-01  1.01625540e+00 -3.36128137e+00]
     [ 3.10414323e+00  6.33398786e-01 -1.13198361e+01 -4.88728742e+00  2.71249746e+01 -1.18989660e+01  2.53271722e-02  7.37352505e+00 -7.80200104e-01 -7.28285505e+00 -5.23737932e+00  5.29373484e+00  0.00000000e+00 -1.63566995e+01  1.91988432e+00 -1.65894009e+00]
     [-8.19614245e+00  4.38848035e+00  8.35767604e+00  6.26349072e+00 -1.18989660e+01  3.82915712e+01 -2.39279551e+00 -5.27706996e+00  3.29609629e+00  1.32320639e+01 -1.31110382e+00 -4.76930660e-01  1.63566995e+01  0.00000000e+00  2.14934801e-01  4.24455656e+00]
     [ 1.56693354e+00 -4.47843497e+00 -8.85817647e+00  4.75678539e+00  2.53271722e-02 -2.39279551e+00  1.86159524e+01 -1.65829177e+00 -5.84187306e+00  2.42261048e+00  4.35060410e+00 -1.01625540e+00 -1.91988432e+00 -2.14934801e-01  0.00000000e+00 -4.41762959e+00]
     [ 1.79600905e+00 -5.06425806e+00 -7.85825831e+00  5.95207135e+00  7.37352505e+00 -5.27706996e+00 -1.65829177e+00  4.37646734e+01  2.29964792e+00  5.92559226e+00 -4.87917003e+00  3.36128137e+00  1.65894009e+00 -4.24455656e+00  4.41762959e+00  0.00000000e+00]
     [ 0.00000000e+00  1.55927232e+01  7.36559766e-02 -5.34726610e+00 -7.80200104e-01  3.29609629e+00 -5.84187306e+00  2.29964792e+00  2.54662971e+01 -6.93247072e+00 -7.44395423e+00  4.79018985e+00  3.10414323e+00 -8.19614245e+00  1.56693354e+00  1.79600905e+00]
     [-1.55927232e+01  0.00000000e+00  9.79718168e+00  1.55935176e+01 -7.28285505e+00  1.32320639e+01  2.42261048e+00  5.92559226e+00 -6.93247072e+00  4.32448011e+01  4.12655714e+00 -1.04718163e+01  6.33398786e-01  4.38848035e+00 -4.47843497e+00 -5.06425806e+00]
     [-7.36559766e-02 -9.79718168e+00  0.00000000e+00  3.05607967e+00 -5.23737932e+00 -1.31110382e+00  4.35060410e+00 -4.87917003e+00 -7.44395423e+00  4.12655714e+00  3.49049494e+01 -1.92387485e+00 -1.13198361e+01  8.35767604e+00 -8.85817647e+00 -7.85825831e+00]
     [ 5.34726610e+00 -1.55935176e+01 -3.05607967e+00  0.00000000e+00  5.29373484e+00 -4.76930660e-01 -1.01625540e+00  3.36128137e+00  4.79018985e+00 -1.04718163e+01 -1.92387485e+00  5.32663877e+01 -4.88728742e+00  6.26349072e+00  4.75678539e+00  5.95207135e+00]
     [ 7.80200104e-01  7.28285505e+00  5.23737932e+00 -5.29373484e+00  0.00000000e+00  1.63566995e+01 -1.91988432e+00  1.65894009e+00  3.10414323e+00  6.33398786e-01 -1.13198361e+01 -4.88728742e+00  2.71249746e+01 -1.18989660e+01  2.53271722e-02  7.37352505e+00]
     [-3.29609629e+00 -1.32320639e+01  1.31110382e+00  4.76930660e-01 -1.63566995e+01  0.00000000e+00 -2.14934801e-01 -4.24455656e+00 -8.19614245e+00  4.38848035e+00  8.35767604e+00  6.26349072e+00 -1.18989660e+01  3.82915712e+01 -2.39279551e+00 -5.27706996e+00]
     [ 5.84187306e+00 -2.42261048e+00 -4.35060410e+00  1.01625540e+00  1.91988432e+00  2.14934801e-01  0.00000000e+00  4.41762959e+00  1.56693354e+00 -4.47843497e+00 -8.85817647e+00  4.75678539e+00  2.53271722e-02 -2.39279551e+00  1.86159524e+01 -1.65829177e+00]
     [-2.29964792e+00 -5.92559226e+00  4.87917003e+00 -3.36128137e+00 -1.65894009e+00  4.24455656e+00 -4.41762959e+00  0.00000000e+00  1.79600905e+00 -5.06425806e+00 -7.85825831e+00  5.95207135e+00  7.37352505e+00 -5.27706996e+00 -1.65829177e+00  4.37646734e+01]]
    eigvals of hessian_by_M_M: [ 5.30510847  5.30510847 10.57432875 10.57432875 14.83262167 14.83262167 26.48466831 26.48466831 31.94657439 31.94657439 41.81457304 41.81457304 64.3369802  64.3369802  89.38475198 89.38475198]
WROR:
    iter_times, elapsed_time, sqdiff: 300, 0.6752989292144775, 0.8564746065338681
    MSN: Tensor(
        [[ 1.05939767-0.25545707j  0.75335578-0.1385622j   0.28532537+0.51101417j  0.19920236-0.90081458j]
         [ 0.88411214-0.97639027j -0.18215468-0.56088734j  0.02796708+0.33656586j -0.31715761-0.76730821j]
         [ 0.49466329+0.81389519j -0.43201499-0.16938431j -0.84379049-0.20831356j  0.61422165+0.23213259j]
         [ 0.1393539 +0.17878032j  0.35623231-0.29443737j  0.13950804-0.19191273j  0.02711919-0.09230271j]]
        labels=['kl', 'kr'],
        shape=(4, 4),
    )
    grad_by_M: <bound method UnbridgeBondOptimalTruncator.grad_by_M of <tanuki.bondenv.bondenv.UnbridgeBondOptimalTruncator object at 0x11a9e2fd0>>
    hessian_by_M_M: [[ 3.00829362e+00 -1.34247116e+00 -2.70601924e-01  1.97445148e+00 -2.72125467e-01 -1.71466689e+00 -2.27281334e-01 -2.48221508e-01  0.00000000e+00 -1.24295000e+00 -1.04158189e+00 -6.72791165e-01  1.62246483e-02 -3.87424887e+00 -1.15997402e-01 -2.87363825e+00]
     [-1.34247116e+00  5.18949171e+01 -2.40266524e-01 -1.58479385e+01  7.78006839e-01  8.31826266e+00 -2.41013964e+00  2.83948106e-01  1.24295000e+00  0.00000000e+00 -4.35943078e+00 -6.54709270e+00 -4.56171664e-01 -8.02294074e+00 -2.73023598e+00  3.58684610e+00]
     [-2.70601924e-01 -2.40266524e-01  5.99378974e+00 -2.33358311e+00 -5.63350514e-01  6.84053897e+00 -8.13537743e-01  1.36013234e+00  1.04158189e+00  4.35943078e+00  0.00000000e+00  6.25696788e+00 -6.06692349e-02 -1.06958635e+00  1.33208366e-01  1.22236747e+00]
     [ 1.97445148e+00 -1.58479385e+01 -2.33358311e+00  6.55273150e+01  2.07913256e+00 -7.43258743e+00  5.61204122e+00 -1.38343830e+00  6.72791165e-01  6.54709270e+00 -6.25696788e+00  0.00000000e+00 -2.15064915e+00  4.73305138e+00  6.83807338e-01 -7.17259059e+00]
     [-2.72125467e-01  7.78006839e-01 -5.63350514e-01  2.07913256e+00  2.27072492e+00 -2.88930449e+00  2.48435779e-02  1.07731553e+00 -1.62246483e-02  4.56171664e-01  6.06692349e-02  2.15064915e+00  0.00000000e+00 -1.57816464e+00  1.18133803e-02 -8.08613592e-01]
     [-1.71466689e+00  8.31826266e+00  6.84053897e+00 -7.43258743e+00 -2.88930449e+00  5.70549778e+01 -2.43976385e+00 -7.14279163e+00  3.87424887e+00  8.02294074e+00  1.06958635e+00 -4.73305138e+00  1.57816464e+00  0.00000000e+00  8.87021297e-01  3.02128497e+00]
     [-2.27281334e-01 -2.41013964e+00 -8.13537743e-01  5.61204122e+00  2.48435779e-02 -2.43976385e+00  3.64829540e+00  1.09321747e+00  1.15997402e-01  2.73023598e+00 -1.33208366e-01 -6.83807338e-01 -1.18133803e-02 -8.87021297e-01  0.00000000e+00  3.04339290e+00]
     [-2.48221508e-01  2.83948106e-01  1.36013234e+00 -1.38343830e+00  1.07731553e+00 -7.14279163e+00  1.09321747e+00  4.38285073e+01  2.87363825e+00 -3.58684610e+00 -1.22236747e+00  7.17259059e+00  8.08613592e-01 -3.02128497e+00 -3.04339290e+00  0.00000000e+00]
     [ 0.00000000e+00  1.24295000e+00  1.04158189e+00  6.72791165e-01 -1.62246483e-02  3.87424887e+00  1.15997402e-01  2.87363825e+00  3.00829362e+00 -1.34247116e+00 -2.70601924e-01  1.97445148e+00 -2.72125467e-01 -1.71466689e+00 -2.27281334e-01 -2.48221508e-01]
     [-1.24295000e+00  0.00000000e+00  4.35943078e+00  6.54709270e+00  4.56171664e-01  8.02294074e+00  2.73023598e+00 -3.58684610e+00 -1.34247116e+00  5.18949171e+01 -2.40266524e-01 -1.58479385e+01  7.78006839e-01  8.31826266e+00 -2.41013964e+00  2.83948106e-01]
     [-1.04158189e+00 -4.35943078e+00  0.00000000e+00 -6.25696788e+00  6.06692349e-02  1.06958635e+00 -1.33208366e-01 -1.22236747e+00 -2.70601924e-01 -2.40266524e-01  5.99378974e+00 -2.33358311e+00 -5.63350514e-01  6.84053897e+00 -8.13537743e-01  1.36013234e+00]
     [-6.72791165e-01 -6.54709270e+00  6.25696788e+00  0.00000000e+00  2.15064915e+00 -4.73305138e+00 -6.83807338e-01  7.17259059e+00  1.97445148e+00 -1.58479385e+01 -2.33358311e+00  6.55273150e+01  2.07913256e+00 -7.43258743e+00  5.61204122e+00 -1.38343830e+00]
     [ 1.62246483e-02 -4.56171664e-01 -6.06692349e-02 -2.15064915e+00  0.00000000e+00  1.57816464e+00 -1.18133803e-02  8.08613592e-01 -2.72125467e-01  7.78006839e-01 -5.63350514e-01  2.07913256e+00  2.27072492e+00 -2.88930449e+00  2.48435779e-02  1.07731553e+00]
     [-3.87424887e+00 -8.02294074e+00 -1.06958635e+00  4.73305138e+00 -1.57816464e+00  0.00000000e+00 -8.87021297e-01 -3.02128497e+00 -1.71466689e+00  8.31826266e+00  6.84053897e+00 -7.43258743e+00 -2.88930449e+00  5.70549778e+01 -2.43976385e+00 -7.14279163e+00]
     [-1.15997402e-01 -2.73023598e+00  1.33208366e-01  6.83807338e-01  1.18133803e-02  8.87021297e-01  0.00000000e+00 -3.04339290e+00 -2.27281334e-01 -2.41013964e+00 -8.13537743e-01  5.61204122e+00  2.48435779e-02 -2.43976385e+00  3.64829540e+00  1.09321747e+00]
     [-2.87363825e+00  3.58684610e+00  1.22236747e+00 -7.17259059e+00 -8.08613592e-01  3.02128497e+00  3.04339290e+00  0.00000000e+00 -2.48221508e-01  2.83948106e-01  1.36013234e+00 -1.38343830e+00  1.07731553e+00 -7.14279163e+00  1.09321747e+00  4.38285073e+01]]
    eigvals of hessian_by_M_M: [ 1.15260107  1.15260107  2.0096597   2.0096597   2.71753438  2.71753438  4.40950677  4.40950677 36.16399356 36.16399356 43.86977161 43.86977161 55.85251929 55.85251929 87.0512345  87.0512345 ]
IWROR:
    iter_times, elapsed_time, sqdiff: 300, 0.6613121032714844, 0.8564746065338678
    MSN: Tensor(
        [[ 1.05939767-0.25545707j  0.75335578-0.1385622j   0.28532537+0.51101417j  0.19920236-0.90081458j]
         [ 0.88411214-0.97639027j -0.18215468-0.56088734j  0.02796708+0.33656586j -0.31715761-0.76730821j]
         [ 0.49466329+0.81389519j -0.43201499-0.16938431j -0.84379049-0.20831356j  0.61422165+0.23213259j]
         [ 0.1393539 +0.17878032j  0.35623231-0.29443737j  0.13950804-0.19191273j  0.02711919-0.09230271j]]
        labels=['kl', 'kr'],
        shape=(4, 4),
    )
    grad_by_M: <bound method UnbridgeBondOptimalTruncator.grad_by_M of <tanuki.bondenv.bondenv.UnbridgeBondOptimalTruncator object at 0x11f753e10>>
    hessian_by_M_M: [[ 4.97495139e+00 -2.01799251e+00 -5.81980566e-01  2.76778373e+00 -3.22262578e-01 -2.55862782e+00 -2.53928001e-01 -2.71338349e-01  0.00000000e+00 -2.40809011e+00 -1.42154365e+00 -7.29749941e-01  1.38551241e-01 -4.81144421e+00  7.74748554e-02 -3.75751317e+00]
     [-2.01799251e+00  5.17242498e+01  4.12483804e-02 -1.54577850e+01  7.63453069e-01  8.07383021e+00 -3.25522342e+00 -5.90999402e-01  2.40809011e+00  0.00000000e+00 -5.94458546e+00 -8.30098719e+00 -1.87385838e-01 -9.48905134e+00 -3.50835751e+00  1.81500031e+00]
     [-5.81980566e-01  4.12483804e-02  9.52099562e+00 -2.70749416e+00 -1.26671924e+00  8.70783032e+00 -1.57046756e+00  1.23718861e+00  1.42154365e+00  5.94458546e+00  0.00000000e+00  6.90237008e+00  1.21726375e-01 -1.21168195e+00  5.06516080e-02  1.84217061e+00]
     [ 2.76778373e+00 -1.54577850e+01 -2.70749416e+00  6.50065897e+01  2.43323354e+00 -4.68315929e+00  6.90894906e+00  7.60801104e-01  7.29749941e-01  8.30098719e+00 -6.90237008e+00  0.00000000e+00 -3.01219923e+00  3.76126507e+00  9.59293341e-01 -6.62906706e+00]
     [-3.22262578e-01  7.63453069e-01 -1.26671924e+00  2.43323354e+00  3.94500561e+00 -4.40076308e+00  1.15021112e-01  1.68494801e+00 -1.38551241e-01  1.87385838e-01 -1.21726375e-01  3.01219923e+00  0.00000000e+00 -2.94677862e+00  8.37613233e-02 -9.68252046e-01]
     [-2.55862782e+00  8.07383021e+00  8.70783032e+00 -4.68315929e+00 -4.40076308e+00  5.58552917e+01 -2.88141215e+00 -7.61544215e+00  4.81144421e+00  9.48905134e+00  1.21168195e+00 -3.76126507e+00  2.94677862e+00  0.00000000e+00  1.00113840e+00  3.09592646e+00]
     [-2.53928001e-01 -3.25522342e+00 -1.57046756e+00  6.90894906e+00  1.15021112e-01 -2.88141215e+00  5.63293910e+00  1.40425020e+00 -7.74748554e-02  3.50835751e+00 -5.06516080e-02 -9.59293341e-01 -8.37613233e-02 -1.00113840e+00  0.00000000e+00  3.22272091e+00]
     [-2.71338349e-01 -5.90999402e-01  1.23718861e+00  7.60801104e-01  1.68494801e+00 -7.61544215e+00  1.40425020e+00  4.51673237e+01  3.75751317e+00 -1.81500031e+00 -1.84217061e+00  6.62906706e+00  9.68252046e-01 -3.09592646e+00 -3.22272091e+00  0.00000000e+00]
     [ 0.00000000e+00  2.40809011e+00  1.42154365e+00  7.29749941e-01 -1.38551241e-01  4.81144421e+00 -7.74748554e-02  3.75751317e+00  4.97495139e+00 -2.01799251e+00 -5.81980566e-01  2.76778373e+00 -3.22262578e-01 -2.55862782e+00 -2.53928001e-01 -2.71338349e-01]
     [-2.40809011e+00  0.00000000e+00  5.94458546e+00  8.30098719e+00  1.87385838e-01  9.48905134e+00  3.50835751e+00 -1.81500031e+00 -2.01799251e+00  5.17242498e+01  4.12483804e-02 -1.54577850e+01  7.63453069e-01  8.07383021e+00 -3.25522342e+00 -5.90999402e-01]
     [-1.42154365e+00 -5.94458546e+00  0.00000000e+00 -6.90237008e+00 -1.21726375e-01  1.21168195e+00 -5.06516080e-02 -1.84217061e+00 -5.81980566e-01  4.12483804e-02  9.52099562e+00 -2.70749416e+00 -1.26671924e+00  8.70783032e+00 -1.57046756e+00  1.23718861e+00]
     [-7.29749941e-01 -8.30098719e+00  6.90237008e+00  0.00000000e+00  3.01219923e+00 -3.76126507e+00 -9.59293341e-01  6.62906706e+00  2.76778373e+00 -1.54577850e+01 -2.70749416e+00  6.50065897e+01  2.43323354e+00 -4.68315929e+00  6.90894906e+00  7.60801104e-01]
     [ 1.38551241e-01 -1.87385838e-01  1.21726375e-01 -3.01219923e+00  0.00000000e+00  2.94677862e+00 -8.37613233e-02  9.68252046e-01 -3.22262578e-01  7.63453069e-01 -1.26671924e+00  2.43323354e+00  3.94500561e+00 -4.40076308e+00  1.15021112e-01  1.68494801e+00]
     [-4.81144421e+00 -9.48905134e+00 -1.21168195e+00  3.76126507e+00 -2.94677862e+00  0.00000000e+00 -1.00113840e+00 -3.09592646e+00 -2.55862782e+00  8.07383021e+00  8.70783032e+00 -4.68315929e+00 -4.40076308e+00  5.58552917e+01 -2.88141215e+00 -7.61544215e+00]
     [ 7.74748554e-02 -3.50835751e+00  5.06516080e-02  9.59293341e-01  8.37613233e-02  1.00113840e+00  0.00000000e+00 -3.22272091e+00 -2.53928001e-01 -3.25522342e+00 -1.57046756e+00  6.90894906e+00  1.15021112e-01 -2.88141215e+00  5.63293910e+00  1.40425020e+00]
     [-3.75751317e+00  1.81500031e+00  1.84217061e+00 -6.62906706e+00 -9.68252046e-01  3.09592646e+00  3.22272091e+00  0.00000000e+00 -2.71338349e-01 -5.90999402e-01  1.23718861e+00  7.60801104e-01  1.68494801e+00 -7.61544215e+00  1.40425020e+00  4.51673237e+01]]
    eigvals of hessian_by_M_M: [ 1.82938185  1.82938185  3.27758868  3.27758868  4.24706115  4.24706115  7.18763555  7.18763555 34.70400553 34.70400553 45.91019651 45.91019651 58.98566431 58.98566431 85.68581304 85.68581304]
WLBOR:
    iter_times, elapsed_time, sqdiff: 300, 1.6405649185180664, 0.8564746065338678
    MSN: Tensor(
        [[ 1.05939767-0.25545707j  0.75335578-0.1385622j   0.28532537+0.51101417j  0.19920236-0.90081458j]
         [ 0.88411214-0.97639027j -0.18215468-0.56088734j  0.02796708+0.33656586j -0.31715761-0.76730821j]
         [ 0.49466329+0.81389519j -0.43201499-0.1693843j  -0.84379049-0.20831356j  0.61422165+0.23213259j]
         [ 0.13935391+0.17878032j  0.35623231-0.29443737j  0.13950804-0.19191273j  0.02711919-0.09230271j]]
        labels=['kl', 'kr'],
        shape=(4, 4),
    )
    grad_by_M: <bound method UnbridgeBondOptimalTruncator.grad_by_M of <tanuki.bondenv.bondenv.UnbridgeBondOptimalTruncator object at 0x121c3b128>>
    hessian_by_M_M: [[ 3.79675797e+01 -5.98944068e+00 -1.15618686e+01  5.42554419e+00  5.27536001e+00 -7.75718023e+00  2.60154180e+00  4.82182665e+00  0.00000000e+00 -1.95598105e+01  2.45658994e-01  9.02209346e+00  5.42947873e-01 -1.54598915e+00  8.59191704e+00 -4.01503899e-01]
     [-5.98944068e+00  3.72154023e+01  2.93524995e+00 -8.77419333e+00 -1.84689547e-02  3.27865496e+00 -5.03023213e+00 -4.47905000e+00  1.95598105e+01  0.00000000e+00 -9.20609655e+00 -1.32042104e+01  1.06784694e+01 -1.04190991e+01  6.78592722e-01 -4.32259668e+00]
     [-1.15618686e+01  2.93524995e+00  5.14516524e+01  1.98596475e+00 -1.60848330e+01  5.56489264e+00 -1.15105189e+01 -1.27663065e+01 -2.45658994e-01  9.20609655e+00  0.00000000e+00 -7.26859567e+00  7.29824183e+00  5.31354631e+00 -6.54500184e+00  6.80122364e+00]
     [ 5.42554419e+00 -8.77419333e+00  1.98596475e+00  4.51551688e+01 -1.08774905e+01  3.62124929e+00  2.29580657e+00  2.33979126e+00 -9.02209346e+00  1.32042104e+01  7.26859567e+00  0.00000000e+00 -7.14844544e+00  1.75197045e+00 -1.66513976e+00 -3.32391686e+00]
     [ 5.27536001e+00 -1.84689547e-02 -1.60848330e+01 -1.08774905e+01  4.20029946e+01 -9.82765218e+00 -1.22679259e+00  8.64455723e+00 -5.42947873e-01 -1.06784694e+01 -7.29824183e+00  7.14844544e+00  0.00000000e+00 -2.10018303e+01  2.45327888e+00 -2.46373357e+00]
     [-7.75718023e+00  3.27865496e+00  5.56489264e+00  3.62124929e+00 -9.82765218e+00  3.12003948e+01 -2.24789775e+00 -2.57033696e+00  1.54598915e+00  1.04190991e+01 -5.31354631e+00 -1.75197045e+00  2.10018303e+01  0.00000000e+00  2.04293700e-01  4.49524546e+00]
     [ 2.60154180e+00 -5.03023213e+00 -1.15105189e+01  2.29580657e+00 -1.22679259e+00 -2.24789775e+00  2.77642796e+01 -2.01856714e+00 -8.59191704e+00 -6.78592722e-01  6.54500184e+00  1.66513976e+00 -2.45327888e+00 -2.04293700e-01  0.00000000e+00 -6.01472972e+00]
     [ 4.82182665e+00 -4.47905000e+00 -1.27663065e+01  2.33979126e+00  8.64455723e+00 -2.57033696e+00 -2.01856714e+00  3.64899936e+01  4.01503899e-01  4.32259668e+00 -6.80122364e+00  3.32391686e+00  2.46373357e+00 -4.49524546e+00  6.01472972e+00  0.00000000e+00]
     [ 0.00000000e+00  1.95598105e+01 -2.45658994e-01 -9.02209346e+00 -5.42947873e-01  1.54598915e+00 -8.59191704e+00  4.01503899e-01  3.79675797e+01 -5.98944068e+00 -1.15618686e+01  5.42554419e+00  5.27536001e+00 -7.75718023e+00  2.60154180e+00  4.82182665e+00]
     [-1.95598105e+01  0.00000000e+00  9.20609655e+00  1.32042104e+01 -1.06784694e+01  1.04190991e+01 -6.78592722e-01  4.32259668e+00 -5.98944068e+00  3.72154023e+01  2.93524995e+00 -8.77419333e+00 -1.84689547e-02  3.27865496e+00 -5.03023213e+00 -4.47905000e+00]
     [ 2.45658994e-01 -9.20609655e+00  0.00000000e+00  7.26859567e+00 -7.29824183e+00 -5.31354631e+00  6.54500184e+00 -6.80122364e+00 -1.15618686e+01  2.93524995e+00  5.14516524e+01  1.98596475e+00 -1.60848330e+01  5.56489264e+00 -1.15105189e+01 -1.27663065e+01]
     [ 9.02209346e+00 -1.32042104e+01 -7.26859567e+00  0.00000000e+00  7.14844544e+00 -1.75197045e+00  1.66513976e+00  3.32391686e+00  5.42554419e+00 -8.77419333e+00  1.98596475e+00  4.51551688e+01 -1.08774905e+01  3.62124929e+00  2.29580657e+00  2.33979126e+00]
     [ 5.42947873e-01  1.06784694e+01  7.29824183e+00 -7.14844544e+00  0.00000000e+00  2.10018303e+01 -2.45327888e+00  2.46373357e+00  5.27536001e+00 -1.84689547e-02 -1.60848330e+01 -1.08774905e+01  4.20029946e+01 -9.82765218e+00 -1.22679259e+00  8.64455723e+00]
     [-1.54598915e+00 -1.04190991e+01  5.31354631e+00  1.75197045e+00 -2.10018303e+01  0.00000000e+00 -2.04293700e-01 -4.49524546e+00 -7.75718023e+00  3.27865496e+00  5.56489264e+00  3.62124929e+00 -9.82765218e+00  3.12003948e+01 -2.24789775e+00 -2.57033696e+00]
     [ 8.59191704e+00  6.78592722e-01 -6.54500184e+00 -1.66513976e+00  2.45327888e+00  2.04293700e-01  0.00000000e+00  6.01472972e+00  2.60154180e+00 -5.03023213e+00 -1.15105189e+01  2.29580657e+00 -1.22679259e+00 -2.24789775e+00  2.77642796e+01 -2.01856714e+00]
     [-4.01503899e-01 -4.32259668e+00  6.80122364e+00 -3.32391686e+00 -2.46373357e+00  4.49524546e+00 -6.01472972e+00  0.00000000e+00  4.82182665e+00 -4.47905000e+00 -1.27663065e+01  2.33979126e+00  8.64455723e+00 -2.57033696e+00 -2.01856714e+00  3.64899936e+01]]
    eigvals of hessian_by_M_M: [  6.23136977   6.23136977  10.72727731  10.72727731  19.59699866  19.59699866  28.75412767  28.75412767  38.47481542  38.47481542  44.12650647  44.12650647  58.44000995  58.44000995 102.89636054 102.89636054]
WNAG:
    iter_times, elapsed_time, sqdiff: 300, 0.4820542335510254, 0.8782179839363979
    MSN: Tensor(
        [[ 1.06551698-0.24174153j  0.76618313-0.1339825j   0.28586482+0.51286544j  0.20945046-0.90291785j]
         [ 0.88999218-0.96456768j -0.17119988-0.55202807j  0.02788656+0.34193878j -0.3064553 -0.7698022j ]
         [ 0.47510998+0.81497727j -0.4491794 -0.15219957j -0.85050756-0.20617963j  0.61368167+0.24714143j]
         [ 0.13971355+0.17581212j  0.35220953-0.29870019j  0.13807516-0.1939531j   0.02462929-0.09206461j]]
        labels=['kl', 'kr'],
        shape=(4, 4),
    )
    grad_by_M: <bound method UnbridgeBondOptimalTruncator.grad_by_M of <tanuki.bondenv.bondenv.UnbridgeBondOptimalTruncator object at 0x11f7568d0>>
    hessian_by_M_M: [[ 3565.46383705  4108.83485902  -998.00959369  -473.23871218   503.14933374  1234.92658135  -303.22974313  -121.02190607     0.          2194.81476353 -1025.45514559 -1754.22782291 -1041.03988597  -905.68197785  -284.22130566  -521.14008099]
     [ 4108.83485902  6095.3944204  -1833.18219025 -1679.05450165   -67.18209452   835.51802711  -556.19093891  -514.50035891 -2194.81476353     0.          -578.1529691  -1776.96842318 -1473.68526928 -1765.38414414  -112.45308622  -512.46777563]
     [ -998.00959369 -1833.18219025  4057.29778369  4700.79505822   303.05872563   267.89308322   424.24784579   711.11837225  1025.45514559   578.1529691      0.          2590.70414978   177.71005154   433.68178037  -412.01728874  -180.1073093 ]
     [ -473.23871218 -1679.05450165  4700.79505822  7119.22685693   403.0979903    542.02868059   270.51000655   764.14567802  1754.22782291  1776.96842318 -2590.70414978     0.           -36.13740345   237.60312725  -765.59462792  -657.09823227]
     [  503.14933374   -67.18209452   303.05872563   403.0979903   3410.65743145  3957.52861302  -461.77958324  -758.03418261  1041.03988597  1473.68526928  -177.71005154    36.13740345     0.          2070.61665152   370.70386067   116.54133639]
     [ 1234.92658135   835.51802711   267.89308322   542.02868059  3957.52861302  5856.71977149  -335.32866431  -839.68351243   905.68197785  1765.38414414  -433.68178037  -237.60312725 -2070.61665152     0.           713.8134933    583.69551789]
     [ -303.22974313  -556.19093891   424.24784579   270.51000655  -461.77958324  -335.32866431  3298.73000207  3803.58583172   284.22130566   112.45308622   412.01728874   765.59462792  -370.70386067  -713.8134933      0.          2106.67161067]
     [ -121.02190607  -514.50035891   711.11837225   764.14567802  -758.03418261  -839.68351243  3803.58583172  5740.9308588    521.14008099   512.46777563   180.1073093    657.09823227  -116.54133639  -583.69551789 -2106.67161067     0.        ]
     [    0.         -2194.81476353  1025.45514559  1754.22782291  1041.03988597   905.68197785   284.22130566   521.14008099  3565.46383705  4108.83485902  -998.00959369  -473.23871218   503.14933374  1234.92658135  -303.22974313  -121.02190607]
     [ 2194.81476353     0.           578.1529691   1776.96842318  1473.68526928  1765.38414414   112.45308622   512.46777563  4108.83485902  6095.3944204  -1833.18219025 -1679.05450165   -67.18209452   835.51802711  -556.19093891  -514.50035891]
     [-1025.45514559  -578.1529691      0.         -2590.70414978  -177.71005154  -433.68178037   412.01728874   180.1073093   -998.00959369 -1833.18219025  4057.29778369  4700.79505822   303.05872563   267.89308322   424.24784579   711.11837225]
     [-1754.22782291 -1776.96842318  2590.70414978     0.            36.13740345  -237.60312725   765.59462792   657.09823227  -473.23871218 -1679.05450165  4700.79505822  7119.22685693   403.0979903    542.02868059   270.51000655   764.14567802]
     [-1041.03988597 -1473.68526928   177.71005154   -36.13740345     0.         -2070.61665152  -370.70386067  -116.54133639   503.14933374   -67.18209452   303.05872563   403.0979903   3410.65743145  3957.52861302  -461.77958324  -758.03418261]
     [ -905.68197785 -1765.38414414   433.68178037   237.60312725  2070.61665152     0.          -713.8134933   -583.69551789  1234.92658135   835.51802711   267.89308322   542.02868059  3957.52861302  5856.71977149  -335.32866431  -839.68351243]
     [ -284.22130566  -112.45308622  -412.01728874  -765.59462792   370.70386067   713.8134933      0.         -2106.67161067  -303.22974313  -556.19093891   424.24784579   270.51000655  -461.77958324  -335.32866431  3298.73000207  3803.58583172]
     [ -521.14008099  -512.46777563  -180.1073093   -657.09823227   116.54133639   583.69551789  2106.67161067     0.          -121.02190607  -514.50035891   711.11837225   764.14567802  -758.03418261  -839.68351243  3803.58583172  5740.9308588 ]]
    eigvals of hessian_by_M_M: [1.29107879e+00 1.29107879e+00 2.64393400e+00 2.64393400e+00 3.33645617e+00 3.33645617e+00 6.66970891e+00 6.66970891e+00 4.66052121e+03 4.66052121e+03 7.89248232e+03 7.89248232e+03 1.07930189e+04 1.07930189e+04 1.57844573e+04 1.57844573e+04]
SNAG:
    iter_times, elapsed_time, sqdiff: 300, 0.4906151294708252, 0.8564746065338673
    MSN: Tensor(
        [[ 1.05939767-0.25545707j  0.75335578-0.1385622j   0.28532537+0.51101417j  0.19920236-0.90081458j]
         [ 0.88411214-0.97639027j -0.18215468-0.56088734j  0.02796708+0.33656586j -0.31715761-0.76730821j]
         [ 0.49466329+0.81389519j -0.43201499-0.16938431j -0.84379049-0.20831356j  0.61422165+0.23213259j]
         [ 0.1393539 +0.17878032j  0.35623231-0.29443737j  0.13950804-0.19191273j  0.02711919-0.09230271j]]
        labels=['kl', 'kr'],
        shape=(4, 4),
    )
    grad_by_M: <bound method UnbridgeBondOptimalTruncator.grad_by_M of <tanuki.bondenv.bondenv.UnbridgeBondOptimalTruncator object at 0x121c3b668>>
    hessian_by_M_M: [[ 4.81497621e+00 -3.61814082e-02 -1.66589332e+00 -2.62713990e-01  9.55168572e-01 -1.20827002e+00 -9.95882019e-02  7.58429193e-02  0.00000000e+00 -4.93822773e+00 -5.83071889e-01  1.04760087e+00 -1.01023503e+00 -1.70285031e+00  3.89404749e-01 -7.63618815e-01]
     [-3.61814082e-02  7.29116064e+00  6.25998172e-01 -1.97865708e+00  9.53354142e-01  9.18572196e-01 -8.02085499e-01 -3.17546595e-02  4.93822773e+00  0.00000000e+00 -2.55989029e+00 -1.23045333e+00  5.24537763e-01 -1.05735373e+00 -7.38244752e-01  2.42754018e-01]
     [-1.66589332e+00  6.25998172e-01  4.46109959e+00 -8.34857242e-03 -6.36371167e-01  1.94883763e+00 -2.78133151e-01 -1.49223180e-01  5.83071889e-01  2.55989029e+00  0.00000000e+00 -4.66779399e+00  9.28444749e-01  1.46484642e-01 -1.02480357e+00  2.25255344e-01]
     [-2.62713990e-01 -1.97865708e+00 -8.34857242e-03  1.03602348e+01  3.29114780e-01 -8.25799873e-01  1.92825921e+00 -4.90941646e-02 -1.04760087e+00  1.23045333e+00  4.66779399e+00  0.00000000e+00 -1.03772845e+00  2.74335635e-01  2.96277535e-01 -6.82147386e-01]
     [ 9.55168572e-01  9.53354142e-01 -6.36371167e-01  3.29114780e-01  4.94139687e+00 -4.63687129e-01 -2.54930987e-01  3.72024752e-01  1.01023503e+00 -5.24537763e-01 -9.28444749e-01  1.03772845e+00  0.00000000e+00 -5.51775226e+00  7.31801254e-01  5.84335740e-01]
     [-1.20827002e+00  9.18572196e-01  1.94883763e+00 -8.25799873e-01 -4.63687129e-01  7.89062618e+00 -8.13189792e-01 -1.16509250e+00  1.70285031e+00  1.05735373e+00 -1.46484642e-01 -2.74335635e-01  5.51775226e+00  0.00000000e+00 -5.88372997e-01  1.86653674e-01]
     [-9.95882019e-02 -8.02085499e-01 -2.78133151e-01  1.92825921e+00 -2.54930987e-01 -8.13189792e-01  3.32956585e+00  6.67955248e-01 -3.89404749e-01  7.38244752e-01  1.02480357e+00 -2.96277535e-01 -7.31801254e-01  5.88372997e-01  0.00000000e+00 -3.45247834e+00]
     [ 7.58429193e-02 -3.17546595e-02 -1.49223180e-01 -4.90941646e-02  3.72024752e-01 -1.16509250e+00  6.67955248e-01  6.86328372e+00  7.63618815e-01 -2.42754018e-01 -2.25255344e-01  6.82147386e-01 -5.84335740e-01 -1.86653674e-01  3.45247834e+00  0.00000000e+00]
     [ 0.00000000e+00  4.93822773e+00  5.83071889e-01 -1.04760087e+00  1.01023503e+00  1.70285031e+00 -3.89404749e-01  7.63618815e-01  4.81497621e+00 -3.61814082e-02 -1.66589332e+00 -2.62713990e-01  9.55168572e-01 -1.20827002e+00 -9.95882019e-02  7.58429193e-02]
     [-4.93822773e+00  0.00000000e+00  2.55989029e+00  1.23045333e+00 -5.24537763e-01  1.05735373e+00  7.38244752e-01 -2.42754018e-01 -3.61814082e-02  7.29116064e+00  6.25998172e-01 -1.97865708e+00  9.53354142e-01  9.18572196e-01 -8.02085499e-01 -3.17546595e-02]
     [-5.83071889e-01 -2.55989029e+00  0.00000000e+00  4.66779399e+00 -9.28444749e-01 -1.46484642e-01  1.02480357e+00 -2.25255344e-01 -1.66589332e+00  6.25998172e-01  4.46109959e+00 -8.34857242e-03 -6.36371167e-01  1.94883763e+00 -2.78133151e-01 -1.49223180e-01]
     [ 1.04760087e+00 -1.23045333e+00 -4.66779399e+00  0.00000000e+00  1.03772845e+00 -2.74335635e-01 -2.96277535e-01  6.82147386e-01 -2.62713990e-01 -1.97865708e+00 -8.34857242e-03  1.03602348e+01  3.29114780e-01 -8.25799873e-01  1.92825921e+00 -4.90941646e-02]
     [-1.01023503e+00  5.24537763e-01  9.28444749e-01 -1.03772845e+00  0.00000000e+00  5.51775226e+00 -7.31801254e-01 -5.84335740e-01  9.55168572e-01  9.53354142e-01 -6.36371167e-01  3.29114780e-01  4.94139687e+00 -4.63687129e-01 -2.54930987e-01  3.72024752e-01]
     [-1.70285031e+00 -1.05735373e+00  1.46484642e-01  2.74335635e-01 -5.51775226e+00  0.00000000e+00  5.88372997e-01 -1.86653674e-01 -1.20827002e+00  9.18572196e-01  1.94883763e+00 -8.25799873e-01 -4.63687129e-01  7.89062618e+00 -8.13189792e-01 -1.16509250e+00]
     [ 3.89404749e-01 -7.38244752e-01 -1.02480357e+00  2.96277535e-01  7.31801254e-01 -5.88372997e-01  0.00000000e+00  3.45247834e+00 -9.95882019e-02 -8.02085499e-01 -2.78133151e-01  1.92825921e+00 -2.54930987e-01 -8.13189792e-01  3.32956585e+00  6.67955248e-01]
     [-7.63618815e-01  2.42754018e-01  2.25255344e-01 -6.82147386e-01  5.84335740e-01  1.86653674e-01 -3.45247834e+00  0.00000000e+00  7.58429193e-02 -3.17546595e-02 -1.49223180e-01 -4.90941646e-02  3.72024752e-01 -1.16509250e+00  6.67955248e-01  6.86328372e+00]]
    eigvals of hessian_by_M_M: [ 0.37544613  0.37544613  0.66185688  0.66185688  0.92239727  0.92239727  1.61589243  1.61589243  7.13404238  7.13404238  9.17419244  9.17419244 11.58114966 11.58114966 18.48736664 18.48736664]
SSpiral(8):
    iter_times, elapsed_time, sqdiff: 300, 0.8748738765716553, 0.8564746065338678
    MSN: Tensor(
        [[ 1.05939767-0.25545707j  0.75335578-0.1385622j   0.28532537+0.51101417j  0.19920236-0.90081458j]
         [ 0.88411214-0.97639027j -0.18215468-0.56088734j  0.02796708+0.33656586j -0.31715761-0.76730821j]
         [ 0.49466329+0.81389519j -0.43201499-0.16938431j -0.84379049-0.20831356j  0.61422165+0.23213259j]
         [ 0.1393539 +0.17878032j  0.35623231-0.29443737j  0.13950804-0.19191273j  0.02711919-0.09230271j]]
        labels=['kl', 'kr'],
        shape=(4, 4),
    )
    grad_by_M: <bound method UnbridgeBondOptimalTruncator.grad_by_M of <tanuki.bondenv.bondenv.UnbridgeBondOptimalTruncator object at 0x11f756f98>>
    hessian_by_M_M: [[ 2.90610610e+01 -2.36770714e+00 -2.25459749e+00 -2.91182554e+00 -2.92058616e+00 -3.81888267e-02 -1.08362155e-01 -3.95175214e+00  0.00000000e+00 -1.62247276e+01 -7.64900401e+00 -8.68182160e+00  3.14896488e+00  1.23933335e+00  6.93817767e-01 -6.24383361e+00]
     [-2.36770714e+00  4.19916351e+01  1.09136312e+01 -7.97026182e+00 -6.67050630e+00  9.91145234e-01 -2.42553624e+00 -3.92551372e+00  1.62247276e+01  0.00000000e+00 -6.58611405e+00 -1.32655910e+01 -7.59456712e+00 -5.90352272e+00 -8.84800617e+00 -1.79081175e+00]
     [-2.25459749e+00  1.09136312e+01  6.75003693e+01  6.72147644e+00 -8.59698845e+00  8.14908737e+00 -8.31289310e+00  1.03418796e+01  7.64900401e+00  6.58611405e+00  0.00000000e+00 -4.35861742e+01 -2.70888124e+00 -1.04149428e+00  2.72496451e+00  1.29456708e+01]
     [-2.91182554e+00 -7.97026182e+00  6.72147644e+00  6.09383722e+01  1.18550359e+01 -3.43828956e+00  4.22413331e+00 -6.08058399e+00  8.68182160e+00  1.32655910e+01  4.35861742e+01  0.00000000e+00 -1.18376340e+01  3.07636294e+00 -3.38066831e+00 -2.76293618e+00]
     [-2.92058616e+00 -6.67050630e+00 -8.59698845e+00  1.18550359e+01  2.66131676e+01 -6.81789189e+00 -2.59863458e+00 -3.85356268e+00 -3.14896488e+00  7.59456712e+00  2.70888124e+00  1.18376340e+01  0.00000000e+00 -9.80941176e+00 -3.02991003e+00 -3.29107174e+00]
     [-3.81888267e-02  9.91145234e-01  8.14908737e+00 -3.43828956e+00 -6.81789189e+00  3.31455289e+01 -9.64410368e-01  4.00166002e-01 -1.23933335e+00  5.90352272e+00  1.04149428e+00 -3.07636294e+00  9.80941176e+00  0.00000000e+00 -7.38239851e-01  4.25827531e+00]
     [-1.08362155e-01 -2.42553624e+00 -8.31289310e+00  4.22413331e+00 -2.59863458e+00 -9.64410368e-01  3.77674878e+01  8.65290678e+00 -6.93817767e-01  8.84800617e+00 -2.72496451e+00  3.38066831e+00  3.02991003e+00  7.38239851e-01  0.00000000e+00 -2.41383340e+01]
     [-3.95175214e+00 -3.92551372e+00  1.03418796e+01 -6.08058399e+00 -3.85356268e+00  4.00166002e-01  8.65290678e+00  4.20544365e+01  6.24383361e+00  1.79081175e+00 -1.29456708e+01  2.76293618e+00  3.29107174e+00 -4.25827531e+00  2.41383340e+01  0.00000000e+00]
     [ 0.00000000e+00  1.62247276e+01  7.64900401e+00  8.68182160e+00 -3.14896488e+00 -1.23933335e+00 -6.93817767e-01  6.24383361e+00  2.90610610e+01 -2.36770714e+00 -2.25459749e+00 -2.91182554e+00 -2.92058616e+00 -3.81888267e-02 -1.08362155e-01 -3.95175214e+00]
     [-1.62247276e+01  0.00000000e+00  6.58611405e+00  1.32655910e+01  7.59456712e+00  5.90352272e+00  8.84800617e+00  1.79081175e+00 -2.36770714e+00  4.19916351e+01  1.09136312e+01 -7.97026182e+00 -6.67050630e+00  9.91145234e-01 -2.42553624e+00 -3.92551372e+00]
     [-7.64900401e+00 -6.58611405e+00  0.00000000e+00  4.35861742e+01  2.70888124e+00  1.04149428e+00 -2.72496451e+00 -1.29456708e+01 -2.25459749e+00  1.09136312e+01  6.75003693e+01  6.72147644e+00 -8.59698845e+00  8.14908737e+00 -8.31289310e+00  1.03418796e+01]
     [-8.68182160e+00 -1.32655910e+01 -4.35861742e+01  0.00000000e+00  1.18376340e+01 -3.07636294e+00  3.38066831e+00  2.76293618e+00 -2.91182554e+00 -7.97026182e+00  6.72147644e+00  6.09383722e+01  1.18550359e+01 -3.43828956e+00  4.22413331e+00 -6.08058399e+00]
     [ 3.14896488e+00 -7.59456712e+00 -2.70888124e+00 -1.18376340e+01  0.00000000e+00  9.80941176e+00  3.02991003e+00  3.29107174e+00 -2.92058616e+00 -6.67050630e+00 -8.59698845e+00  1.18550359e+01  2.66131676e+01 -6.81789189e+00 -2.59863458e+00 -3.85356268e+00]
     [ 1.23933335e+00 -5.90352272e+00 -1.04149428e+00  3.07636294e+00 -9.80941176e+00  0.00000000e+00  7.38239851e-01 -4.25827531e+00 -3.81888267e-02  9.91145234e-01  8.14908737e+00 -3.43828956e+00 -6.81789189e+00  3.31455289e+01 -9.64410368e-01  4.00166002e-01]
