b=4, chi=2, seed=561, 
NOR:
    iter_times, elapsed_time, sqdiff: 1, 0.0026640892028808594, 7.261083989555983
    MSN: Tensor(
        [[ 1.01874507-1.31485484j  0.00945746-0.37189005j -0.43213087-0.34012927j  1.04864909+0.38530707j]
         [-0.46331049+1.02797767j -0.37147628-0.71162866j  0.3141566 -0.27463001j -1.55836757-1.29759064j]
         [ 0.60685449+0.97695298j  0.59121884+0.27962656j  0.43360219-0.07629611j  0.02295897+0.75501848j]
         [ 0.35045309+0.32549578j  0.71129   -0.25408919j  0.38003468-0.12997308j  0.62684459-0.21655169j]]
        labels=['kl', 'kr'],
        shape=(4, 4),
    )
    grad_by_reM_reM: Tensor(
        [-3.06620022+5.55111512e-16j -4.61918067+1.11022302e-15j -3.8577123 -1.22124533e-15j -4.12201142+7.77156117e-16j -2.11482736-1.99840144e-15j  1.57103683-3.55271368e-15j  3.19034367+0.00000000e+00j  2.4831173 +8.88178420e-16j]
        labels=[('kl', 'UCkwaFOB')],
        shape=(8,),
    )
    grad_by_imM_imM: Tensor(
        [-1.10570956+1.33226763e-15j  2.51167134+4.44089210e-16j  0.70585687+8.88178420e-16j  1.92271847+8.88178420e-16j -2.74496348+2.44249065e-15j -0.08261706+2.66453526e-15j  6.15655304-4.88498131e-15j  7.30907806-6.66133815e-16j]
        labels=[('kl', 'UCkwaFOB')],
        shape=(8,),
    )
    hessian_by_M_M: [[ 51.56164258  22.21868934  -8.00806677  16.23541884   1.63080959  -7.87985162  -0.27874514  -6.9298304    0.          -2.80883741  -2.63345747   6.79917398 -18.66025885 -10.67856592  20.42323134   5.01912077]
     [ 22.21868934  38.81631625  -2.75665132   1.97498191   3.20695689  -1.84638606  -9.75237039  -3.02756499   2.80883741   0.          -1.38887277  13.15569461   9.22972745 -11.63313839   2.03618966  -2.94623172]
     [ -8.00806677  -2.75665132  46.75329532  -5.69250658   0.81770313   7.76581742  -1.41264967  -4.28425308   2.63345747   1.38887277   0.           6.74264802  -2.82130337  -5.47123601 -11.49849609 -10.86036352]
     [ 16.23541884   1.97498191  -5.69250658  64.03459917  -0.51028527 -12.22958128  14.93342609  -2.18962901  -6.79917398 -13.15569461  -6.74264802   0.           5.03085374  -4.9073556   14.08221654  -0.10015189]
     [  1.63080959   3.20695689   0.81770313  -0.51028527  56.0354372   11.90670285 -22.59534906 -10.51331629  18.66025885  -9.22972745   2.82130337  -5.03085374   0.         -12.30706135  -1.14978004   1.8158875 ]
     [ -7.87985162  -1.84638606   7.76581742 -12.22958128  11.90670285  38.47720471  -1.4599078   -3.40003349  10.67856592  11.63313839   5.47123601   4.9073556   12.30706135   0.         -10.3736593   -9.57563297]
     [ -0.27874514  -9.75237039  -1.41264967  14.93342609 -22.59534906  -1.4599078   42.54675328   6.39673234 -20.42323134  -2.03618966  11.49849609 -14.08221654   1.14978004  10.3736593    0.          -1.52904298]
     [ -6.9298304   -3.02756499  -4.28425308  -2.18962901 -10.51331629  -3.40003349   6.39673234  54.79262728  -5.01912077   2.94623172  10.86036352   0.10015189  -1.8158875    9.57563297   1.52904298   0.        ]
     [  0.           2.80883741   2.63345747  -6.79917398  18.66025885  10.67856592 -20.42323134  -5.01912077  51.56164258  22.21868934  -8.00806677  16.23541884   1.63080959  -7.87985162  -0.27874514  -6.9298304 ]
     [ -2.80883741   0.           1.38887277 -13.15569461  -9.22972745  11.63313839  -2.03618966   2.94623172  22.21868934  38.81631625  -2.75665132   1.97498191   3.20695689  -1.84638606  -9.75237039  -3.02756499]
     [ -2.63345747  -1.38887277   0.          -6.74264802   2.82130337   5.47123601  11.49849609  10.86036352  -8.00806677  -2.75665132  46.75329532  -5.69250658   0.81770313   7.76581742  -1.41264967  -4.28425308]
     [  6.79917398  13.15569461   6.74264802   0.          -5.03085374   4.9073556  -14.08221654   0.10015189  16.23541884   1.97498191  -5.69250658  64.03459917  -0.51028527 -12.22958128  14.93342609  -2.18962901]
     [-18.66025885   9.22972745  -2.82130337   5.03085374   0.          12.30706135   1.14978004  -1.8158875    1.63080959   3.20695689   0.81770313  -0.51028527  56.0354372   11.90670285 -22.59534906 -10.51331629]
     [-10.67856592 -11.63313839  -5.47123601  -4.9073556  -12.30706135   0.          10.3736593    9.57563297  -7.87985162  -1.84638606   7.76581742 -12.22958128  11.90670285  38.47720471  -1.4599078   -3.40003349]
     [ 20.42323134   2.03618966 -11.49849609  14.08221654  -1.14978004 -10.3736593    0.           1.52904298  -0.27874514  -9.75237039  -1.41264967  14.93342609 -22.59534906  -1.4599078   42.54675328   6.39673234]
     [  5.01912077  -2.94623172 -10.86036352  -0.10015189   1.8158875   -9.57563297  -1.52904298   0.          -6.9298304   -3.02756499  -4.28425308  -2.18962901 -10.51331629  -3.40003349   6.39673234  54.79262728]]
    eigvals of hessian_by_M_M: [  7.44759866   7.44759866  12.9672655   12.9672655   25.27580812  25.27580812  40.01625831  40.01625831  50.37692716  50.37692716  58.28731584  58.28731584  75.59487436  75.59487436 123.05182784 123.05182784]
WCOR:
    iter_times, elapsed_time, sqdiff: 1, 0.00442814826965332, 11.067860085442248
    MSN: Tensor(
        [[ 1.06726585-1.64421601j -0.2102152 -0.61164158j -0.47098884-0.30469616j  0.95981498+0.31408432j]
         [-0.46990564+1.13895292j -0.67064514-0.68790885j  0.12023978-0.45473567j -1.5154578 -1.45285563j]
         [ 0.92254129+0.72895463j  0.62832   +0.03449875j  0.29585238-0.16949342j  0.04021686+0.74273656j]
         [ 0.21503713+0.06549479j  0.51128988-0.42421864j  0.27408788-0.1527292j   0.58888291-0.27342708j]]
        labels=['kl', 'kr'],
        shape=(4, 4),
    )
    grad_by_reM_reM: Tensor(
        [-5.37917766+6.66133815e-16j -4.75096313-4.44089210e-16j -5.65995909+2.22044605e-15j  0.48523606+1.11022302e-15j -7.47709565-1.77635684e-15j -1.7541976 +4.44089210e-16j  7.19417547-1.77635684e-15j  5.21623945-2.22044605e-16j]
        labels=[('kl', 'UCkwaFOB')],
        shape=(8,),
    )
    grad_by_imM_imM: Tensor(
        [ 0.3591715 +8.88178420e-16j  3.06847684-4.44089210e-16j  2.69865384+8.88178420e-16j  2.8819669 -1.69309011e-15j -2.49926805-2.22044605e-15j  5.18579364-1.66533454e-15j 12.29688197+1.77635684e-15j  1.00507988+1.33226763e-15j]
        labels=[('kl', 'UCkwaFOB')],
        shape=(8,),
    )
    hessian_by_M_M: [[ 5.04380697e+01  1.55221395e+01 -5.85020752e+00  1.58078495e+01 -2.83695148e-01 -9.42355489e+00 -9.23241912e-01 -2.46516474e+00  0.00000000e+00 -6.58572815e+00 -4.37592650e+00  5.01837640e+00 -1.69545102e+01 -8.72508844e+00  1.90656194e+01  4.31997494e+00]
     [ 1.55221395e+01  3.32006525e+01  9.98048911e-01  2.02544629e+00  9.52051555e-01  2.31615650e+00 -1.13111693e+01  4.79659712e-02  6.58572815e+00  0.00000000e+00 -1.39321638e+00  1.45984580e+01  1.09782792e+01 -1.35337237e+01 -1.89239511e+00 -4.07088171e+00]
     [-5.85020752e+00  9.98048911e-01  4.46855576e+01 -5.23666151e+00 -1.63230912e-01  4.95582900e+00 -3.97653622e+00 -5.40264974e+00  4.37592650e+00  1.39321638e+00  0.00000000e+00  1.48015509e+01 -3.73757054e+00 -7.96238869e+00 -7.48910483e+00 -9.31985720e+00]
     [ 1.58078495e+01  2.02544629e+00 -5.23666151e+00  6.47168063e+01 -3.75519642e+00 -1.43299322e+01  1.26246300e+01 -7.50489607e-01 -5.01837640e+00 -1.45984580e+01 -1.48015509e+01  0.00000000e+00  7.11323775e+00 -5.25962639e+00  1.79480974e+01 -3.62524339e+00]
     [-2.83695148e-01  9.52051555e-01 -1.63230912e-01 -3.75519642e+00  5.20377698e+01  3.66974910e+00 -2.20916293e+01 -7.00786235e+00  1.69545102e+01 -1.09782792e+01  3.73757054e+00 -7.11323775e+00  0.00000000e+00 -1.45510829e+01  1.72756332e-01  7.90622413e+00]
     [-9.42355489e+00  2.31615650e+00  4.95582900e+00 -1.43299322e+01  3.66974910e+00  4.07538751e+01  1.78359932e+00 -5.50678799e+00  8.72508844e+00  1.35337237e+01  7.96238869e+00  5.25962639e+00  1.45510829e+01  0.00000000e+00 -1.27100147e+01 -8.13189517e+00]
     [-9.23241912e-01 -1.13111693e+01 -3.97653622e+00  1.26246300e+01 -2.20916293e+01  1.78359932e+00  4.20885523e+01  5.51491865e+00 -1.90656194e+01  1.89239511e+00  7.48910483e+00 -1.79480974e+01 -1.72756332e-01  1.27100147e+01  0.00000000e+00  1.66763958e+00]
     [-2.46516474e+00  4.79659712e-02 -5.40264974e+00 -7.50489607e-01 -7.00786235e+00 -5.50678799e+00  5.51491865e+00  5.53043825e+01 -4.31997494e+00  4.07088171e+00  9.31985720e+00  3.62524339e+00 -7.90622413e+00  8.13189517e+00 -1.66763958e+00  0.00000000e+00]
     [ 0.00000000e+00  6.58572815e+00  4.37592650e+00 -5.01837640e+00  1.69545102e+01  8.72508844e+00 -1.90656194e+01 -4.31997494e+00  5.04380697e+01  1.55221395e+01 -5.85020752e+00  1.58078495e+01 -2.83695148e-01 -9.42355489e+00 -9.23241912e-01 -2.46516474e+00]
     [-6.58572815e+00  0.00000000e+00  1.39321638e+00 -1.45984580e+01 -1.09782792e+01  1.35337237e+01  1.89239511e+00  4.07088171e+00  1.55221395e+01  3.32006525e+01  9.98048911e-01  2.02544629e+00  9.52051555e-01  2.31615650e+00 -1.13111693e+01  4.79659712e-02]
     [-4.37592650e+00 -1.39321638e+00  0.00000000e+00 -1.48015509e+01  3.73757054e+00  7.96238869e+00  7.48910483e+00  9.31985720e+00 -5.85020752e+00  9.98048911e-01  4.46855576e+01 -5.23666151e+00 -1.63230912e-01  4.95582900e+00 -3.97653622e+00 -5.40264974e+00]
     [ 5.01837640e+00  1.45984580e+01  1.48015509e+01  0.00000000e+00 -7.11323775e+00  5.25962639e+00 -1.79480974e+01  3.62524339e+00  1.58078495e+01  2.02544629e+00 -5.23666151e+00  6.47168063e+01 -3.75519642e+00 -1.43299322e+01  1.26246300e+01 -7.50489607e-01]
     [-1.69545102e+01  1.09782792e+01 -3.73757054e+00  7.11323775e+00  0.00000000e+00  1.45510829e+01 -1.72756332e-01 -7.90622413e+00 -2.83695148e-01  9.52051555e-01 -1.63230912e-01 -3.75519642e+00  5.20377698e+01  3.66974910e+00 -2.20916293e+01 -7.00786235e+00]
     [-8.72508844e+00 -1.35337237e+01 -7.96238869e+00 -5.25962639e+00 -1.45510829e+01  0.00000000e+00  1.27100147e+01  8.13189517e+00 -9.42355489e+00  2.31615650e+00  4.95582900e+00 -1.43299322e+01  3.66974910e+00  4.07538751e+01  1.78359932e+00 -5.50678799e+00]
     [ 1.90656194e+01 -1.89239511e+00 -7.48910483e+00  1.79480974e+01  1.72756332e-01 -1.27100147e+01  0.00000000e+00 -1.66763958e+00 -9.23241912e-01 -1.13111693e+01 -3.97653622e+00  1.26246300e+01 -2.20916293e+01  1.78359932e+00  4.20885523e+01  5.51491865e+00]
     [ 4.31997494e+00 -4.07088171e+00 -9.31985720e+00 -3.62524339e+00  7.90622413e+00 -8.13189517e+00  1.66763958e+00  0.00000000e+00 -2.46516474e+00  4.79659712e-02 -5.40264974e+00 -7.50489607e-01 -7.00786235e+00 -5.50678799e+00  5.51491865e+00  5.53043825e+01]]
    eigvals of hessian_by_M_M: [  7.05030034   7.05030034  12.15777732  12.15777732  23.0914412   23.0914412   39.27125865  39.27125865  47.95689362  47.95689362  54.72344768  54.72344768  79.12178801  79.12178801 119.85275895 119.85275895]
WROR:
    iter_times, elapsed_time, sqdiff: 1, 0.00626826286315918, 24.891429499043475
    MSN: Tensor(
        [[ 0.66112884-2.00242178j -0.89845307-0.48549899j -0.55231646+0.02707204j  0.5334163 +0.48652213j]
         [-0.72270963+1.1271433j  -1.32703436-0.32665093j -0.17360728-0.59739036j -1.54229393-1.63037724j]
         [ 1.18829382+0.28265911j  0.47021975-0.3458148j   0.00399965-0.19407486j -0.11836026+0.57693086j]
         [ 0.03038324-0.23891529j  0.18195268-0.58257265j  0.16428054-0.12948383j  0.50079018-0.32961704j]]
        labels=['kl', 'kr'],
        shape=(4, 4),
    )
    grad_by_reM_reM: Tensor(
        [-2.29518968+0.00000000e+00j -1.21054483+8.88178420e-16j -1.10976577+2.66453526e-15j  5.7952411 -1.99840144e-15j -4.47963906-1.77635684e-15j -4.94672218-8.88178420e-16j  0.70959191+1.77635684e-15j  6.84521197-1.77635684e-15j]
        labels=[('kl', 'UCkwaFOB')],
        shape=(8,),
    )
    grad_by_imM_imM: Tensor(
        [  7.86262641+4.44089210e-15j  -0.26046942+1.55431223e-15j   9.8204896 +1.11022302e-15j   3.88567483+2.22044605e-15j  -6.38738569+4.44089210e-16j   9.90913759+1.33226763e-15j  15.67918912-3.55271368e-15j -13.09876769-4.44089210e-16j]
        labels=[('kl', 'UCkwaFOB')],
        shape=(8,),
    )
    hessian_by_M_M: [[ 39.73894555   2.75736298  -1.85113864  12.37988648  -4.18166644  -8.05584274  -1.74747064   5.08618001   0.         -10.05304684  -5.41511999   3.31383258 -11.24399855  -2.54231668  10.90409021  -0.45696339]
     [  2.75736298  37.19095629   9.53982951  -2.19779696  -2.97583859  11.46833282 -11.8989643    1.92204282  10.05304684   0.           4.59342939  17.46669303  10.21362357 -19.85381428 -11.83446135  -0.42918619]
     [ -1.85113864   9.53982951  46.08433682   1.725977    -4.9050217   -0.48657173  -9.15366284  -3.66470402   5.41511999  -4.59342939   0.          27.93256949  -6.79339731  -9.71737218   0.15150312  -8.06551001]
     [ 12.37988648  -2.19779696   1.725977    65.95449026 -11.16532072 -12.62817886   7.813218     3.96967507  -3.31383258 -17.46669303 -27.93256949   0.           8.17630681  -4.28281446  18.7512695  -12.19703189]
     [ -4.18166644  -2.97583859  -4.9050217  -11.16532072  37.47561452  -7.58255661 -13.97888719   4.08449759  11.24399855 -10.21362357   6.79339731  -8.17630681   0.         -11.47037326   1.74324874  12.60963933]
     [ -8.05584274  11.46833282  -0.48657173 -12.62817886  -7.58255661  59.27529778   6.43971778 -16.54256256   2.54231668  19.85381428   9.71737218   4.28281446  11.47037326   0.         -14.88016738  -9.0721584 ]
     [ -1.74747064 -11.8989643   -9.15366284   7.813218   -13.97888719   6.43971778  41.1722397    4.82747958 -10.90409021  11.83446135  -0.15150312 -18.7512695   -1.74324874  14.88016738   0.           7.52683095]
     [  5.08618001   1.92204282  -3.66470402   3.96967507   4.08449759 -16.54256256   4.82747958  61.60071215   0.45696339   0.42918619   8.06551001  12.19703189 -12.60963933   9.0721584   -7.52683095   0.        ]
     [  0.          10.05304684   5.41511999  -3.31383258  11.24399855   2.54231668 -10.90409021   0.45696339  39.73894555   2.75736298  -1.85113864  12.37988648  -4.18166644  -8.05584274  -1.74747064   5.08618001]
     [-10.05304684   0.          -4.59342939 -17.46669303 -10.21362357  19.85381428  11.83446135   0.42918619   2.75736298  37.19095629   9.53982951  -2.19779696  -2.97583859  11.46833282 -11.8989643    1.92204282]
     [ -5.41511999   4.59342939   0.         -27.93256949   6.79339731   9.71737218  -0.15150312   8.06551001  -1.85113864   9.53982951  46.08433682   1.725977    -4.9050217   -0.48657173  -9.15366284  -3.66470402]
     [  3.31383258  17.46669303  27.93256949   0.          -8.17630681   4.28281446 -18.7512695   12.19703189  12.37988648  -2.19779696   1.725977    65.95449026 -11.16532072 -12.62817886   7.813218     3.96967507]
     [-11.24399855  10.21362357  -6.79339731   8.17630681   0.          11.47037326  -1.74324874 -12.60963933  -4.18166644  -2.97583859  -4.9050217  -11.16532072  37.47561452  -7.58255661 -13.97888719   4.08449759]
     [ -2.54231668 -19.85381428  -9.71737218  -4.28281446 -11.47037326   0.          14.88016738   9.0721584   -8.05584274  11.46833282  -0.48657173 -12.62817886  -7.58255661  59.27529778   6.43971778 -16.54256256]
     [ 10.90409021 -11.83446135   0.15150312  18.7512695    1.74324874 -14.88016738   0.          -7.52683095  -1.74747064 -11.8989643   -9.15366284   7.813218   -13.97888719   6.43971778  41.1722397    4.82747958]
     [ -0.45696339  -0.42918619  -8.06551001 -12.19703189  12.60963933  -9.0721584    7.52683095   0.           5.08618001   1.92204282  -3.66470402   3.96967507   4.08449759 -16.54256256   4.82747958  61.60071215]]
    eigvals of hessian_by_M_M: [  5.32707447   5.32707447  13.16028329  13.16028329  21.65827672  21.65827672  31.46118897  31.46118897  42.182601    42.182601    61.25609209  61.25609209  90.28466823  90.28466823 123.16240832 123.16240832]
IWROR:
    iter_times, elapsed_time, sqdiff: 1, 0.004198312759399414, 19.460881613079735
    MSN: Tensor(
        [[ 0.74990001-1.87264429j -0.70089885-0.51869694j -0.51974502-0.14539889j  0.65733849+0.39701703j]
         [-0.70540767+1.06228981j -1.17852968-0.44880101j -0.03820346-0.52572617j -1.59561445-1.53219028j]
         [ 1.11142006+0.33363111j  0.45294798-0.22933595j  0.07652629-0.18774045j -0.0632601 +0.63297638j]
         [ 0.03256316-0.21088714j  0.2307688 -0.50052241j  0.16824241-0.09100774j  0.49187549-0.33243704j]]
        labels=['kl', 'kr'],
        shape=(4, 4),
    )
    grad_by_reM_reM: Tensor(
        [-2.1120422 +4.44089210e-16j -1.85695516+2.44249065e-15j -1.90108799-4.44089210e-16j  4.37345892-4.44089210e-16j -5.21565261+2.44249065e-15j -3.16568227+8.88178420e-16j  2.60308063-5.32907052e-15j  4.92758638+8.88178420e-16j]
        labels=[('kl', 'UCkwaFOB')],
        shape=(8,),
    )
    grad_by_imM_imM: Tensor(
        [  4.25740007+3.99680289e-15j  -0.19360355+1.55431223e-15j   7.65068641+2.44249065e-15j   4.41161281-4.44089210e-16j  -3.60093237+0.00000000e+00j   9.03897742-4.44089210e-16j  15.27342545-4.44089210e-16j -10.55950352+1.77635684e-15j]
        labels=[('kl', 'UCkwaFOB')],
        shape=(8,),
    )
    hessian_by_M_M: [[ 3.68956723e+01  5.08985132e+00 -2.10213604e+00  1.15325728e+01 -3.48168324e+00 -8.29893038e+00 -1.60929756e+00  2.87717018e+00  0.00000000e+00 -9.51163969e+00 -4.55634561e+00  3.43568002e+00 -1.04676275e+01 -3.21839907e+00  1.11686312e+01 -2.77759835e-02]
     [ 5.08985132e+00  3.39860468e+01  6.57731150e+00 -2.25962198e+00 -1.59124907e+00  9.11097414e+00 -1.11496230e+01  1.45294093e+00  9.51163969e+00  0.00000000e+00  2.90378083e+00  1.60373590e+01  9.86731389e+00 -1.78391112e+01 -8.72518302e+00  3.11564008e-02]
     [-2.10213604e+00  6.57731150e+00  3.78435803e+01  5.13827594e-01 -2.35336664e+00  4.85522439e-01 -6.77283721e+00 -4.82375768e+00  4.55634561e+00 -2.90378083e+00  0.00000000e+00  1.97773257e+01 -5.21439783e+00 -8.32231463e+00 -2.57030569e-01 -6.70475611e+00]
     [ 1.15325728e+01 -2.25962198e+00  5.13827594e-01  5.86263957e+01 -7.85531343e+00 -1.10003054e+01  8.31146156e+00  3.44664151e+00 -3.43568002e+00 -1.60373590e+01 -1.97773257e+01  0.00000000e+00  6.22158065e+00 -3.21165494e+00  1.67539423e+01 -9.83769270e+00]
     [-3.48168324e+00 -1.59124907e+00 -2.35336664e+00 -7.85531343e+00  3.39626237e+01 -4.94124223e+00 -1.37457222e+01  2.47966246e+00  1.04676275e+01 -9.86731389e+00  5.21439783e+00 -6.22158065e+00  0.00000000e+00 -1.27890198e+01  7.69433472e-01  1.02259722e+01]
     [-8.29893038e+00  9.11097414e+00  4.85522439e-01 -1.10003054e+01 -4.94124223e+00  5.09741394e+01  5.63525195e+00 -1.28310661e+01  3.21839907e+00  1.78391112e+01  8.32231463e+00  3.21165494e+00  1.27890198e+01  0.00000000e+00 -1.40971919e+01 -8.56043832e+00]
     [-1.60929756e+00 -1.11496230e+01 -6.77283721e+00  8.31146156e+00 -1.37457222e+01  5.63525195e+00  3.50908495e+01  3.95127663e+00 -1.11686312e+01  8.72518302e+00  2.57030569e-01 -1.67539423e+01 -7.69433472e-01  1.40971919e+01  0.00000000e+00  4.23070181e+00]
     [ 2.87717018e+00  1.45294093e+00 -4.82375768e+00  3.44664151e+00  2.47966246e+00 -1.28310661e+01  3.95127663e+00  5.45285527e+01  2.77759835e-02 -3.11564008e-02  6.70475611e+00  9.83769270e+00 -1.02259722e+01  8.56043832e+00 -4.23070181e+00  0.00000000e+00]
     [ 0.00000000e+00  9.51163969e+00  4.55634561e+00 -3.43568002e+00  1.04676275e+01  3.21839907e+00 -1.11686312e+01  2.77759835e-02  3.68956723e+01  5.08985132e+00 -2.10213604e+00  1.15325728e+01 -3.48168324e+00 -8.29893038e+00 -1.60929756e+00  2.87717018e+00]
     [-9.51163969e+00  0.00000000e+00 -2.90378083e+00 -1.60373590e+01 -9.86731389e+00  1.78391112e+01  8.72518302e+00 -3.11564008e-02  5.08985132e+00  3.39860468e+01  6.57731150e+00 -2.25962198e+00 -1.59124907e+00  9.11097414e+00 -1.11496230e+01  1.45294093e+00]
     [-4.55634561e+00  2.90378083e+00  0.00000000e+00 -1.97773257e+01  5.21439783e+00  8.32231463e+00  2.57030569e-01  6.70475611e+00 -2.10213604e+00  6.57731150e+00  3.78435803e+01  5.13827594e-01 -2.35336664e+00  4.85522439e-01 -6.77283721e+00 -4.82375768e+00]
     [ 3.43568002e+00  1.60373590e+01  1.97773257e+01  0.00000000e+00 -6.22158065e+00  3.21165494e+00 -1.67539423e+01  9.83769270e+00  1.15325728e+01 -2.25962198e+00  5.13827594e-01  5.86263957e+01 -7.85531343e+00 -1.10003054e+01  8.31146156e+00  3.44664151e+00]
     [-1.04676275e+01  9.86731389e+00 -5.21439783e+00  6.22158065e+00  0.00000000e+00  1.27890198e+01 -7.69433472e-01 -1.02259722e+01 -3.48168324e+00 -1.59124907e+00 -2.35336664e+00 -7.85531343e+00  3.39626237e+01 -4.94124223e+00 -1.37457222e+01  2.47966246e+00]
     [-3.21839907e+00 -1.78391112e+01 -8.32231463e+00 -3.21165494e+00 -1.27890198e+01  0.00000000e+00  1.40971919e+01  8.56043832e+00 -8.29893038e+00  9.11097414e+00  4.85522439e-01 -1.10003054e+01 -4.94124223e+00  5.09741394e+01  5.63525195e+00 -1.28310661e+01]
     [ 1.11686312e+01 -8.72518302e+00 -2.57030569e-01  1.67539423e+01  7.69433472e-01 -1.40971919e+01  0.00000000e+00 -4.23070181e+00 -1.60929756e+00 -1.11496230e+01 -6.77283721e+00  8.31146156e+00 -1.37457222e+01  5.63525195e+00  3.50908495e+01  3.95127663e+00]
     [-2.77759835e-02  3.11564008e-02 -6.70475611e+00 -9.83769270e+00  1.02259722e+01 -8.56043832e+00  4.23070181e+00  0.00000000e+00  2.87717018e+00  1.45294093e+00 -4.82375768e+00  3.44664151e+00  2.47966246e+00 -1.28310661e+01  3.95127663e+00  5.45285527e+01]]
    eigvals of hessian_by_M_M: [  5.1643218    5.1643218   11.74891501  11.74891501  19.60490423  19.60490423  30.13369847  30.13369847  38.09766791  38.09766791  52.97647412  52.97647412  75.92080559  75.92080559 108.26107327 108.26107327]
WLBOR:
    iter_times, elapsed_time, sqdiff: 1, 0.010286808013916016, 7.237118016118009
    MSN: Tensor(
        [[ 1.0010752 -1.29222272j  0.00762358-0.35938211j -0.43375928-0.34953313j  1.03658433+0.38172395j]
         [-0.47362669+1.00492958j -0.36158297-0.71023494j  0.32223632-0.25674499j -1.54628247-1.27756792j]
         [ 0.59237468+0.98144602j  0.59371686+0.28670753j  0.44843116-0.06905824j  0.0258048 +0.74545114j]
         [ 0.36224272+0.32982364j  0.72375323-0.25011389j  0.38971269-0.13047995j  0.62673928-0.21357777j]]
        labels=['kl', 'kr'],
        shape=(4, 4),
    )
    grad_by_reM_reM: Tensor(
        [-2.38200961+3.33066907e-16j -4.18284684+0.00000000e+00j -3.54099028-7.77156117e-16j -4.26158434-6.66133815e-16j -1.59487962-4.44089210e-16j  1.99757172+4.44089210e-16j  2.55403451-2.66453526e-15j  2.24980385+0.00000000e+00j]
        labels=[('kl', 'UCkwaFOB')],
        shape=(8,),
    )
    grad_by_imM_imM: Tensor(
        [-0.89328471+2.22044605e-16j  2.38667569-4.44089210e-16j  0.70299719-8.88178420e-16j  2.81522526+0.00000000e+00j -3.00677766-7.77156117e-16j -0.56563385-3.33066907e-16j  6.27597098-2.22044605e-15j  7.16824583+8.88178420e-16j]
        labels=[('kl', 'UCkwaFOB')],
        shape=(8,),
    )
    hessian_by_M_M: [[ 5.11301596e+01  2.18842294e+01 -8.08906891e+00  1.60330905e+01  1.54204277e+00 -7.87077429e+00 -2.34458711e-01 -6.92253155e+00  0.00000000e+00 -2.68008157e+00 -2.64586808e+00  6.63105294e+00 -1.84392672e+01 -1.04431241e+01  2.01682692e+01  4.91058748e+00]
     [ 2.18842294e+01  3.85698073e+01 -2.73019506e+00  1.68611127e+00  3.19150004e+00 -2.00184668e+00 -9.73108628e+00 -3.08099293e+00  2.68008157e+00  0.00000000e+00 -1.48789577e+00  1.29990690e+01  9.30950078e+00 -1.14740604e+01  2.05588149e+00 -2.79752621e+00]
     [-8.08906891e+00 -2.73019506e+00  4.70182770e+01 -6.07551968e+00  7.72845273e-01  7.79819308e+00 -1.54388027e+00 -4.29195089e+00  2.64586808e+00  1.48789577e+00  0.00000000e+00  6.50040035e+00 -2.94596177e+00 -5.33194184e+00 -1.15018146e+01 -1.08087577e+01]
     [ 1.60330905e+01  1.68611127e+00 -6.07551968e+00  6.32221078e+01 -2.99904302e-01 -1.17984076e+01  1.48571706e+01 -2.28634410e+00 -6.63105294e+00 -1.29990690e+01 -6.50040035e+00  0.00000000e+00  4.92811547e+00 -4.73474857e+00  1.39676796e+01 -4.54692343e-02]
     [ 1.54204277e+00  3.19150004e+00  7.72845273e-01 -2.99904302e-01  5.56740581e+01  1.15793344e+01 -2.22206856e+01 -1.01700890e+01  1.84392672e+01 -9.30950078e+00  2.94596177e+00 -4.92811547e+00  0.00000000e+00 -1.21208315e+01 -1.26682325e+00  1.70792663e+00]
     [-7.87077429e+00 -2.00184668e+00  7.79819308e+00 -1.17984076e+01  1.15793344e+01  3.79214892e+01 -1.36531114e+00 -3.23384949e+00  1.04431241e+01  1.14740604e+01  5.33194184e+00  4.73474857e+00  1.21208315e+01  0.00000000e+00 -1.02269961e+01 -9.60661954e+00]
     [-2.34458711e-01 -9.73108628e+00 -1.54388027e+00  1.48571706e+01 -2.22206856e+01 -1.36531114e+00  4.22563785e+01  5.84915307e+00 -2.01682692e+01 -2.05588149e+00  1.15018146e+01 -1.39676796e+01  1.26682325e+00  1.02269961e+01  0.00000000e+00 -1.67352853e+00]
     [-6.92253155e+00 -3.08099293e+00 -4.29195089e+00 -2.28634410e+00 -1.01700890e+01 -3.23384949e+00  5.84915307e+00  5.40740844e+01 -4.91058748e+00  2.79752621e+00  1.08087577e+01  4.54692343e-02 -1.70792663e+00  9.60661954e+00  1.67352853e+00  0.00000000e+00]
     [ 0.00000000e+00  2.68008157e+00  2.64586808e+00 -6.63105294e+00  1.84392672e+01  1.04431241e+01 -2.01682692e+01 -4.91058748e+00  5.11301596e+01  2.18842294e+01 -8.08906891e+00  1.60330905e+01  1.54204277e+00 -7.87077429e+00 -2.34458711e-01 -6.92253155e+00]
     [-2.68008157e+00  0.00000000e+00  1.48789577e+00 -1.29990690e+01 -9.30950078e+00  1.14740604e+01 -2.05588149e+00  2.79752621e+00  2.18842294e+01  3.85698073e+01 -2.73019506e+00  1.68611127e+00  3.19150004e+00 -2.00184668e+00 -9.73108628e+00 -3.08099293e+00]
     [-2.64586808e+00 -1.48789577e+00  0.00000000e+00 -6.50040035e+00  2.94596177e+00  5.33194184e+00  1.15018146e+01  1.08087577e+01 -8.08906891e+00 -2.73019506e+00  4.70182770e+01 -6.07551968e+00  7.72845273e-01  7.79819308e+00 -1.54388027e+00 -4.29195089e+00]
     [ 6.63105294e+00  1.29990690e+01  6.50040035e+00  0.00000000e+00 -4.92811547e+00  4.73474857e+00 -1.39676796e+01  4.54692343e-02  1.60330905e+01  1.68611127e+00 -6.07551968e+00  6.32221078e+01 -2.99904302e-01 -1.17984076e+01  1.48571706e+01 -2.28634410e+00]
     [-1.84392672e+01  9.30950078e+00 -2.94596177e+00  4.92811547e+00  0.00000000e+00  1.21208315e+01  1.26682325e+00 -1.70792663e+00  1.54204277e+00  3.19150004e+00  7.72845273e-01 -2.99904302e-01  5.56740581e+01  1.15793344e+01 -2.22206856e+01 -1.01700890e+01]
     [-1.04431241e+01 -1.14740604e+01 -5.33194184e+00 -4.73474857e+00 -1.21208315e+01  0.00000000e+00  1.02269961e+01  9.60661954e+00 -7.87077429e+00 -2.00184668e+00  7.79819308e+00 -1.17984076e+01  1.15793344e+01  3.79214892e+01 -1.36531114e+00 -3.23384949e+00]
     [ 2.01682692e+01  2.05588149e+00 -1.15018146e+01  1.39676796e+01 -1.26682325e+00 -1.02269961e+01  0.00000000e+00  1.67352853e+00 -2.34458711e-01 -9.73108628e+00 -1.54388027e+00  1.48571706e+01 -2.22206856e+01 -1.36531114e+00  4.22563785e+01  5.84915307e+00]
     [ 4.91058748e+00 -2.79752621e+00 -1.08087577e+01 -4.54692343e-02  1.70792663e+00 -9.60661954e+00 -1.67352853e+00  0.00000000e+00 -6.92253155e+00 -3.08099293e+00 -4.29195089e+00 -2.28634410e+00 -1.01700890e+01 -3.23384949e+00  5.84915307e+00  5.40740844e+01]]
    eigvals of hessian_by_M_M: [  7.44422353   7.44422353  13.06601116  13.06601116  25.16417966  25.16417966  39.48040652  39.48040652  50.24662995  50.24662995  58.23006849  58.23006849  74.65893554  74.65893554 121.57590711 121.57590711]
WNAG:
    iter_times, elapsed_time, sqdiff: 1, 0.002930879592895508, 27.370723036077774
    MSN: Tensor(
        [[ 0.59209767-2.02940624j -0.99801605-0.43677034j -0.563919  +0.08616317j  0.47268316+0.52890762j]
         [-0.7576796 +1.12225709j -1.40323349-0.25855538j -0.21517967-0.60929468j -1.54382378-1.64311479j]
         [ 1.20160458+0.23443155j  0.442291  -0.38335715j -0.0323683 -0.18978377j -0.1495076 +0.55842204j]
         [ 0.01089081-0.26045001j  0.15008861-0.59117762j  0.15812072-0.12852763j  0.49254493-0.32853226j]]
        labels=['kl', 'kr'],
        shape=(4, 4),
    )
    grad_by_reM_reM: Tensor(
        [-2.24473585-1.77635684e-15j -0.70245519+4.44089210e-16j -0.71005171+1.77635684e-15j  5.98666223+2.22044605e-16j -3.46181219+2.22044605e-15j -5.68272362+8.88178420e-16j -0.74352582+0.00000000e+00j  7.12481764+1.77635684e-15j]
        labels=[('kl', 'UCkwaFOB')],
        shape=(8,),
    )
    grad_by_imM_imM: Tensor(
        [  9.19419575-1.33226763e-15j  -1.22533535+1.99840144e-15j  11.1804081 -1.99840144e-15j   3.47930885+4.44089210e-16j  -6.97436515+1.33226763e-15j   9.94435439+8.88178420e-16j  15.39418048+1.33226763e-15j -14.31760048+3.55271368e-15j]
        labels=[('kl', 'UCkwaFOB')],
        shape=(8,),
    )
    hessian_by_M_M: [[ 38.87490529   1.27912672  -1.63115166  11.96802706  -4.60475897  -7.35046227  -1.7470509    5.77303905   0.          -9.70168186  -5.40650181   3.09699275 -10.79665108  -1.76490493   9.78883253  -0.98920339]
     [  1.27912672  38.32762029  10.64642138  -2.83886586  -3.62565376  12.47799105 -11.62695228   1.9844215    9.70168186   0.           5.81606859  17.58119554   9.83144381 -20.66646631 -13.11437272   0.24713989]
     [ -1.63115166  10.64642138  48.41415771   2.40291804  -5.91136607  -0.9658566  -10.07542232  -2.90566183   5.40650181  -5.81606859   0.          30.36994319  -7.42581962  -9.72242234   0.69259328  -8.24458972]
     [ 11.96802706  -2.83886586   2.40291804  66.43672464 -12.1189733  -12.25655018   7.18038806   4.36467529  -3.09699275 -17.58119554 -30.36994319   0.           8.44701786  -4.24697456  18.70087442 -13.20566954]
     [ -4.60475897  -3.62565376  -5.91136607 -12.1189733   36.69312021  -8.69456499 -12.84646736   5.40172042  10.79665108  -9.83144381   7.42581962  -8.44701786   0.          -9.93367271   1.83452761  12.60571323]
     [ -7.35046227  12.47799105  -0.9658566  -12.25655018  -8.69456499  62.11441631   6.74392432 -18.26904212   1.76490493  20.66646631   9.72242234   4.24697456   9.93367271   0.         -14.67482316  -9.18632025]
     [ -1.7470509  -11.62695228 -10.07542232   7.18038806 -12.84646736   6.74392432  42.18172742   4.67763294  -9.78883253  13.11437272  -0.69259328 -18.70087442  -1.83452761  14.67482316   0.           8.91611636]
     [  5.77303905   1.9844215   -2.90566183   4.36467529   5.40172042 -18.26904212   4.67763294  62.81163197   0.98920339  -0.24713989   8.24458972  13.20566954 -12.60571323   9.18632025  -8.91611636   0.        ]
     [  0.           9.70168186   5.40650181  -3.09699275  10.79665108   1.76490493  -9.78883253   0.98920339  38.87490529   1.27912672  -1.63115166  11.96802706  -4.60475897  -7.35046227  -1.7470509    5.77303905]
     [ -9.70168186   0.          -5.81606859 -17.58119554  -9.83144381  20.66646631  13.11437272  -0.24713989   1.27912672  38.32762029  10.64642138  -2.83886586  -3.62565376  12.47799105 -11.62695228   1.9844215 ]
     [ -5.40650181   5.81606859   0.         -30.36994319   7.42581962   9.72242234  -0.69259328   8.24458972  -1.63115166  10.64642138  48.41415771   2.40291804  -5.91136607  -0.9658566  -10.07542232  -2.90566183]
     [  3.09699275  17.58119554  30.36994319   0.          -8.44701786   4.24697456 -18.70087442  13.20566954  11.96802706  -2.83886586   2.40291804  66.43672464 -12.1189733  -12.25655018   7.18038806   4.36467529]
     [-10.79665108   9.83144381  -7.42581962   8.44701786   0.           9.93367271  -1.83452761 -12.60571323  -4.60475897  -3.62565376  -5.91136607 -12.1189733   36.69312021  -8.69456499 -12.84646736   5.40172042]
     [ -1.76490493 -20.66646631  -9.72242234  -4.24697456  -9.93367271   0.          14.67482316   9.18632025  -7.35046227  12.47799105  -0.9658566  -12.25655018  -8.69456499  62.11441631   6.74392432 -18.26904212]
     [  9.78883253 -13.11437272   0.69259328  18.70087442   1.83452761 -14.67482316   0.          -8.91611636  -1.7470509  -11.62695228 -10.07542232   7.18038806 -12.84646736   6.74392432  42.18172742   4.67763294]
     [ -0.98920339   0.24713989  -8.24458972 -13.20566954  12.60571323  -9.18632025   8.91611636   0.           5.77303905   1.9844215   -2.90566183   4.36467529   5.40172042 -18.26904212   4.67763294  62.81163197]]
    eigvals of hessian_by_M_M: [  5.23120535   5.23120535  13.366931    13.366931    21.84939427  21.84939427  30.8291788   30.8291788   42.05406402  42.05406402  63.02204512  63.02204512  93.55393306  93.55393306 125.94755221 125.94755221]
SNAG:
    iter_times, elapsed_time, sqdiff: 1, 0.00537109375, 13.392829960087596
    MSN: Tensor(
        [[ 0.9839402 -1.51478112j -0.16614277-0.60006635j -0.42706063-0.62594451j  0.99712784+0.15183744j]
         [-0.67158575+0.87551663j -0.78653867-0.77777855j  0.33974337-0.32847836j -1.76079317-1.25565598j]
         [ 0.90054403+0.45365217j  0.38417645+0.08949273j  0.26379567-0.17379001j  0.08432214+0.79268842j]
         [ 0.02172679-0.14608381j  0.34800958-0.26592339j  0.16756815+0.02487959j  0.45876906-0.34326165j]]
        labels=['kl', 'kr'],
        shape=(4, 4),
    )
    grad_by_reM_reM: Tensor(
        [-4.05425402+4.44089210e-16j -2.84116947-1.66533454e-15j -4.03189029+8.88178420e-16j  1.53825618+6.66133815e-16j -6.47862002+8.88178420e-16j -1.39211951-4.44089210e-16j  7.59606823+1.77635684e-15j  0.45686493-8.88178420e-16j]
        labels=[('kl', 'UCkwaFOB')],
        shape=(8,),
    )
    grad_by_imM_imM: Tensor(
        [-2.54443063-8.88178420e-16j -0.29346496+2.22044605e-16j  3.59335149+0.00000000e+00j  1.06944284-1.44328993e-15j  3.58676512+1.33226763e-15j  6.72329002+1.33226763e-15j 11.47841406-5.32907052e-15j -4.39107674-1.44328993e-15j]
        labels=[('kl', 'UCkwaFOB')],
        shape=(8,),
    )
    hessian_by_M_M: [[ 32.60651647   9.83672759  -3.61034782   9.74361403  -2.30488389  -8.40080085  -1.15614237  -1.73270226   0.          -6.51942812  -2.82347703   2.95854837  -9.14262219  -4.04412435  10.89186674   0.77199259]
     [  9.83672759  29.57384397   1.32090556  -3.33684332   1.02526801   2.77315797  -9.89197599  -0.562669     6.51942812   0.          -0.92746418  12.30255652   9.49720933 -12.80488477  -2.4736409    1.1454161 ]
     [ -3.61034782   1.32090556  30.60986748  -3.58002017   0.8883767    2.86601537  -3.41883478  -5.89669482   2.82347703   0.92746418   0.           4.871686    -3.40487825  -5.07280792  -2.95426882  -5.71307684]
     [  9.74361403  -3.33684332  -3.58002017  44.77965452  -0.9343555   -6.26210354   9.30408459   1.23678889  -2.95854837 -12.30255652  -4.871686     0.           2.58853425  -0.72619798  12.07763114  -5.08990152]
     [ -2.30488389   1.02526801   0.8883767   -0.9343555   30.59318065   0.77542761 -12.06689224  -0.14283601   9.14262219  -9.49720933   3.40487825  -2.58853425   0.         -12.78560783  -1.49970069   4.60189256]
     [ -8.40080085   2.77315797   2.86601537  -6.26210354   0.77542761  34.69705271   3.50017834  -5.66889027   4.04412435  12.80488477   5.07280792   0.72619798  12.78560783   0.         -10.7655977   -8.03169624]
     [ -1.15614237  -9.89197599  -3.41883478   9.30408459 -12.06689224   3.50017834  26.60044531   0.90326558 -10.89186674   2.4736409    2.95426882 -12.07763114   1.49970069  10.7655977    0.          -1.88513417]
     [ -1.73270226  -0.562669    -5.89669482   1.23678889  -0.14283601  -5.66889027   0.90326558  41.38871055  -0.77199259  -1.1454161    5.71307684   5.08990152  -4.60189256   8.03169624   1.88513417   0.        ]
     [  0.           6.51942812   2.82347703  -2.95854837   9.14262219   4.04412435 -10.89186674  -0.77199259  32.60651647   9.83672759  -3.61034782   9.74361403  -2.30488389  -8.40080085  -1.15614237  -1.73270226]
     [ -6.51942812   0.           0.92746418 -12.30255652  -9.49720933  12.80488477   2.4736409   -1.1454161    9.83672759  29.57384397   1.32090556  -3.33684332   1.02526801   2.77315797  -9.89197599  -0.562669  ]
     [ -2.82347703  -0.92746418   0.          -4.871686     3.40487825   5.07280792   2.95426882   5.71307684  -3.61034782   1.32090556  30.60986748  -3.58002017   0.8883767    2.86601537  -3.41883478  -5.89669482]
     [  2.95854837  12.30255652   4.871686     0.          -2.58853425   0.72619798 -12.07763114   5.08990152   9.74361403  -3.33684332  -3.58002017  44.77965452  -0.9343555   -6.26210354   9.30408459   1.23678889]
     [ -9.14262219   9.49720933  -3.40487825   2.58853425   0.          12.78560783   1.49970069  -4.60189256  -2.30488389   1.02526801   0.8883767   -0.9343555   30.59318065   0.77542761 -12.06689224  -0.14283601]
     [ -4.04412435 -12.80488477  -5.07280792  -0.72619798 -12.78560783   0.          10.7655977    8.03169624  -8.40080085   2.77315797   2.86601537  -6.26210354   0.77542761  34.69705271   3.50017834  -5.66889027]
     [ 10.89186674  -2.4736409   -2.95426882  12.07763114  -1.49970069 -10.7655977    0.           1.88513417  -1.15614237  -9.89197599  -3.41883478   9.30408459 -12.06689224   3.50017834  26.60044531   0.90326558]
     [  0.77199259   1.1454161   -5.71307684  -5.08990152   4.60189256  -8.03169624  -1.88513417   0.          -1.73270226  -0.562669    -5.89669482   1.23678889  -0.14283601  -5.66889027   0.90326558  41.38871055]]
    eigvals of hessian_by_M_M: [ 5.38974258  5.38974258 10.39252832 10.39252832 17.26125779 17.26125779 25.27291058 25.27291058 33.8463212  33.8463212  43.4305524  43.4305524  52.42773709 52.42773709 82.82822171 82.82822171]
SSpiral(8):
    iter_times, elapsed_time, sqdiff: 1, 0.008760929107666016, 8.974849652988013
    MSN: Tensor(
        [[ 0.64482499-1.17227123j -0.6281464 -0.30855942j -0.6720615 -0.85671592j  0.31419881+0.23781132j]
         [-1.31995097+0.32710136j -1.40417299-1.32094012j  1.00984046-0.21623682j -1.45058317-1.30482078j]
         [ 1.06628578+0.85695935j  1.28125403-0.06615727j  0.72739525+0.1141418j   0.34336119+0.41259978j]
         [ 1.16753492-0.03356789j  1.24495892-0.21073691j  0.21664122+0.03507672j  0.84224811+0.32020822j]]
        labels=['kl', 'kr'],
        shape=(4, 4),
    )
    grad_by_reM_reM: Tensor(
        [  3.93094043-1.99840144e-15j -10.73439526+1.33226763e-15j   0.45638796+1.99840144e-15j  -3.49805777-5.32907052e-15j   8.20328955-1.77635684e-15j  -6.04284829+0.00000000e+00j  -1.95282038-1.77635684e-15j  -0.45207402+3.55271368e-15j]
        labels=[('kl', 'UCkwaFOB')],
        shape=(8,),
    )
    grad_by_imM_imM: Tensor(
        [ 2.94050018-1.77635684e-15j -0.26258671-8.88178420e-16j  2.01621512+1.77635684e-15j  2.23049028+1.55431223e-15j -6.21221375+0.00000000e+00j  9.58555925-1.77635684e-15j  8.5871408 +2.22044605e-16j -0.7120833 +1.33226763e-15j]
        labels=[('kl', 'UCkwaFOB')],
        shape=(8,),
    )
    hessian_by_M_M: [[ 6.05100829e+01 -6.77149016e+00 -1.07989900e+01  2.16245497e+01 -8.63678093e+00 -1.39231791e+01  2.69489560e-01 -4.01559872e+00  0.00000000e+00  9.86771177e+00 -7.61406676e+00 -1.57408640e-01 -1.60362311e+01  1.88975486e+00  1.78807902e+01 -1.00349872e+01]
     [-6.77149016e+00  8.50464931e+01  1.61091803e+01 -2.57298043e+01 -7.93200581e+00  8.29629798e+00 -1.72332470e+01 -1.03131642e+00 -9.86771177e+00  0.00000000e+00  7.90365112e-01  1.74326892e+01  3.17992038e+01 -3.96197966e+01 -1.09816519e+01  2.21699035e+01]
     [-1.07989900e+01  1.61091803e+01  7.24348968e+01 -2.77780602e+01  3.99744894e-01 -9.48544248e-02 -1.47311625e+01 -1.10992450e+01  7.61406676e+00 -7.90365112e-01  0.00000000e+00  3.05316393e+01 -8.44419460e+00 -2.98753567e+00 -1.38634135e+00 -8.96930470e+00]
     [ 2.16245497e+01 -2.57298043e+01 -2.77780602e+01  9.42216352e+01 -4.04923334e+00 -2.66029176e+00  1.71071756e+01 -9.35482547e-01  1.57408640e-01 -1.74326892e+01 -3.05316393e+01  0.00000000e+00  3.17409417e+00  4.11096874e+00  2.62775935e+01 -2.17116932e+01]
     [-8.63678093e+00 -7.93200581e+00  3.99744894e-01 -4.04923334e+00  5.59825323e+01 -2.98954909e+01 -2.12029826e+01  2.43983440e+01  1.60362311e+01 -3.17992038e+01  8.44419460e+00 -3.17409417e+00  0.00000000e+00 -5.59411639e+00 -3.48507914e+00  6.04715146e+00]
     [-1.39231791e+01  8.29629798e+00 -9.48544248e-02 -2.66029176e+00 -2.98954909e+01  1.05358997e+02  2.20351053e+01 -2.90489521e+01 -1.88975486e+00  3.96197966e+01  2.98753567e+00 -4.11096874e+00  5.59411639e+00  0.00000000e+00 -1.10951419e+01 -1.38397752e+01]
