b=4, chi=2, seed=866, 
NOR:
    iter_times, elapsed_time, sqdiff: 1, 0.003222942352294922, 5.4951076642397805
    MSN: Tensor(
        [[ 0.43194798-0.23203628j  0.20686849-0.31471965j  0.73408636-0.0476036j   0.49505762+0.37486973j]
         [-0.20651732+0.18924272j  0.49475012+0.20718357j -0.97840328+0.66629523j -0.72380036-0.01976185j]
         [ 0.64451182-0.0315013j   0.64950755+0.91029364j -0.44722396-0.61347477j -0.03155452-0.04475114j]
         [-0.74774508-0.45833714j -1.38855431-0.66322084j  0.59350611-1.13800802j  0.76916984-0.81609349j]]
        labels=['kl', 'kr'],
        shape=(4, 4),
    )
    grad_by_reM_reM: Tensor(
        [ 4.09983361+1.77635684e-15j  0.60161434-1.11022302e-15j  1.06158951-3.55271368e-15j  1.91102552-6.66133815e-16j -2.03876856-1.11022302e-16j  2.62816693-6.66133815e-16j  0.62920915+4.44089210e-16j  2.64903916-4.99600361e-16j]
        labels=[('kl', 'JwNIIraU')],
        shape=(8,),
    )
    grad_by_imM_imM: Tensor(
        [-5.10733035+1.33226763e-15j -0.64824186-3.33066907e-16j -5.03896397+1.33226763e-15j  3.12685701+0.00000000e+00j  0.27120629+8.88178420e-16j  0.53690249+8.88178420e-16j -0.02152328+2.22044605e-16j  0.66222502+0.00000000e+00j]
        labels=[('kl', 'JwNIIraU')],
        shape=(8,),
    )
    hessian_by_M_M: [[ 7.57287739e+01  1.22839584e+01 -4.56717022e+00  5.86310383e+00  1.21511176e+00  1.57312951e+00 -4.53955264e+00  3.89315582e+00  0.00000000e+00  2.35843600e-01  6.51116495e+00  5.27728331e+00  1.88103242e+01  4.78267139e+00  1.14126420e+01  5.22437605e+00]
     [ 1.22839584e+01  1.12083262e+01  1.84167228e-01  3.60636972e+00  6.29147720e+00  2.21876405e+00  1.87232579e+00 -2.07089088e+00 -2.35843600e-01  0.00000000e+00  1.64150018e+00 -2.19701672e+00 -2.78866563e+00 -2.64997255e+00  7.00847524e+00  3.75948545e-01]
     [-4.56717022e+00  1.84167228e-01  4.06795488e+01  6.35095693e-01  5.44207343e+00  1.35506061e+00  6.06183180e+00 -4.79390956e+00 -6.51116495e+00 -1.64150018e+00  0.00000000e+00  5.80658815e+00 -2.65215530e+01  1.26536597e+00 -9.02565153e+00 -7.62019831e+00]
     [ 5.86310383e+00  3.60636972e+00  6.35095693e-01  1.85726383e+01  1.00660843e+01  7.80926716e+00 -4.69422345e+00 -1.82972814e+00 -5.27728331e+00  2.19701672e+00 -5.80658815e+00  0.00000000e+00 -3.05224784e+00 -1.65962072e+00  3.79574601e+00  3.67937163e-01]
     [ 1.21511176e+00  6.29147720e+00  5.44207343e+00  1.00660843e+01  7.67964176e+01  1.27556979e+01  8.58389703e-01  4.52577591e+00 -1.88103242e+01  2.78866563e+00  2.65215530e+01  3.05224784e+00  0.00000000e+00  2.57965637e+00  9.50540950e+00 -3.64119186e+00]
     [ 1.57312951e+00  2.21876405e+00  1.35506061e+00  7.80926716e+00  1.27556979e+01  1.99567938e+01  1.57784664e+00 -1.18083927e+00 -4.78267139e+00  2.64997255e+00 -1.26536597e+00  1.65962072e+00 -2.57965637e+00  0.00000000e+00  8.68282837e+00  3.94053913e+00]
     [-4.53955264e+00  1.87232579e+00  6.06183180e+00 -4.69422345e+00  8.58389703e-01  1.57784664e+00  4.53333795e+01  7.11629290e-02 -1.14126420e+01 -7.00847524e+00  9.02565153e+00 -3.79574601e+00 -9.50540950e+00 -8.68282837e+00  0.00000000e+00 -8.46140268e-01]
     [ 3.89315582e+00 -2.07089088e+00 -4.79390956e+00 -1.82972814e+00  4.52577591e+00 -1.18083927e+00  7.11629290e-02  1.81745634e+01 -5.22437605e+00 -3.75948545e-01  7.62019831e+00 -3.67937163e-01  3.64119186e+00 -3.94053913e+00  8.46140268e-01  0.00000000e+00]
     [ 0.00000000e+00 -2.35843600e-01 -6.51116495e+00 -5.27728331e+00 -1.88103242e+01 -4.78267139e+00 -1.14126420e+01 -5.22437605e+00  7.57287739e+01  1.22839584e+01 -4.56717022e+00  5.86310383e+00  1.21511176e+00  1.57312951e+00 -4.53955264e+00  3.89315582e+00]
     [ 2.35843600e-01  0.00000000e+00 -1.64150018e+00  2.19701672e+00  2.78866563e+00  2.64997255e+00 -7.00847524e+00 -3.75948545e-01  1.22839584e+01  1.12083262e+01  1.84167228e-01  3.60636972e+00  6.29147720e+00  2.21876405e+00  1.87232579e+00 -2.07089088e+00]
     [ 6.51116495e+00  1.64150018e+00  0.00000000e+00 -5.80658815e+00  2.65215530e+01 -1.26536597e+00  9.02565153e+00  7.62019831e+00 -4.56717022e+00  1.84167228e-01  4.06795488e+01  6.35095693e-01  5.44207343e+00  1.35506061e+00  6.06183180e+00 -4.79390956e+00]
     [ 5.27728331e+00 -2.19701672e+00  5.80658815e+00  0.00000000e+00  3.05224784e+00  1.65962072e+00 -3.79574601e+00 -3.67937163e-01  5.86310383e+00  3.60636972e+00  6.35095693e-01  1.85726383e+01  1.00660843e+01  7.80926716e+00 -4.69422345e+00 -1.82972814e+00]
     [ 1.88103242e+01 -2.78866563e+00 -2.65215530e+01 -3.05224784e+00  0.00000000e+00 -2.57965637e+00 -9.50540950e+00  3.64119186e+00  1.21511176e+00  6.29147720e+00  5.44207343e+00  1.00660843e+01  7.67964176e+01  1.27556979e+01  8.58389703e-01  4.52577591e+00]
     [ 4.78267139e+00 -2.64997255e+00  1.26536597e+00 -1.65962072e+00  2.57965637e+00  0.00000000e+00 -8.68282837e+00 -3.94053913e+00  1.57312951e+00  2.21876405e+00  1.35506061e+00  7.80926716e+00  1.27556979e+01  1.99567938e+01  1.57784664e+00 -1.18083927e+00]
     [ 1.14126420e+01  7.00847524e+00 -9.02565153e+00  3.79574601e+00  9.50540950e+00  8.68282837e+00  0.00000000e+00  8.46140268e-01 -4.53955264e+00  1.87232579e+00  6.06183180e+00 -4.69422345e+00  8.58389703e-01  1.57784664e+00  4.53333795e+01  7.11629290e-02]
     [ 5.22437605e+00  3.75948545e-01 -7.62019831e+00  3.67937163e-01 -3.64119186e+00  3.94053913e+00 -8.46140268e-01  0.00000000e+00  3.89315582e+00 -2.07089088e+00 -4.79390956e+00 -1.82972814e+00  4.52577591e+00 -1.18083927e+00  7.11629290e-02  1.81745634e+01]]
    eigvals of hessian_by_M_M: [  5.31883418   5.31883418   8.01782389   8.01782389  12.04456304  12.04456304  17.18148841  17.18148841  31.4707583   31.4707583   50.77649671  50.77649671  67.73547218  67.73547218 113.90500487 113.90500487]
WCOR:
    iter_times, elapsed_time, sqdiff: 1, 0.004136800765991211, 7.4201644025427544
    MSN: Tensor(
        [[ 0.35074544-0.09824956j  0.18929052-0.16971022j  0.71542626+0.04658886j  0.39154536+0.38614854j]
         [-0.02704565+0.15192914j  0.52669508+0.18671596j -0.98264979+0.61578754j -0.78046859+0.02671136j]
         [ 0.5525172 +0.21806596j  0.5924951 +0.91625039j -0.30176441-0.50258614j -0.15076676-0.15746323j]
         [-0.91244934-0.40035253j -1.63448768-0.65763481j  0.65379761-1.19874904j  0.94661243-0.80592837j]]
        labels=['kl', 'kr'],
        shape=(4, 4),
    )
    grad_by_reM_reM: Tensor(
        [ 8.24312563+8.88178420e-16j  1.67978699+6.66133815e-16j  1.7935969 -1.77635684e-15j  3.08847892+0.00000000e+00j -0.69252461+2.88657986e-15j  3.49006754+1.33226763e-15j  4.20867914-4.44089210e-16j  2.58542406+0.00000000e+00j]
        labels=[('kl', 'JwNIIraU')],
        shape=(8,),
    )
    grad_by_imM_imM: Tensor(
        [-11.39933188+8.88178420e-16j  -1.2670758 +1.44328993e-15j  -5.1978908 +1.33226763e-15j   2.62731018-4.44089210e-16j   2.09235847-1.77635684e-15j   2.12815683-4.44089210e-16j  -0.58625459+1.77635684e-15j   2.26173093-2.22044605e-16j]
        labels=[('kl', 'JwNIIraU')],
        shape=(8,),
    )
    hessian_by_M_M: [[ 7.58138008e+01  1.08343462e+01 -5.34251899e+00  2.36563013e+00  6.81031610e-01  7.64116398e-01 -3.01514382e+00  3.25803583e+00  0.00000000e+00  3.52665052e+00  9.02336893e+00  3.49832773e+00  1.76205260e+01  3.27264748e+00  1.07834889e+01  4.45179201e+00]
     [ 1.08343462e+01  6.87169808e+00  4.25717769e-01  1.86382509e+00  6.51394385e+00  8.12047965e-01  1.49336232e+00 -6.54259351e-01 -3.52665052e+00  0.00000000e+00  1.30881582e+00 -1.03251942e+00  9.64872803e-02 -7.48853895e-01  4.38827916e+00  1.43381285e-01]
     [-5.34251899e+00  4.25717769e-01  3.96458504e+01  7.47563101e-01  6.82809467e+00  2.14302696e+00  6.71440338e+00 -3.89723303e+00 -9.02336893e+00 -1.30881582e+00  0.00000000e+00  5.70277486e+00 -2.48430544e+01  1.78793788e+00 -7.34507567e+00 -4.07249702e+00]
     [ 2.36563013e+00  1.86382509e+00  7.47563101e-01  1.05055083e+01  7.36217605e+00  4.95946379e+00 -1.64973006e+00 -9.93167728e-01 -3.49832773e+00  1.03251942e+00 -5.70277486e+00  0.00000000e+00 -2.29257387e+00  1.26378670e-02  2.59847312e+00  8.22190731e-01]
     [ 6.81031610e-01  6.51394385e+00  6.82809467e+00  7.36217605e+00  7.91932736e+01  1.07179446e+01  9.47127178e-01  2.06964909e+00 -1.76205260e+01 -9.64872803e-02  2.48430544e+01  2.29257387e+00  0.00000000e+00  7.48139768e+00  8.38143703e+00 -4.25041899e+00]
     [ 7.64116398e-01  8.12047965e-01  2.14302696e+00  4.95946379e+00  1.07179446e+01  1.24487747e+01  1.30441332e+00 -8.58596590e-01 -3.27264748e+00  7.48853895e-01 -1.78793788e+00 -1.26378670e-02 -7.48139768e+00  0.00000000e+00  6.18196728e+00  2.74425496e+00]
     [-3.01514382e+00  1.49336232e+00  6.71440338e+00 -1.64973006e+00  9.47127178e-01  1.30441332e+00  4.67747039e+01  9.84757956e-01 -1.07834889e+01 -4.38827916e+00  7.34507567e+00 -2.59847312e+00 -8.38143703e+00 -6.18196728e+00  0.00000000e+00  1.53956225e+00]
     [ 3.25803583e+00 -6.54259351e-01 -3.89723303e+00 -9.93167728e-01  2.06964909e+00 -8.58596590e-01  9.84757956e-01  9.55646008e+00 -4.45179201e+00 -1.43381285e-01  4.07249702e+00 -8.22190731e-01  4.25041899e+00 -2.74425496e+00 -1.53956225e+00  0.00000000e+00]
     [ 0.00000000e+00 -3.52665052e+00 -9.02336893e+00 -3.49832773e+00 -1.76205260e+01 -3.27264748e+00 -1.07834889e+01 -4.45179201e+00  7.58138008e+01  1.08343462e+01 -5.34251899e+00  2.36563013e+00  6.81031610e-01  7.64116398e-01 -3.01514382e+00  3.25803583e+00]
     [ 3.52665052e+00  0.00000000e+00 -1.30881582e+00  1.03251942e+00 -9.64872803e-02  7.48853895e-01 -4.38827916e+00 -1.43381285e-01  1.08343462e+01  6.87169808e+00  4.25717769e-01  1.86382509e+00  6.51394385e+00  8.12047965e-01  1.49336232e+00 -6.54259351e-01]
     [ 9.02336893e+00  1.30881582e+00  0.00000000e+00 -5.70277486e+00  2.48430544e+01 -1.78793788e+00  7.34507567e+00  4.07249702e+00 -5.34251899e+00  4.25717769e-01  3.96458504e+01  7.47563101e-01  6.82809467e+00  2.14302696e+00  6.71440338e+00 -3.89723303e+00]
     [ 3.49832773e+00 -1.03251942e+00  5.70277486e+00  0.00000000e+00  2.29257387e+00 -1.26378670e-02 -2.59847312e+00 -8.22190731e-01  2.36563013e+00  1.86382509e+00  7.47563101e-01  1.05055083e+01  7.36217605e+00  4.95946379e+00 -1.64973006e+00 -9.93167728e-01]
     [ 1.76205260e+01  9.64872803e-02 -2.48430544e+01 -2.29257387e+00  0.00000000e+00 -7.48139768e+00 -8.38143703e+00  4.25041899e+00  6.81031610e-01  6.51394385e+00  6.82809467e+00  7.36217605e+00  7.91932736e+01  1.07179446e+01  9.47127178e-01  2.06964909e+00]
     [ 3.27264748e+00 -7.48853895e-01  1.78793788e+00  1.26378670e-02  7.48139768e+00  0.00000000e+00 -6.18196728e+00 -2.74425496e+00  7.64116398e-01  8.12047965e-01  2.14302696e+00  4.95946379e+00  1.07179446e+01  1.24487747e+01  1.30441332e+00 -8.58596590e-01]
     [ 1.07834889e+01  4.38827916e+00 -7.34507567e+00  2.59847312e+00  8.38143703e+00  6.18196728e+00  0.00000000e+00 -1.53956225e+00 -3.01514382e+00  1.49336232e+00  6.71440338e+00 -1.64973006e+00  9.47127178e-01  1.30441332e+00  4.67747039e+01  9.84757956e-01]
     [ 4.45179201e+00  1.43381285e-01 -4.07249702e+00  8.22190731e-01 -4.25041899e+00  2.74425496e+00  1.53956225e+00  0.00000000e+00  3.25803583e+00 -6.54259351e-01 -3.89723303e+00 -9.93167728e-01  2.06964909e+00 -8.58596590e-01  9.84757956e-01  9.55646008e+00]]
    eigvals of hessian_by_M_M: [  2.9294011    2.9294011    4.88382534   4.88382534   7.58322991   7.58322991  10.37997364  10.37997364  28.87128464  28.87128464  46.97258861  46.97258861  67.24339519  67.24339519 111.94637144 111.94637144]
WROR:
    iter_times, elapsed_time, sqdiff: 1, 0.0028967857360839844, 10.411491251706495
    MSN: Tensor(
        [[ 0.23427336-0.02631177j  0.17498509-0.11260711j  0.66313439+0.11968303j  0.35530973+0.33302393j]
         [ 0.1362344 +0.10485156j  0.55356736+0.19586043j -0.95242196+0.52805639j -0.78687542+0.08410562j]
         [ 0.44209106+0.39334357j  0.53242638+0.89160794j -0.2008163 -0.41271789j -0.17703269-0.23336893j]
         [-0.99200855-0.38566111j -1.76758582-0.63637459j  0.65760376-1.18544338j  0.97865667-0.78799796j]]
        labels=['kl', 'kr'],
        shape=(4, 4),
    )
    grad_by_reM_reM: Tensor(
        [11.51171331+0.00000000e+00j  2.20774751+4.44089210e-16j  2.46245999+2.22044605e-15j  3.581684  +8.88178420e-16j -0.39831747+2.22044605e-15j  3.84920098+4.44089210e-16j  3.87720941+2.66453526e-15j  2.85102277-2.22044605e-16j]
        labels=[('kl', 'JwNIIraU')],
        shape=(8,),
    )
    grad_by_imM_imM: Tensor(
        [-13.86541726-8.88178420e-16j  -1.56599673-4.44089210e-16j  -5.74995789-3.55271368e-15j   1.82061394-6.66133815e-16j   3.03412607+8.88178420e-16j   2.94137991-6.66133815e-16j  -2.98219949+4.44089210e-16j   3.1299083 -1.33226763e-15j]
        labels=[('kl', 'JwNIIraU')],
        shape=(8,),
    )
    hessian_by_M_M: [[ 7.22732167e+01  9.79773171e+00 -5.04412927e+00  1.49791596e-01 -4.86874780e-01  5.60476224e-01 -1.99091867e+00  3.01783042e+00  0.00000000e+00  4.30679518e+00  9.73076094e+00  2.87934221e+00  1.66832837e+01  1.77723381e+00  9.40753260e+00  4.11995912e+00]
     [ 9.79773171e+00  5.39072294e+00  5.99945672e-01  8.28523865e-01  5.82651075e+00 -2.60608094e-01  5.34484521e-01  2.08134569e-01 -4.30679518e+00  0.00000000e+00  1.18864164e+00 -4.51617771e-01  2.10565559e+00  2.08834949e-01  2.50092234e+00 -1.13653271e-01]
     [-5.04412927e+00  5.99945672e-01  3.73630065e+01  8.64903710e-01  6.41938519e+00  2.13871853e+00  6.56263580e+00 -3.36839996e+00 -9.73076094e+00 -1.18864164e+00  0.00000000e+00  4.88835002e+00 -2.28999191e+01  1.59195794e+00 -5.82905526e+00 -2.05318241e+00]
     [ 1.49791596e-01  8.28523865e-01  8.64903710e-01  6.96253853e+00  6.17122381e+00  3.40211734e+00  1.62709432e-01 -5.64888699e-01 -2.87934221e+00  4.51617771e-01 -4.88835002e+00  0.00000000e+00 -1.31961420e+00  6.65022438e-01  2.26155931e+00  1.09822805e+00]
     [-4.86874780e-01  5.82651075e+00  6.41938519e+00  6.17122381e+00  7.77777587e+01  9.33466401e+00  1.24691341e-02  1.24425019e+00 -1.66832837e+01 -2.10565559e+00  2.28999191e+01  1.31961420e+00  0.00000000e+00  9.53687819e+00  7.45162924e+00 -4.92038661e+00]
     [ 5.60476224e-01 -2.60608094e-01  2.13871853e+00  3.40211734e+00  9.33466401e+00  9.63861795e+00  8.57682133e-01 -6.43020478e-01 -1.77723381e+00 -2.08834949e-01 -1.59195794e+00 -6.65022438e-01 -9.53687819e+00  0.00000000e+00  4.45790458e+00  1.95485008e+00]
     [-1.99091867e+00  5.34484521e-01  6.56263580e+00  1.62709432e-01  1.24691341e-02  8.57682133e-01  4.52827315e+01  2.12552414e+00 -9.40753260e+00 -2.50092234e+00  5.82905526e+00 -2.26155931e+00 -7.45162924e+00 -4.45790458e+00  0.00000000e+00  2.63864344e+00]
     [ 3.01783042e+00  2.08134569e-01 -3.36839996e+00 -5.64888699e-01  1.24425019e+00 -6.43020478e-01  2.12552414e+00  6.37827475e+00 -4.11995912e+00  1.13653271e-01  2.05318241e+00 -1.09822805e+00  4.92038661e+00 -1.95485008e+00 -2.63864344e+00  0.00000000e+00]
     [ 0.00000000e+00 -4.30679518e+00 -9.73076094e+00 -2.87934221e+00 -1.66832837e+01 -1.77723381e+00 -9.40753260e+00 -4.11995912e+00  7.22732167e+01  9.79773171e+00 -5.04412927e+00  1.49791596e-01 -4.86874780e-01  5.60476224e-01 -1.99091867e+00  3.01783042e+00]
     [ 4.30679518e+00  0.00000000e+00 -1.18864164e+00  4.51617771e-01 -2.10565559e+00 -2.08834949e-01 -2.50092234e+00  1.13653271e-01  9.79773171e+00  5.39072294e+00  5.99945672e-01  8.28523865e-01  5.82651075e+00 -2.60608094e-01  5.34484521e-01  2.08134569e-01]
     [ 9.73076094e+00  1.18864164e+00  0.00000000e+00 -4.88835002e+00  2.28999191e+01 -1.59195794e+00  5.82905526e+00  2.05318241e+00 -5.04412927e+00  5.99945672e-01  3.73630065e+01  8.64903710e-01  6.41938519e+00  2.13871853e+00  6.56263580e+00 -3.36839996e+00]
     [ 2.87934221e+00 -4.51617771e-01  4.88835002e+00  0.00000000e+00  1.31961420e+00 -6.65022438e-01 -2.26155931e+00 -1.09822805e+00  1.49791596e-01  8.28523865e-01  8.64903710e-01  6.96253853e+00  6.17122381e+00  3.40211734e+00  1.62709432e-01 -5.64888699e-01]
     [ 1.66832837e+01  2.10565559e+00 -2.28999191e+01 -1.31961420e+00  0.00000000e+00 -9.53687819e+00 -7.45162924e+00  4.92038661e+00 -4.86874780e-01  5.82651075e+00  6.41938519e+00  6.17122381e+00  7.77777587e+01  9.33466401e+00  1.24691341e-02  1.24425019e+00]
     [ 1.77723381e+00  2.08834949e-01  1.59195794e+00  6.65022438e-01  9.53687819e+00  0.00000000e+00 -4.45790458e+00 -1.95485008e+00  5.60476224e-01 -2.60608094e-01  2.13871853e+00  3.40211734e+00  9.33466401e+00  9.63861795e+00  8.57682133e-01 -6.43020478e-01]
     [ 9.40753260e+00  2.50092234e+00 -5.82905526e+00  2.26155931e+00  7.45162924e+00  4.45790458e+00  0.00000000e+00 -2.63864344e+00 -1.99091867e+00  5.34484521e-01  6.56263580e+00  1.62709432e-01  1.24691341e-02  8.57682133e-01  4.52827315e+01  2.12552414e+00]
     [ 4.11995912e+00 -1.13653271e-01 -2.05318241e+00  1.09822805e+00 -4.92038661e+00  1.95485008e+00  2.63864344e+00  0.00000000e+00  3.01783042e+00  2.08134569e-01 -3.36839996e+00 -5.64888699e-01  1.24425019e+00 -6.43020478e-01  2.12552414e+00  6.37827475e+00]]
    eigvals of hessian_by_M_M: [  2.10420518   2.10420518   3.40054359   3.40054359   4.67435736   4.67435736   7.90314588   7.90314588  27.06200742  27.06200742  43.92980395  43.92980395  65.40250408  65.40250408 106.59030015 106.59030015]
IWROR:
    iter_times, elapsed_time, sqdiff: 1, 0.004974842071533203, 10.58611143954365
    MSN: Tensor(
        [[ 0.22849073-0.02685281j  0.17449032-0.11210115j  0.66186732+0.12367108j  0.35082297+0.33001095j]
         [ 0.14528864+0.10287903j  0.55513459+0.19487748j -0.95161147+0.52255174j -0.78454046+0.08600434j]
         [ 0.43990664+0.40105354j  0.53370646+0.89408607j -0.19698061-0.40788752j -0.18569119-0.23772671j]
         [-0.99718847-0.38378239j -1.7703105 -0.63664802j  0.65713469-1.18495109j  0.98734515-0.78278799j]]
        labels=['kl', 'kr'],
        shape=(4, 4),
    )
    grad_by_reM_reM: Tensor(
        [11.70169083+1.77635684e-15j  2.24630948+6.66133815e-16j  2.46202238+0.00000000e+00j  3.61161896+8.88178420e-16j -0.52234886+4.44089210e-16j  3.90880189-6.66133815e-16j  3.88727041+4.44089210e-16j  2.8669325 -8.88178420e-16j]
        labels=[('kl', 'JwNIIraU')],
        shape=(8,),
    )
    grad_by_imM_imM: Tensor(
        [-14.00012903-1.77635684e-15j  -1.54787619+0.00000000e+00j  -5.84638328-2.66453526e-15j   1.75441909+2.22044605e-16j   2.94524204+2.33146835e-15j   2.91322979+2.22044605e-16j  -3.07959511+2.44249065e-15j   3.20554892-8.88178420e-16j]
        labels=[('kl', 'JwNIIraU')],
        shape=(8,),
    )
    hessian_by_M_M: [[ 7.24520161e+01  9.78936717e+00 -5.10491677e+00  6.26799326e-02 -5.05728344e-01  5.35826451e-01 -1.92608217e+00  2.98510029e+00  0.00000000e+00  4.43211967e+00  9.87877234e+00  2.80379659e+00  1.66405458e+01  1.77671920e+00  9.42803989e+00  4.11296906e+00]
     [ 9.78936717e+00  5.38222918e+00  6.24811639e-01  8.01441362e-01  5.83890042e+00 -3.18167741e-01  5.54795119e-01  2.08920035e-01 -4.43211967e+00  0.00000000e+00  1.16003695e+00 -4.24641268e-01  2.20793587e+00  2.58882654e-01  2.42610562e+00 -1.16448315e-01]
     [-5.10491677e+00  6.24811639e-01  3.74193609e+01  8.74544917e-01  6.51334283e+00  2.14297406e+00  6.59222499e+00 -3.35468147e+00 -9.87877234e+00 -1.16003695e+00  0.00000000e+00  4.92848338e+00 -2.28563901e+01  1.63239066e+00 -5.78403332e+00 -1.95474794e+00]
     [ 6.26799326e-02  8.01441362e-01  8.74544917e-01  6.89528183e+00  6.12779897e+00  3.36778665e+00  2.37701186e-01 -5.63394557e-01 -2.80379659e+00  4.24641268e-01 -4.92848338e+00  0.00000000e+00 -1.31187014e+00  6.80130024e-01  2.27228017e+00  1.11928050e+00]
     [-5.05728344e-01  5.83890042e+00  6.51334283e+00  6.12779897e+00  7.80657748e+01  9.31175096e+00  7.83225081e-02  1.17566059e+00 -1.66405458e+01 -2.20793587e+00  2.28563901e+01  1.31187014e+00  0.00000000e+00  9.72351119e+00  7.41659384e+00 -4.92567926e+00]
     [ 5.35826451e-01 -3.18167741e-01  2.14297406e+00  3.36778665e+00  9.31175096e+00  9.60332489e+00  8.21065876e-01 -6.35746528e-01 -1.77671920e+00 -2.58882654e-01 -1.63239066e+00 -6.80130024e-01 -9.72351119e+00  0.00000000e+00  4.37708714e+00  1.92654345e+00]
     [-1.92608217e+00  5.54795119e-01  6.59222499e+00  2.37701186e-01  7.83225081e-02  8.21065876e-01  4.54898534e+01  2.15306444e+00 -9.42803989e+00 -2.42610562e+00  5.78403332e+00 -2.27228017e+00 -7.41659384e+00 -4.37708714e+00  0.00000000e+00  2.75527468e+00]
     [ 2.98510029e+00  2.08920035e-01 -3.35468147e+00 -5.63394557e-01  1.17566059e+00 -6.35746528e-01  2.15306444e+00  6.34521047e+00 -4.11296906e+00  1.16448315e-01  1.95474794e+00 -1.11928050e+00  4.92567926e+00 -1.92654345e+00 -2.75527468e+00  0.00000000e+00]
     [ 0.00000000e+00 -4.43211967e+00 -9.87877234e+00 -2.80379659e+00 -1.66405458e+01 -1.77671920e+00 -9.42803989e+00 -4.11296906e+00  7.24520161e+01  9.78936717e+00 -5.10491677e+00  6.26799326e-02 -5.05728344e-01  5.35826451e-01 -1.92608217e+00  2.98510029e+00]
     [ 4.43211967e+00  0.00000000e+00 -1.16003695e+00  4.24641268e-01 -2.20793587e+00 -2.58882654e-01 -2.42610562e+00  1.16448315e-01  9.78936717e+00  5.38222918e+00  6.24811639e-01  8.01441362e-01  5.83890042e+00 -3.18167741e-01  5.54795119e-01  2.08920035e-01]
     [ 9.87877234e+00  1.16003695e+00  0.00000000e+00 -4.92848338e+00  2.28563901e+01 -1.63239066e+00  5.78403332e+00  1.95474794e+00 -5.10491677e+00  6.24811639e-01  3.74193609e+01  8.74544917e-01  6.51334283e+00  2.14297406e+00  6.59222499e+00 -3.35468147e+00]
     [ 2.80379659e+00 -4.24641268e-01  4.92848338e+00  0.00000000e+00  1.31187014e+00 -6.80130024e-01 -2.27228017e+00 -1.11928050e+00  6.26799326e-02  8.01441362e-01  8.74544917e-01  6.89528183e+00  6.12779897e+00  3.36778665e+00  2.37701186e-01 -5.63394557e-01]
     [ 1.66405458e+01  2.20793587e+00 -2.28563901e+01 -1.31187014e+00  0.00000000e+00 -9.72351119e+00 -7.41659384e+00  4.92567926e+00 -5.05728344e-01  5.83890042e+00  6.51334283e+00  6.12779897e+00  7.80657748e+01  9.31175096e+00  7.83225081e-02  1.17566059e+00]
     [ 1.77671920e+00  2.58882654e-01  1.63239066e+00  6.80130024e-01  9.72351119e+00  0.00000000e+00 -4.37708714e+00 -1.92654345e+00  5.35826451e-01 -3.18167741e-01  2.14297406e+00  3.36778665e+00  9.31175096e+00  9.60332489e+00  8.21065876e-01 -6.35746528e-01]
     [ 9.42803989e+00  2.42610562e+00 -5.78403332e+00  2.27228017e+00  7.41659384e+00  4.37708714e+00  0.00000000e+00 -2.75527468e+00 -1.92608217e+00  5.54795119e-01  6.59222499e+00  2.37701186e-01  7.83225081e-02  8.21065876e-01  4.54898534e+01  2.15306444e+00]
     [ 4.11296906e+00 -1.16448315e-01 -1.95474794e+00  1.11928050e+00 -4.92567926e+00  1.92654345e+00  2.75527468e+00  0.00000000e+00  2.98510029e+00  2.08920035e-01 -3.35468147e+00 -5.63394557e-01  1.17566059e+00 -6.35746528e-01  2.15306444e+00  6.34521047e+00]]
    eigvals of hessian_by_M_M: [  2.07488771   2.07488771   3.36885477   3.36885477   4.62752336   4.62752336   7.86508526   7.86508526  27.20848187  27.20848187  44.03811603  44.03811603  65.63577455  65.63577455 106.83432806 106.83432806]
WLBOR:
    iter_times, elapsed_time, sqdiff: 1, 0.009826898574829102, 5.480617174292909
    MSN: Tensor(
        [[ 0.42373109-0.23894986j  0.20329391-0.32841404j  0.72318043-0.05154118j  0.50271706+0.36309633j]
         [-0.20319137+0.18555301j  0.49722516+0.21070808j -0.96450044+0.66175503j -0.71351496-0.01520418j]
         [ 0.64026214-0.03505804j  0.64746496+0.90663619j -0.46121116-0.61028512j -0.02201606-0.03748699j]
         [-0.73319414-0.45698761j -1.37191488-0.65632156j  0.58717909-1.122943j    0.74421777-0.81759536j]]
        labels=['kl', 'kr'],
        shape=(4, 4),
    )
    grad_by_reM_reM: Tensor(
        [ 4.13225304+4.44089210e-16j  0.45005284+1.11022302e-16j  1.09462168-8.88178420e-16j  2.00322681-4.44089210e-16j -2.22976348+8.88178420e-16j  2.32993923-3.88578059e-16j -0.03027368+2.22044605e-16j  2.58992336-1.33226763e-15j]
        labels=[('kl', 'JwNIIraU')],
        shape=(8,),
    )
    grad_by_imM_imM: Tensor(
        [-4.63625826-2.22044605e-15j -0.68102234-3.33066907e-16j -5.07974278+5.55111512e-16j  3.07029301-4.44089210e-16j  0.15352587-4.44089210e-16j  0.63113868+2.22044605e-16j -0.31184145-4.44089210e-16j  0.69330755+4.44089210e-16j]
        labels=[('kl', 'JwNIIraU')],
        shape=(8,),
    )
    hessian_by_M_M: [[ 75.23413222  12.29340624  -4.41463549   5.89544493   1.18258122   1.5791452   -4.64620066   3.89701537   0.           0.106807     6.19979047   5.44460465  18.88829582   4.70043821  11.31735593   5.19771567]
     [ 12.29340624  11.25737954   0.16300239   3.62293334   6.14193897   2.2716997    1.73494186  -1.98777159  -0.106807     0.           1.70792517  -2.23178258  -2.86070738  -2.71851746   7.07846325   0.33848159]
     [ -4.41463549   0.16300239  40.54337841   0.64787023   5.1824359    1.37353367   5.93937186  -4.724638    -6.19979047  -1.70792517   0.           5.75940672 -26.47886779   1.09570067  -9.05602082  -7.74014464]
     [  5.89544493   3.62293334   0.64787023  18.67060643  10.07344973   7.7803934   -4.80680255  -1.90779636  -5.44460465   2.23178258  -5.75940672   0.          -3.00370573  -1.68588548   3.83258387   0.28257049]
     [  1.18258122   6.14193897   5.1824359   10.07344973  76.21792648  12.77353239   0.70173489   4.69716071 -18.88829582   2.86070738  26.47886779   3.00370573   0.           2.42119169   9.51258104  -3.64045043]
     [  1.5791452    2.2716997    1.37353367   7.7803934   12.77353239  20.06995636   1.58445586  -1.20618548  -4.70043821   2.71851746  -1.09570067   1.68588548  -2.42119169   0.           8.71252173   3.92683818]
     [ -4.64620066   1.73494186   5.93937186  -4.80680255   0.70173489   1.58445586  44.93636267   0.15735708 -11.31735593  -7.07846325   9.05602082  -3.83258387  -9.51258104  -8.71252173   0.          -0.85186455]
     [  3.89701537  -1.98777159  -4.724638    -1.90779636   4.69716071  -1.20618548   0.15735708  18.27982403  -5.19771567  -0.33848159   7.74014464  -0.28257049   3.64045043  -3.92683818   0.85186455   0.        ]
     [  0.          -0.106807    -6.19979047  -5.44460465 -18.88829582  -4.70043821 -11.31735593  -5.19771567  75.23413222  12.29340624  -4.41463549   5.89544493   1.18258122   1.5791452   -4.64620066   3.89701537]
     [  0.106807     0.          -1.70792517   2.23178258   2.86070738   2.71851746  -7.07846325  -0.33848159  12.29340624  11.25737954   0.16300239   3.62293334   6.14193897   2.2716997    1.73494186  -1.98777159]
     [  6.19979047   1.70792517   0.          -5.75940672  26.47886779  -1.09570067   9.05602082   7.74014464  -4.41463549   0.16300239  40.54337841   0.64787023   5.1824359    1.37353367   5.93937186  -4.724638  ]
     [  5.44460465  -2.23178258   5.75940672   0.           3.00370573   1.68588548  -3.83258387  -0.28257049   5.89544493   3.62293334   0.64787023  18.67060643  10.07344973   7.7803934   -4.80680255  -1.90779636]
     [ 18.88829582  -2.86070738 -26.47886779  -3.00370573   0.          -2.42119169  -9.51258104   3.64045043   1.18258122   6.14193897   5.1824359   10.07344973  76.21792648  12.77353239   0.70173489   4.69716071]
     [  4.70043821  -2.71851746   1.09570067  -1.68588548   2.42119169   0.          -8.71252173  -3.92683818   1.5791452    2.2716997    1.37353367   7.7803934   12.77353239  20.06995636   1.58445586  -1.20618548]
     [ 11.31735593   7.07846325  -9.05602082   3.83258387   9.51258104   8.71252173   0.           0.85186455  -4.64620066   1.73494186   5.93937186  -4.80680255   0.70173489   1.58445586  44.93636267   0.15735708]
     [  5.19771567   0.33848159  -7.74014464   0.28257049  -3.64045043   3.92683818  -0.85186455   0.           3.89701537  -1.98777159  -4.724638    -1.90779636   4.69716071  -1.20618548   0.15735708  18.27982403]]
    eigvals of hessian_by_M_M: [  5.36992552   5.36992552   8.01543059   8.01543059  12.08215317  12.08215317  17.20194428  17.20194428  31.17785749  31.17785749  50.66865634  50.66865634  67.36118652  67.36118652 113.33241224 113.33241224]
WNAG:
    iter_times, elapsed_time, sqdiff: 1, 0.004373073577880859, 16.744315244659674
    MSN: Tensor(
        [[ 0.04410548+0.04333785j  0.15660465-0.07046671j  0.57322201+0.21575757j  0.34128524+0.23604668j]
         [ 0.36497713+0.03004525j  0.59044495+0.21961835j -0.89031123+0.38464999j -0.77345291+0.1754845j ]
         [ 0.28277509+0.60414253j  0.44688384+0.85163928j -0.08330359-0.29015046j -0.18480194-0.32234469j]
         [-1.07124693-0.38768596j -1.89241793-0.60740974j  0.63054125-1.12676283j  0.95567029-0.75241212j]]
        labels=['kl', 'kr'],
        shape=(4, 4),
    )
    grad_by_reM_reM: Tensor(
        [15.45680512+8.88178420e-16j  3.26335994-4.44089210e-16j  3.02886525-3.99680289e-15j  3.15809765-7.77156117e-16j -0.74495189-4.44089210e-16j  4.82121179-4.44089210e-16j  1.63466552+1.33226763e-15j  3.67872393+6.66133815e-16j]
        labels=[('kl', 'JwNIIraU')],
        shape=(8,),
    )
    grad_by_imM_imM: Tensor(
        [-15.37513375-1.77635684e-15j  -1.61237833+6.66133815e-16j  -6.69634033+1.33226763e-15j   0.25136641+2.22044605e-16j   3.32554309+8.88178420e-16j   2.83712123+0.00000000e+00j  -7.26470286-2.66453526e-15j   3.75451064+0.00000000e+00j]
        labels=[('kl', 'JwNIIraU')],
        shape=(8,),
    )
    hessian_by_M_M: [[ 6.60417621e+01  8.67542530e+00 -4.36511996e+00 -2.10372641e+00 -2.39391583e+00  1.69814050e-01 -8.99136995e-01  2.78804785e+00  0.00000000e+00  5.00582714e+00  9.87319945e+00  2.34245887e+00  1.55062808e+01 -1.76434943e-01  7.20747679e+00  3.69309019e+00]
     [ 8.67542530e+00  5.11782633e+00  8.06223900e-01 -1.84053395e-01  4.81186496e+00 -1.56282854e+00 -7.73469796e-01  8.36002477e-01 -5.00582714e+00  0.00000000e+00  1.14838644e+00  2.58002092e-04  4.56217270e+00  1.24172245e+00  3.32699646e-01 -3.60524685e-01]
     [-4.36511996e+00  8.06223900e-01  3.39457458e+01  1.22022717e+00  5.23785737e+00  2.03099267e+00  6.10345210e+00 -2.98931794e+00 -9.87319945e+00 -1.14838644e+00  0.00000000e+00  3.97345310e+00 -2.02138760e+01  1.08514251e+00 -3.84063160e+00  2.08111300e-03]
     [-2.10372641e+00 -1.84053395e-01  1.22022717e+00  4.71091910e+00  5.04956184e+00  2.00812462e+00  2.00410772e+00 -3.50910989e-01 -2.34245887e+00 -2.58002092e-04 -3.97345310e+00  0.00000000e+00 -1.32319586e-01  1.06097418e+00  2.19031860e+00  1.47595300e+00]
     [-2.39391583e+00  4.81186496e+00  5.23785737e+00  5.04956184e+00  7.41362444e+01  8.06669346e+00 -1.54400548e+00  6.16532246e-01 -1.55062808e+01 -4.56217270e+00  2.02138760e+01  1.32319586e-01  0.00000000e+00  1.16780638e+01  6.31832614e+00 -5.60030223e+00]
     [ 1.69814050e-01 -1.56282854e+00  2.03099267e+00  2.00812462e+00  8.06669346e+00  8.38036206e+00  2.12099959e-01 -4.17840958e-01  1.76434943e-01 -1.24172245e+00 -1.08514251e+00 -1.06097418e+00 -1.16780638e+01  0.00000000e+00  2.64206130e+00  9.45236811e-01]
     [-8.99136995e-01 -7.73469796e-01  6.10345210e+00  2.00410772e+00 -1.54400548e+00  2.12099959e-01  4.22857554e+01  3.78632199e+00 -7.20747679e+00 -3.32699646e-01  3.84063160e+00 -2.19031860e+00 -6.31832614e+00 -2.64206130e+00  0.00000000e+00  4.03517245e+00]
     [ 2.78804785e+00  8.36002477e-01 -2.98931794e+00 -3.50910989e-01  6.16532246e-01 -4.17840958e-01  3.78632199e+00  5.16186195e+00 -3.69309019e+00  3.60524685e-01 -2.08111300e-03 -1.47595300e+00  5.60030223e+00 -9.45236811e-01 -4.03517245e+00  0.00000000e+00]
     [ 0.00000000e+00 -5.00582714e+00 -9.87319945e+00 -2.34245887e+00 -1.55062808e+01  1.76434943e-01 -7.20747679e+00 -3.69309019e+00  6.60417621e+01  8.67542530e+00 -4.36511996e+00 -2.10372641e+00 -2.39391583e+00  1.69814050e-01 -8.99136995e-01  2.78804785e+00]
     [ 5.00582714e+00  0.00000000e+00 -1.14838644e+00 -2.58002092e-04 -4.56217270e+00 -1.24172245e+00 -3.32699646e-01  3.60524685e-01  8.67542530e+00  5.11782633e+00  8.06223900e-01 -1.84053395e-01  4.81186496e+00 -1.56282854e+00 -7.73469796e-01  8.36002477e-01]
     [ 9.87319945e+00  1.14838644e+00  0.00000000e+00 -3.97345310e+00  2.02138760e+01 -1.08514251e+00  3.84063160e+00 -2.08111300e-03 -4.36511996e+00  8.06223900e-01  3.39457458e+01  1.22022717e+00  5.23785737e+00  2.03099267e+00  6.10345210e+00 -2.98931794e+00]
     [ 2.34245887e+00  2.58002092e-04  3.97345310e+00  0.00000000e+00  1.32319586e-01 -1.06097418e+00 -2.19031860e+00 -1.47595300e+00 -2.10372641e+00 -1.84053395e-01  1.22022717e+00  4.71091910e+00  5.04956184e+00  2.00812462e+00  2.00410772e+00 -3.50910989e-01]
     [ 1.55062808e+01  4.56217270e+00 -2.02138760e+01 -1.32319586e-01  0.00000000e+00 -1.16780638e+01 -6.31832614e+00  5.60030223e+00 -2.39391583e+00  4.81186496e+00  5.23785737e+00  5.04956184e+00  7.41362444e+01  8.06669346e+00 -1.54400548e+00  6.16532246e-01]
     [-1.76434943e-01  1.24172245e+00  1.08514251e+00  1.06097418e+00  1.16780638e+01  0.00000000e+00 -2.64206130e+00 -9.45236811e-01  1.69814050e-01 -1.56282854e+00  2.03099267e+00  2.00812462e+00  8.06669346e+00  8.38036206e+00  2.12099959e-01 -4.17840958e-01]
     [ 7.20747679e+00  3.32699646e-01 -3.84063160e+00  2.19031860e+00  6.31832614e+00  2.64206130e+00  0.00000000e+00 -4.03517245e+00 -8.99136995e-01 -7.73469796e-01  6.10345210e+00  2.00410772e+00 -1.54400548e+00  2.12099959e-01  4.22857554e+01  3.78632199e+00]
     [ 3.69309019e+00 -3.60524685e-01  2.08111300e-03  1.47595300e+00 -5.60030223e+00  9.45236811e-01  4.03517245e+00  0.00000000e+00  2.78804785e+00  8.36002477e-01 -2.98931794e+00 -3.50910989e-01  6.16532246e-01 -4.17840958e-01  3.78632199e+00  5.16186195e+00]]
    eigvals of hessian_by_M_M: [ 1.44566264  1.44566264  2.04896697  2.04896697  3.60617017  3.60617017  6.44385268  6.44385268 25.07076363 25.07076363 40.57636917 40.57636917 62.10606524 62.10606524 98.4826267  98.4826267 ]
SNAG:
    iter_times, elapsed_time, sqdiff: 1, 0.002682209014892578, 8.400439750831161
    MSN: Tensor(
        [[ 0.43365332+0.06752856j  0.19812564-0.07483514j  0.70184231-0.01869851j  0.55205854+0.47757418j]
         [-0.1853648 +0.16932495j  0.49547031+0.25185522j -0.98643756+0.73661043j -0.93859611+0.03185318j]
         [ 0.46897611+0.15650006j  0.42108897+0.7543026j  -0.28212735-0.58584984j  0.21665758-0.09491807j]
         [-0.82216034-0.47931815j -1.76255944-0.62191827j  0.68803133-1.22018075j  0.59951622-1.02670933j]]
        labels=['kl', 'kr'],
        shape=(4, 4),
    )
    grad_by_reM_reM: Tensor(
        [4.96517272+1.77635684e-15j 1.46775302+8.88178420e-16j 1.77288869+1.44328993e-15j 1.20068188+2.22044605e-16j 4.48877926+2.22044605e-15j 3.13113259+1.11022302e-15j 4.99934086-1.77635684e-15j 2.81433201-2.77555756e-16j]
        labels=[('kl', 'JwNIIraU')],
        shape=(8,),
    )
    grad_by_imM_imM: Tensor(
        [-9.60169561-4.44089210e-16j -1.82099812-1.11022302e-16j -1.01691612+2.66453526e-15j  2.89079321+1.77635684e-15j  5.9825886 +0.00000000e+00j  3.27916922-1.11022302e-15j -0.13539973+0.00000000e+00j  0.93514141+8.88178420e-16j]
        labels=[('kl', 'JwNIIraU')],
        shape=(8,),
    )
    hessian_by_M_M: [[ 6.32100227e+01  9.38026427e+00 -2.28609887e+00  2.37415359e+00 -4.42182024e-01  1.21868603e+00 -4.03627545e+00  3.79370330e+00  0.00000000e+00 -1.55329613e-02  3.58283751e+00  6.00440584e+00  1.79555578e+01  1.12230579e+00  7.95538010e+00  4.06832960e+00]
     [ 9.38026427e+00  6.48750645e+00 -1.47561620e-01  1.58124392e+00  4.03130804e+00  1.45791417e+00 -1.05782906e+00  7.88697203e-01  1.55329613e-02  0.00000000e+00  2.35282816e+00 -1.31015028e+00 -7.79938768e-01 -1.54746540e+00  4.46823056e+00 -2.41830458e-01]
     [-2.28609887e+00 -1.47561620e-01  3.52326682e+01 -3.39323097e-01  1.71735429e+00  1.70638097e+00  4.47589410e+00 -2.78557901e+00 -3.58283751e+00 -2.35282816e+00  0.00000000e+00  3.63292411e+00 -2.25738898e+01 -9.22612357e-01 -7.07986209e+00 -5.20597219e+00]
     [ 2.37415359e+00  1.58124392e+00 -3.39323097e-01  1.03200582e+01  7.63407288e+00  4.04008043e+00 -2.13119768e+00 -1.48615137e+00 -6.00440584e+00  1.31015028e+00 -3.63292411e+00  0.00000000e+00 -1.15015702e+00  2.82087789e-01  2.85467367e+00 -2.57205867e-01]
     [-4.42182024e-01  4.03130804e+00  1.71735429e+00  7.63407288e+00  6.62015058e+01  9.04995708e+00 -2.57671701e+00  3.87401374e+00 -1.79555578e+01  7.79938768e-01  2.25738898e+01  1.15015702e+00  0.00000000e+00  3.94635585e+00  8.23260592e+00 -4.88031779e+00]
     [ 1.21868603e+00  1.45791417e+00  1.70638097e+00  4.04008043e+00  9.04995708e+00  1.22195245e+01  1.37191598e+00 -6.52480591e-01 -1.12230579e+00  1.54746540e+00  9.22612357e-01 -2.82087789e-01 -3.94635585e+00  0.00000000e+00  6.10848299e+00  2.68238527e+00]
     [-4.03627545e+00 -1.05782906e+00  4.47589410e+00 -2.13119768e+00 -2.57671701e+00  1.37191598e+00  3.74476307e+01  1.20410942e+00 -7.95538010e+00 -4.46823056e+00  7.07986209e+00 -2.85467367e+00 -8.23260592e+00 -6.10848299e+00  0.00000000e+00 -4.27732627e-02]
     [ 3.79370330e+00  7.88697203e-01 -2.78557901e+00 -1.48615137e+00  3.87401374e+00 -6.52480591e-01  1.20410942e+00  9.11552149e+00 -4.06832960e+00  2.41830458e-01  5.20597219e+00  2.57205867e-01  4.88031779e+00 -2.68238527e+00  4.27732627e-02  0.00000000e+00]
     [ 0.00000000e+00  1.55329613e-02 -3.58283751e+00 -6.00440584e+00 -1.79555578e+01 -1.12230579e+00 -7.95538010e+00 -4.06832960e+00  6.32100227e+01  9.38026427e+00 -2.28609887e+00  2.37415359e+00 -4.42182024e-01  1.21868603e+00 -4.03627545e+00  3.79370330e+00]
     [-1.55329613e-02  0.00000000e+00 -2.35282816e+00  1.31015028e+00  7.79938768e-01  1.54746540e+00 -4.46823056e+00  2.41830458e-01  9.38026427e+00  6.48750645e+00 -1.47561620e-01  1.58124392e+00  4.03130804e+00  1.45791417e+00 -1.05782906e+00  7.88697203e-01]
     [ 3.58283751e+00  2.35282816e+00  0.00000000e+00 -3.63292411e+00  2.25738898e+01  9.22612357e-01  7.07986209e+00  5.20597219e+00 -2.28609887e+00 -1.47561620e-01  3.52326682e+01 -3.39323097e-01  1.71735429e+00  1.70638097e+00  4.47589410e+00 -2.78557901e+00]
     [ 6.00440584e+00 -1.31015028e+00  3.63292411e+00  0.00000000e+00  1.15015702e+00 -2.82087789e-01 -2.85467367e+00  2.57205867e-01  2.37415359e+00  1.58124392e+00 -3.39323097e-01  1.03200582e+01  7.63407288e+00  4.04008043e+00 -2.13119768e+00 -1.48615137e+00]
     [ 1.79555578e+01 -7.79938768e-01 -2.25738898e+01 -1.15015702e+00  0.00000000e+00 -3.94635585e+00 -8.23260592e+00  4.88031779e+00 -4.42182024e-01  4.03130804e+00  1.71735429e+00  7.63407288e+00  6.62015058e+01  9.04995708e+00 -2.57671701e+00  3.87401374e+00]
     [ 1.12230579e+00 -1.54746540e+00 -9.22612357e-01  2.82087789e-01  3.94635585e+00  0.00000000e+00 -6.10848299e+00 -2.68238527e+00  1.21868603e+00  1.45791417e+00  1.70638097e+00  4.04008043e+00  9.04995708e+00  1.22195245e+01  1.37191598e+00 -6.52480591e-01]
     [ 7.95538010e+00  4.46823056e+00 -7.07986209e+00  2.85467367e+00  8.23260592e+00  6.10848299e+00  0.00000000e+00  4.27732627e-02 -4.03627545e+00 -1.05782906e+00  4.47589410e+00 -2.13119768e+00 -2.57671701e+00  1.37191598e+00  3.74476307e+01  1.20410942e+00]
     [ 4.06832960e+00 -2.41830458e-01 -5.20597219e+00 -2.57205867e-01 -4.88031779e+00  2.68238527e+00 -4.27732627e-02  0.00000000e+00  3.79370330e+00  7.88697203e-01 -2.78557901e+00 -1.48615137e+00  3.87401374e+00 -6.52480591e-01  1.20410942e+00  9.11552149e+00]]
    eigvals of hessian_by_M_M: [ 3.0242159   3.0242159   4.37067369  4.37067369  7.69195692  7.69195692 10.79077675 10.79077675 21.3821454  21.3821454  40.93525958 40.93525958 56.65107663 56.65107663 95.38833322 95.38833322]
SSpiral(8):
    iter_times, elapsed_time, sqdiff: 1, 0.007996082305908203, 10.168386208312114
    MSN: Tensor(
        [[ 0.38377976-0.28540714j  0.06028694-0.64187321j  0.58714439-0.13861905j  0.36580735+0.20158954j]
         [-0.55947545+0.77352882j  0.7587323 +1.1656023j  -1.62553671+0.10994146j -0.64370249-0.70427855j]
         [-0.05450449-0.16263307j  0.50258316+0.03865059j -0.52108585-1.21621465j  0.63009586-0.74685486j]
         [-0.41059969-0.89779544j -1.40171715-0.29129107j  0.23351794-1.18865012j  0.60015479-0.46074195j]]
        labels=['kl', 'kr'],
        shape=(4, 4),
    )
    grad_by_reM_reM: Tensor(
