b=4, chi=2, seed=473, 
NOR:
    iter_times, elapsed_time, sqdiff: 1, 0.0027151107788085938, 3.3915353921792994
    MSN: Tensor(
        [[-0.60752529-0.06900341j -0.70579752+0.07334067j -0.25630522-0.29315351j  0.57038793-0.08587163j]
         [ 0.86990914-1.33913214j  0.72519894+0.43027526j  0.5618491 +0.12119869j -0.36830917-0.61727238j]
         [-0.30928309-0.64742513j -0.41147065-0.85079463j  0.18808578-0.44980665j  0.33044692+0.68977537j]
         [-0.64781806-0.11066686j  0.51632344-0.34918354j  0.03450349-0.13825798j -0.6192735 +0.20839203j]]
        labels=['kl', 'kr'],
        shape=(4, 4),
    )
    grad_by_reM_reM: Tensor(
        [ 4.71033679+1.44328993e-15j -2.07103144-6.66133815e-16j -0.21465823-6.66133815e-16j -1.51095299-6.66133815e-16j  0.97582266+4.44089210e-16j  1.84988326+0.00000000e+00j  2.74241425-6.66133815e-16j  2.75552615-4.44089210e-16j]
        labels=[('kl', 'UVqxyDKt')],
        shape=(8,),
    )
    grad_by_imM_imM: Tensor(
        [ 1.3174944 -8.88178420e-16j -1.07493022+6.66133815e-16j -2.13672368+9.99200722e-16j -2.17786856-7.77156117e-16j -3.47845205+3.33066907e-16j  1.51815931+4.44089210e-16j -0.94239451+2.22044605e-16j -3.66570376-8.88178420e-16j]
        labels=[('kl', 'UVqxyDKt')],
        shape=(8,),
    )
    hessian_by_M_M: [[ 44.88494965   4.38455462   8.30913066   4.56587509   6.32269021   3.28644153  -5.80834511  -3.64928825   0.           4.47741842 -17.57914714   2.55293565  -2.84714658   0.31353671  -7.03820653  -4.32319345]
     [  4.38455462  38.73402456 -12.61005595 -12.92932029   1.12414371   4.94240592   2.45315045   0.13160232  -4.47741842   0.           3.93815794  -3.22402575 -14.82571516  -4.00664664  -0.48883573  -4.71446535]
     [  8.30913066 -12.61005595  69.41708008  19.75390264   1.95749484   3.88488696 -15.47063325  -1.99214559  17.57914714  -3.93815794   0.          10.45035152   1.22257061  10.22008729 -16.02896719  -1.1597367 ]
     [  4.56587509 -12.92932029  19.75390264  33.05923822   3.8961566   -2.97040993  -6.13883252  -2.99873058  -2.55293565   3.22402575 -10.45035152   0.          11.00593494  12.18285054   4.10558087  19.57900653]
     [  6.32269021   1.12414371   1.95749484   3.8961566   53.89430613  -0.67018898  -3.64999418  -2.68627434   2.84714658  14.82571516  -1.22257061 -11.00593494   0.           7.05499369   6.06896309  -9.13095072]
     [  3.28644153   4.94240592   3.88488696  -2.97040993  -0.67018898  36.22942355  -4.52512585  -5.52509121  -0.31353671   4.00664664 -10.22008729 -12.18285054  -7.05499369   0.          -8.44060755  -4.44476996]
     [ -5.80834511   2.45315045 -15.47063325  -6.13883252  -3.64999418  -4.52512585  46.86547623  17.49167959   7.03820653   0.48883573  16.02896719  -4.10558087  -6.06896309   8.44060755   0.           5.86220223]
     [ -3.64928825   0.13160232  -1.99214559  -2.99873058  -2.68627434  -5.52509121  17.49167959  54.38705874   4.32319345   4.71446535   1.1597367  -19.57900653   9.13095072   4.44476996  -5.86220223   0.        ]
     [  0.          -4.47741842  17.57914714  -2.55293565   2.84714658  -0.31353671   7.03820653   4.32319345  44.88494965   4.38455462   8.30913066   4.56587509   6.32269021   3.28644153  -5.80834511  -3.64928825]
     [  4.47741842   0.          -3.93815794   3.22402575  14.82571516   4.00664664   0.48883573   4.71446535   4.38455462  38.73402456 -12.61005595 -12.92932029   1.12414371   4.94240592   2.45315045   0.13160232]
     [-17.57914714   3.93815794   0.         -10.45035152  -1.22257061 -10.22008729  16.02896719   1.1597367    8.30913066 -12.61005595  69.41708008  19.75390264   1.95749484   3.88488696 -15.47063325  -1.99214559]
     [  2.55293565  -3.22402575  10.45035152   0.         -11.00593494 -12.18285054  -4.10558087 -19.57900653   4.56587509 -12.92932029  19.75390264  33.05923822   3.8961566   -2.97040993  -6.13883252  -2.99873058]
     [ -2.84714658 -14.82571516   1.22257061  11.00593494   0.          -7.05499369  -6.06896309   9.13095072   6.32269021   1.12414371   1.95749484   3.8961566   53.89430613  -0.67018898  -3.64999418  -2.68627434]
     [  0.31353671  -4.00664664  10.22008729  12.18285054   7.05499369   0.           8.44060755   4.44476996   3.28644153   4.94240592   3.88488696  -2.97040993  -0.67018898  36.22942355  -4.52512585  -5.52509121]
     [ -7.03820653  -0.48883573 -16.02896719   4.10558087   6.06896309  -8.44060755   0.          -5.86220223  -5.80834511   2.45315045 -15.47063325  -6.13883252  -3.64999418  -4.52512585  46.86547623  17.49167959]
     [ -4.32319345  -4.71446535  -1.1597367   19.57900653  -9.13095072  -4.44476996   5.86220223   0.          -3.64928825   0.13160232  -1.99214559  -2.99873058  -2.68627434  -5.52509121  17.49167959  54.38705874]]
    eigvals of hessian_by_M_M: [  5.99432614   5.99432614  15.19821591  15.19821591  25.10531361  25.10531361  35.83651032  35.83651032  42.13975666  42.13975666  61.400577    61.400577    84.08201517  84.08201517 107.71484236 107.71484236]
WCOR:
    iter_times, elapsed_time, sqdiff: 1, 0.0029201507568359375, 5.490147567503471
    MSN: Tensor(
        [[-0.68045492-0.18133332j -0.83538423+0.21677281j -0.22329042-0.18399402j  0.61358018-0.17411081j]
         [ 0.82952141-1.43470107j  0.69002745+0.5211875j   0.62889647-0.03248713j -0.2900726 -0.68679092j]
         [-0.37131352-0.71392663j -0.4171028 -0.87922655j  0.04309186-0.3747349j   0.24595719+0.62767914j]
         [-0.75585173-0.04279476j  0.52993186-0.20614953j -0.07994715-0.22067481j -0.58473532+0.0632403j ]]
        labels=['kl', 'kr'],
        shape=(4, 4),
    )
    grad_by_reM_reM: Tensor(
        [ 3.85353845-1.11022302e-16j -3.92135196-4.44089210e-16j -2.29433623-2.22044605e-16j -3.57849437+1.11022302e-16j  1.83559495+8.88178420e-16j  1.80243234+1.11022302e-15j  3.75724788+7.77156117e-16j -3.84568614+4.44089210e-16j]
        labels=[('kl', 'UVqxyDKt')],
        shape=(8,),
    )
    grad_by_imM_imM: Tensor(
        [ 1.00340977+8.88178420e-16j -5.9075363 -6.66133815e-16j -2.56835213-1.11022302e-15j -0.13527201-6.66133815e-16j -8.03248892-3.33066907e-16j  0.52560911-7.77156117e-16j  0.91111463+4.44089210e-16j -5.85163779+4.44089210e-16j]
        labels=[('kl', 'UVqxyDKt')],
        shape=(8,),
    )
    hessian_by_M_M: [[ 43.88410393  11.64781      5.28532543   6.7185275    5.79283755   4.26926098  -5.3079338   -4.82359351   0.           8.18330941 -14.97223771  -1.2791379   -3.10218996  -2.08884305  -7.70157491  -4.48158234]
     [ 11.64781     51.69421548 -16.24600631 -17.79951631   3.97912323   9.24157767   2.63369815  -1.30896001  -8.18330941   0.           2.00554558  -5.52394492 -16.44456146  -6.1964028    0.91687549  -7.3506289 ]
     [  5.28532543 -16.24600631  70.74743934  29.28180889   1.4666466    5.21118067 -16.382643    -2.54574706  14.97223771  -2.00554558   0.          16.72789526   4.6778881   11.26455797 -14.46547682  -2.69764532]
     [  6.7185275  -17.79951631  29.28180889  47.82273161   5.68402212  -5.71028089  -9.41681016  -3.52510664   1.2791379    5.52394492 -16.72789526   0.          14.46089637  16.05878048   7.44531713  26.09407026]
     [  5.79283755   3.97912323   1.4666466    5.68402212  50.95130626   7.4257878   -5.53415879  -5.6812498    3.10218996  16.44456146  -4.6778881  -14.46089637   0.          14.48068272   4.03306488  -9.74436199]
     [  4.26926098   9.24157767   5.21118067  -5.71028089   7.4257878   48.40014681  -3.86724982  -5.47293597   2.08884305   6.1964028  -11.26455797 -16.05878048 -14.48068272   0.          -8.96393331  -8.57362352]
     [ -5.3079338    2.63369815 -16.382643    -9.41681016  -5.53415879  -3.86724982  48.05308477  28.03063336   7.70157491  -0.91687549  14.46547682  -7.44531713  -4.03306488   8.96393331   0.           9.54624703]
     [ -4.82359351  -1.30896001  -2.54574706  -3.52510664  -5.6812498   -5.47293597  28.03063336  73.48606368   4.48158234   7.3506289    2.69764532 -26.09407026   9.74436199   8.57362352  -9.54624703   0.        ]
     [  0.          -8.18330941  14.97223771   1.2791379    3.10218996   2.08884305   7.70157491   4.48158234  43.88410393  11.64781      5.28532543   6.7185275    5.79283755   4.26926098  -5.3079338   -4.82359351]
     [  8.18330941   0.          -2.00554558   5.52394492  16.44456146   6.1964028   -0.91687549   7.3506289   11.64781     51.69421548 -16.24600631 -17.79951631   3.97912323   9.24157767   2.63369815  -1.30896001]
     [-14.97223771   2.00554558   0.         -16.72789526  -4.6778881  -11.26455797  14.46547682   2.69764532   5.28532543 -16.24600631  70.74743934  29.28180889   1.4666466    5.21118067 -16.382643    -2.54574706]
     [ -1.2791379   -5.52394492  16.72789526   0.         -14.46089637 -16.05878048  -7.44531713 -26.09407026   6.7185275  -17.79951631  29.28180889  47.82273161   5.68402212  -5.71028089  -9.41681016  -3.52510664]
     [ -3.10218996 -16.44456146   4.6778881   14.46089637   0.         -14.48068272  -4.03306488   9.74436199   5.79283755   3.97912323   1.4666466    5.68402212  50.95130626   7.4257878   -5.53415879  -5.6812498 ]
     [ -2.08884305  -6.1964028   11.26455797  16.05878048  14.48068272   0.           8.96393331   8.57362352   4.26926098   9.24157767   5.21118067  -5.71028089   7.4257878   48.40014681  -3.86724982  -5.47293597]
     [ -7.70157491   0.91687549 -14.46547682   7.44531713   4.03306488  -8.96393331   0.          -9.54624703  -5.3079338    2.63369815 -16.382643    -9.41681016  -5.53415879  -3.86724982  48.05308477  28.03063336]
     [ -4.48158234  -7.3506289   -2.69764532  26.09407026  -9.74436199  -8.57362352   9.54624703   0.          -4.82359351  -1.30896001  -2.54574706  -3.52510664  -5.6812498   -5.47293597  28.03063336  73.48606368]]
    eigvals of hessian_by_M_M: [  7.3766078    7.3766078   14.52218268  14.52218268  27.33210808  27.33210808  32.82853581  32.82853581  48.74528412  48.74528412  64.55296637  64.55296637 111.57376876 111.57376876 128.10763827 128.10763827]
WROR:
    iter_times, elapsed_time, sqdiff: 1, 0.004736900329589844, 8.095835014291788
    MSN: Tensor(
        [[-0.73913069-0.24525967j -0.89952782+0.23839192j -0.16617632-0.12678499j  0.63519581-0.17037769j]
         [ 0.81105104-1.47212462j  0.64899517+0.55886824j  0.67905226-0.1568016j  -0.24330241-0.71392357j]
         [-0.4262558 -0.75364702j -0.37677257-0.87441428j -0.03591042-0.32226216j  0.17435702+0.59195516j]
         [-0.81832163-0.01964908j  0.49712441-0.11518961j -0.15317956-0.27460983j -0.54145516-0.01045981j]]
        labels=['kl', 'kr'],
        shape=(4, 4),
    )
    grad_by_reM_reM: Tensor(
        [ 1.94421029+6.66133815e-16j -3.74341156+4.44089210e-16j -5.0601151 -1.77635684e-15j -5.28711702+6.66133815e-16j  3.00155755+0.00000000e+00j  2.40866233+8.88178420e-16j  4.09625907+8.88178420e-16j -8.79077317-8.88178420e-16j]
        labels=[('kl', 'UVqxyDKt')],
        shape=(8,),
    )
    grad_by_imM_imM: Tensor(
        [ -0.54381757+2.22044605e-15j  -7.66913361-1.33226763e-15j  -2.67141866-4.44089210e-16j   0.13235442-1.33226763e-15j -11.69844665+0.00000000e+00j   0.46008384+0.00000000e+00j   1.89095021-8.88178420e-16j  -6.38704817-8.88178420e-16j]
        labels=[('kl', 'UVqxyDKt')],
        shape=(8,),
    )
    hessian_by_M_M: [[ 44.60150452  17.24795483   3.69349656   7.54361436   5.34858313   5.25810942  -5.08624136  -5.40389305   0.          10.38847164 -13.71841261  -3.92011475  -3.18852879  -4.2277176   -7.91891707  -4.93294141]
     [ 17.24795483  56.65365088 -17.70026501 -19.50179398   6.2174012   12.04326147   2.28715839  -2.3990579  -10.38847164   0.          -0.19194547  -7.34405273 -16.67606776  -7.47934846   1.2827489   -8.31809143]
     [  3.69349656 -17.70026501  72.83268006  36.22160456   1.3610765    6.144595   -17.19951532  -2.61161032  13.71841261   0.19194547   0.          20.48465264   6.58760949  11.80076394 -13.71827383  -4.18264061]
     [  7.54361436 -19.50179398  36.22160456  56.76220972   6.17418159  -6.77552925 -12.06876529  -4.38042225   3.92011475   7.34405273 -20.48465264   0.          16.48973363  17.87087715   8.99229338  27.97038582]
     [  5.34858313   6.2174012    1.3610765    6.17418159  50.48425746  13.72594215  -6.66423853  -7.7391679    3.18852879  16.67606776  -6.58760949 -16.48973363   0.          18.40142913   2.85437988  -9.55950795]
     [  5.25810942  12.04326147   6.144595    -6.77552925  13.72594215  54.15402528  -3.69476705  -5.07526404   4.2277176    7.47934846 -11.80076394 -17.87087715 -18.40142913   0.          -9.09085617 -10.77526432]
     [ -5.08624136   2.28715839 -17.19951532 -12.06876529  -6.66423853  -3.69476705  49.74775885  34.59122874   7.91891707  -1.2827489   13.71827383  -8.99229338  -2.85437988   9.09085617   0.          11.06552629]
     [ -5.40389305  -2.3990579   -2.61161032  -4.38042225  -7.7391679   -5.07526404  34.59122874  83.046232     4.93294141   8.31809143   4.18264061 -27.97038582   9.55950795  10.77526432 -11.06552629   0.        ]
     [  0.         -10.38847164  13.71841261   3.92011475   3.18852879   4.2277176    7.91891707   4.93294141  44.60150452  17.24795483   3.69349656   7.54361436   5.34858313   5.25810942  -5.08624136  -5.40389305]
     [ 10.38847164   0.           0.19194547   7.34405273  16.67606776   7.47934846  -1.2827489    8.31809143  17.24795483  56.65365088 -17.70026501 -19.50179398   6.2174012   12.04326147   2.28715839  -2.3990579 ]
     [-13.71841261  -0.19194547   0.         -20.48465264  -6.58760949 -11.80076394  13.71827383   4.18264061   3.69349656 -17.70026501  72.83268006  36.22160456   1.3610765    6.144595   -17.19951532  -2.61161032]
     [ -3.92011475  -7.34405273  20.48465264   0.         -16.48973363 -17.87087715  -8.99229338 -27.97038582   7.54361436 -19.50179398  36.22160456  56.76220972   6.17418159  -6.77552925 -12.06876529  -4.38042225]
     [ -3.18852879 -16.67606776   6.58760949  16.48973363   0.         -18.40142913  -2.85437988   9.55950795   5.34858313   6.2174012    1.3610765    6.17418159  50.48425746  13.72594215  -6.66423853  -7.7391679 ]
     [ -4.2277176   -7.47934846  11.80076394  17.87087715  18.40142913   0.           9.09085617  10.77526432   5.25810942  12.04326147   6.144595    -6.77552925  13.72594215  54.15402528  -3.69476705  -5.07526404]
     [ -7.91891707   1.2827489  -13.71827383   8.99229338   2.85437988  -9.09085617   0.         -11.06552629  -5.08624136   2.28715839 -17.19951532 -12.06876529  -6.66423853  -3.69476705  49.74775885  34.59122874]
     [ -4.93294141  -8.31809143  -4.18264061  27.97038582  -9.55950795 -10.77526432  11.06552629   0.          -5.40389305  -2.3990579   -2.61161032  -4.38042225  -7.7391679   -5.07526404  34.59122874  83.046232  ]]
    eigvals of hessian_by_M_M: [  7.07733596   7.07733596  13.69758758  13.69758758  25.03387342  25.03387342  29.9219151   29.9219151   54.38137526  54.38137526  68.01281414  68.01281414 126.23814781 126.23814781 143.9192695  143.9192695 ]
IWROR:
    iter_times, elapsed_time, sqdiff: 1, 0.0038568973541259766, 7.706601957080393
    MSN: Tensor(
        [[-0.72912143-0.23212509j -0.88957308+0.23458736j -0.17123009-0.14132451j  0.63438387-0.17613926j]
         [ 0.81064791-1.46547722j  0.65825063+0.55815667j  0.66725607-0.14464948j -0.25644565-0.71596678j]
         [-0.4326131 -0.74203652j -0.37168437-0.86942378j -0.02150237-0.32882427j  0.1794743 +0.59291034j]
         [-0.81174994-0.02583259j  0.49291532-0.12304626j -0.14999285-0.2647737j  -0.54347392-0.00186799j]]
        labels=['kl', 'kr'],
        shape=(4, 4),
    )
    grad_by_reM_reM: Tensor(
        [ 2.19468264-8.88178420e-16j -3.63638977+0.00000000e+00j -4.77129282-2.44249065e-15j -5.19216733-3.44169138e-15j  2.87395174+0.00000000e+00j  1.95116587+0.00000000e+00j  3.91934285-7.77156117e-16j -8.23310834+8.88178420e-16j]
        labels=[('kl', 'UVqxyDKt')],
        shape=(8,),
    )
    grad_by_imM_imM: Tensor(
        [ -0.42434342-4.4408921e-16j  -7.11142353+4.4408921e-16j  -2.54216406+8.8817842e-16j   0.17801764+4.4408921e-16j -11.22684483+8.8817842e-16j   0.45589481-4.4408921e-16j   1.82586734+0.0000000e+00j  -6.53139074+0.0000000e+00j]
        labels=[('kl', 'UVqxyDKt')],
        shape=(8,),
    )
    hessian_by_M_M: [[ 44.3733243   16.82014512   3.94859029   7.40010806   5.33610229   5.22373652  -5.12690477  -5.20916884   0.          10.08209819 -13.7973089   -3.43080798  -3.20513724  -3.88787824  -7.86457387  -5.00422614]
     [ 16.82014512  55.08289953 -17.44172514 -18.98244446   5.90866674  11.74682305   2.27513383  -2.27875895 -10.08209819   0.          -0.1366978   -7.16280788 -16.5729006   -7.35769706   1.09520722  -7.98255552]
     [  3.94859029 -17.44172514  72.42093244  35.51004091   1.38327694   6.0640059  -17.06058791  -2.49927257  13.7973089    0.1366978    0.          19.97693762   6.28207776  11.8048065  -13.79871983  -3.98891378]
     [  7.40010806 -18.98244446  35.51004091  55.13495205   5.98516322  -6.32858527 -11.82978816  -4.34790282   3.43080798   7.16280788 -19.97693762   0.          16.11960963  17.61940752   8.70368097  27.24873301]
     [  5.33610229   5.90866674   1.38327694   5.98516322  50.3188162   13.20649716  -6.42014938  -7.58666999   3.20513724  16.5729006   -6.28207776 -16.11960963   0.          17.77439825   2.97514646  -9.50625677]
     [  5.22373652  11.74682305   6.0640059   -6.32858527  13.20649716  52.69425254  -3.79736044  -5.20863501   3.88787824   7.35769706 -11.8048065  -17.61940752 -17.77439825   0.          -9.05662221 -10.31152234]
     [ -5.12690477   2.27513383 -17.06058791 -11.82978816  -6.42014938  -3.79736044  49.41445516  33.83415086   7.86457387  -1.09520722  13.79871983  -8.70368097  -2.97514646   9.05662221   0.          10.85623248]
     [ -5.20916884  -2.27875895  -2.49927257  -4.34790282  -7.58666999  -5.20863501  33.83415086  81.13368607   5.00422614   7.98255552   3.98891378 -27.24873301   9.50625677  10.31152234 -10.85623248   0.        ]
     [  0.         -10.08209819  13.7973089    3.43080798   3.20513724   3.88787824   7.86457387   5.00422614  44.3733243   16.82014512   3.94859029   7.40010806   5.33610229   5.22373652  -5.12690477  -5.20916884]
     [ 10.08209819   0.           0.1366978    7.16280788  16.5729006    7.35769706  -1.09520722   7.98255552  16.82014512  55.08289953 -17.44172514 -18.98244446   5.90866674  11.74682305   2.27513383  -2.27875895]
     [-13.7973089   -0.1366978    0.         -19.97693762  -6.28207776 -11.8048065   13.79871983   3.98891378   3.94859029 -17.44172514  72.42093244  35.51004091   1.38327694   6.0640059  -17.06058791  -2.49927257]
     [ -3.43080798  -7.16280788  19.97693762   0.         -16.11960963 -17.61940752  -8.70368097 -27.24873301   7.40010806 -18.98244446  35.51004091  55.13495205   5.98516322  -6.32858527 -11.82978816  -4.34790282]
     [ -3.20513724 -16.5729006    6.28207776  16.11960963   0.         -17.77439825  -2.97514646   9.50625677   5.33610229   5.90866674   1.38327694   5.98516322  50.3188162   13.20649716  -6.42014938  -7.58666999]
     [ -3.88787824  -7.35769706  11.8048065   17.61940752  17.77439825   0.           9.05662221  10.31152234   5.22373652  11.74682305   6.0640059   -6.32858527  13.20649716  52.69425254  -3.79736044  -5.20863501]
     [ -7.86457387   1.09520722 -13.79871983   8.70368097   2.97514646  -9.05662221   0.         -10.85623248  -5.12690477   2.27513383 -17.06058791 -11.82978816  -6.42014938  -3.79736044  49.41445516  33.83415086]
     [ -5.00422614  -7.98255552  -3.98891378  27.24873301  -9.50625677 -10.31152234  10.85623248   0.          -5.20916884  -2.27875895  -2.49927257  -4.34790282  -7.58666999  -5.20863501  33.83415086  81.13368607]]
    eigvals of hessian_by_M_M: [  6.95668811   6.95668811  13.62076107  13.62076107  24.96284397  24.96284397  29.61182449  29.61182449  53.27159873  53.27159873  67.22418012  67.22418012 123.78575802 123.78575802 141.13966378 141.13966378]
WLBOR:
    iter_times, elapsed_time, sqdiff: 1, 0.008922815322875977, 3.357199386872897
    MSN: Tensor(
        [[-0.60483749-0.05901999j -0.68995737+0.0486205j  -0.24980374-0.31034567j  0.56145263-0.0726474j ]
         [ 0.8744011 -1.33121123j  0.71588058+0.42301898j  0.55435479+0.12117628j -0.3593616 -0.60923089j]
         [-0.30551438-0.64325754j -0.39769344-0.84437148j  0.21220986-0.45120278j  0.33443479+0.68901945j]
         [-0.63875418-0.11814854j  0.51181503-0.3533596j   0.0345043 -0.1255096j  -0.62112591+0.21575853j]]
        labels=['kl', 'kr'],
        shape=(4, 4),
    )
    grad_by_reM_reM: Tensor(
        [ 4.21490339+5.55111512e-17j -1.67575196-2.77555756e-16j -0.76187635+8.88178420e-16j -1.22164034+0.00000000e+00j  1.36721039-4.44089210e-16j  1.87976289-1.22124533e-15j  2.7376596 +2.22044605e-16j  2.94451316-4.44089210e-16j]
        labels=[('kl', 'UVqxyDKt')],
        shape=(8,),
    )
    grad_by_imM_imM: Tensor(
        [ 0.62718353-4.44089210e-16j -0.19320457-3.33066907e-16j -1.95796354-4.44089210e-16j -2.72051536-3.33066907e-16j -3.48983467+6.66133815e-16j  1.71089104-6.66133815e-16j -0.76848898-1.11022302e-15j -3.16647486+6.66133815e-16j]
        labels=[('kl', 'UVqxyDKt')],
        shape=(8,),
    )
    hessian_by_M_M: [[ 44.71401884   4.36098741   8.45027747   4.36116218   6.28314875   3.37859722  -5.84016912  -3.42634727   0.           4.33393522 -17.52220709   2.91626875  -2.91596341   0.56872939  -6.93566526  -4.53945249]
     [  4.36098741  37.58456841 -12.41076445 -12.54065754   0.8736037    4.90349859   2.41596027   0.19378621  -4.33393522   0.           3.8321401   -3.15652377 -14.72443171  -3.94571982  -0.75055357  -4.41505696]
     [  8.45027747 -12.41076445  69.02971683  19.38677523   2.00384688   3.83500749 -15.3799454   -1.75610804  17.52220709  -3.8321401    0.          10.13948417   0.99826945  10.39435352 -16.06344766  -0.94386406]
     [  4.36116218 -12.54065754  19.38677523  32.24066366   3.68568611  -2.62937104  -6.06328777  -3.08704511  -2.91626875   3.15652377 -10.13948417   0.          10.74510088  12.03235783   3.94363806  19.02675423]
     [  6.28314875   0.8736037    2.00384688   3.68568611  53.64169939  -0.81071247  -3.4556906   -2.65193167   2.91596341  14.72443171  -0.99826945 -10.74510088   0.           6.56449674   6.09661495  -9.09262803]
     [  3.37859722   4.90349859   3.83500749  -2.62937104  -0.81071247  35.37382621  -4.76538517  -5.62895468  -0.56872939   3.94571982 -10.39435352 -12.03235783  -6.56449674   0.          -8.38503216  -4.10439063]
     [ -5.84016912   2.41596027 -15.3799454   -6.06328777  -3.4556906   -4.76538517  46.71858192  17.00578903   6.93566526   0.75055357  16.06344766  -3.94363806  -6.09661495   8.38503216   0.           5.74492804]
     [ -3.42634727   0.19378621  -1.75610804  -3.08704511  -2.65193167  -5.62895468  17.00578903  53.49432376   4.53945249   4.41505696   0.94386406 -19.02675423   9.09262803   4.10439063  -5.74492804   0.        ]
     [  0.          -4.33393522  17.52220709  -2.91626875   2.91596341  -0.56872939   6.93566526   4.53945249  44.71401884   4.36098741   8.45027747   4.36116218   6.28314875   3.37859722  -5.84016912  -3.42634727]
     [  4.33393522   0.          -3.8321401    3.15652377  14.72443171   3.94571982   0.75055357   4.41505696   4.36098741  37.58456841 -12.41076445 -12.54065754   0.8736037    4.90349859   2.41596027   0.19378621]
     [-17.52220709   3.8321401    0.         -10.13948417  -0.99826945 -10.39435352  16.06344766   0.94386406   8.45027747 -12.41076445  69.02971683  19.38677523   2.00384688   3.83500749 -15.3799454   -1.75610804]
     [  2.91626875  -3.15652377  10.13948417   0.         -10.74510088 -12.03235783  -3.94363806 -19.02675423   4.36116218 -12.54065754  19.38677523  32.24066366   3.68568611  -2.62937104  -6.06328777  -3.08704511]
     [ -2.91596341 -14.72443171   0.99826945  10.74510088   0.          -6.56449674  -6.09661495   9.09262803   6.28314875   0.8736037    2.00384688   3.68568611  53.64169939  -0.81071247  -3.4556906   -2.65193167]
     [  0.56872939  -3.94571982  10.39435352  12.03235783   6.56449674   0.           8.38503216   4.10439063   3.37859722   4.90349859   3.83500749  -2.62937104  -0.81071247  35.37382621  -4.76538517  -5.62895468]
     [ -6.93566526  -0.75055357 -16.06344766   3.94363806   6.09661495  -8.38503216   0.          -5.74492804  -5.84016912   2.41596027 -15.3799454   -6.06328777  -3.4556906   -4.76538517  46.71858192  17.00578903]
     [ -4.53945249  -4.41505696  -0.94386406  19.02675423  -9.09262803  -4.10439063   5.74492804   0.          -3.42634727   0.19378621  -1.75610804  -3.08704511  -2.65193167  -5.62895468  17.00578903  53.49432376]]
    eigvals of hessian_by_M_M: [  5.78227551   5.78227551  14.98142289  14.98142289  24.43776814  24.43776814  35.60094915  35.60094915  41.7757868   41.7757868   61.08485285  61.08485285  82.51539568  82.51539568 106.618948   106.618948  ]
WNAG:
    iter_times, elapsed_time, sqdiff: 1, 0.002804994583129883, 13.938810477742624
    MSN: Tensor(
        [[-0.83362271-0.32865256j -0.96148657+0.18625204j -0.04959483-0.04927872j  0.65671475-0.0852942j ]
         [ 0.79635641-1.4914231j   0.57355593+0.5746129j   0.76061743-0.34877323j -0.1957817 -0.73607489j]
         [-0.51300094-0.81325956j -0.29041946-0.84931971j -0.14197508-0.24798431j  0.05124465+0.5612388j ]
         [-0.89509246-0.00425635j  0.40221079-0.00624922j -0.24555441-0.3580242j  -0.45308069-0.08059939j]]
        labels=['kl', 'kr'],
        shape=(4, 4),
    )
    grad_by_reM_reM: Tensor(
        [ -1.74572095+8.88178420e-16j  -1.55105554+8.88178420e-16j  -9.83924761+1.33226763e-15j  -9.2129169 +5.55111512e-16j   4.87087929+0.00000000e+00j   5.77966074+8.88178420e-16j   4.77073962+1.11022302e-15j -14.94399763+0.00000000e+00j]
        labels=[('kl', 'UVqxyDKt')],
        shape=(8,),
    )
    grad_by_imM_imM: Tensor(
        [ -3.16136572-1.33226763e-15j  -9.64492553-1.33226763e-15j  -3.009759  -2.66453526e-15j  -1.25585911+8.88178420e-16j -17.71817356-8.88178420e-16j   0.61821931+4.44089210e-16j   2.56063049-8.88178420e-16j  -5.16037471-8.88178420e-16j]
        labels=[('kl', 'UVqxyDKt')],
        shape=(8,),
    )
    hessian_by_M_M: [[ 47.09000069  25.14687316   1.78019519   8.51672984   4.65664382   6.64743702  -4.93614014  -6.17761709   0.          13.22964152 -12.74482708  -7.67323327  -3.014711    -7.99505456  -8.0080617   -5.85354785]
     [ 25.14687316  60.01279953 -18.30048683 -19.48292911   9.71583141  15.59961711   1.26886789  -4.08562317 -13.22964152   0.          -4.10941284 -10.74059972 -15.89572833  -8.92005328   1.22929066  -8.66809721]
     [  1.78019519 -18.30048683  77.20915303  46.50906251   1.20691117   7.78021364 -18.58679832  -2.53213131  12.74482708   4.10941284   0.          25.84265698   8.94280859  11.861608   -13.01417306  -7.56571534]
     [  8.51672984 -19.48292911  46.50906251  68.92012895   6.21804877  -7.38291993 -16.22525717  -6.47130482   7.67323327  10.74059972 -25.84265698   0.          19.08440954  18.90452562  10.05297127  26.89146774]
     [  4.65664382   9.71583141   1.20691117   6.21804877  51.93084277  22.88991176  -8.1463818  -10.61807794   3.014711    15.89572833  -8.94280859 -19.08440954   0.          23.17792529   1.51827123  -8.45364051]
     [  6.64743702  15.59961711   7.78021364  -7.38291993  22.88991176  60.39375891  -3.43075134  -3.84972283   7.99505456   8.92005328 -11.861608   -18.90452562 -23.17792529   0.          -9.27444449 -12.74354436]
     [ -4.93614014   1.26886789 -18.58679832 -16.22525717  -8.1463818   -3.43075134  52.9904249   42.28807023   8.0080617   -1.22929066  13.01417306 -10.05297127  -1.51827123   9.27444449   0.          12.38719786]
     [ -6.17761709  -4.08562317  -2.53213131  -6.47130482 -10.61807794  -3.84972283  42.28807023  92.1458831    5.85354785   8.66809721   7.56571534 -26.89146774   8.45364051  12.74354436 -12.38719786   0.        ]
     [  0.         -13.22964152  12.74482708   7.67323327   3.014711     7.99505456   8.0080617    5.85354785  47.09000069  25.14687316   1.78019519   8.51672984   4.65664382   6.64743702  -4.93614014  -6.17761709]
     [ 13.22964152   0.           4.10941284  10.74059972  15.89572833   8.92005328  -1.22929066   8.66809721  25.14687316  60.01279953 -18.30048683 -19.48292911   9.71583141  15.59961711   1.26886789  -4.08562317]
     [-12.74482708  -4.10941284   0.         -25.84265698  -8.94280859 -11.861608    13.01417306   7.56571534   1.78019519 -18.30048683  77.20915303  46.50906251   1.20691117   7.78021364 -18.58679832  -2.53213131]
     [ -7.67323327 -10.74059972  25.84265698   0.         -19.08440954 -18.90452562 -10.05297127 -26.89146774   8.51672984 -19.48292911  46.50906251  68.92012895   6.21804877  -7.38291993 -16.22525717  -6.47130482]
     [ -3.014711   -15.89572833   8.94280859  19.08440954   0.         -23.17792529  -1.51827123   8.45364051   4.65664382   9.71583141   1.20691117   6.21804877  51.93084277  22.88991176  -8.1463818  -10.61807794]
     [ -7.99505456  -8.92005328  11.861608    18.90452562  23.17792529   0.           9.27444449  12.74354436   6.64743702  15.59961711   7.78021364  -7.38291993  22.88991176  60.39375891  -3.43075134  -3.84972283]
     [ -8.0080617    1.22929066 -13.01417306  10.05297127   1.51827123  -9.27444449   0.         -12.38719786  -4.93614014   1.26886789 -18.58679832 -16.22525717  -8.1463818   -3.43075134  52.9904249   42.28807023]
     [ -5.85354785  -8.66809721  -7.56571534  26.89146774  -8.45364051 -12.74354436  12.38719786   0.          -6.17761709  -4.08562317  -2.53213131  -6.47130482 -10.61807794  -3.84972283  42.28807023  92.1458831 ]]
    eigvals of hessian_by_M_M: [  5.33402301   5.33402301  12.91138852  12.91138852  19.4636402   19.4636402   27.26431549  27.26431549  61.91477188  61.91477188  76.01648512  76.01648512 142.87381732 142.87381732 164.91455033 164.91455033]
SNAG:
    iter_times, elapsed_time, sqdiff: 1, 0.004464149475097656, 6.535489369288336
    MSN: Tensor(
        [[-0.59628074-0.05308504j -0.77376284+0.18700456j -0.22074466-0.34279917j  0.64810578-0.27544306j]
         [ 0.7913053 -1.37970173j  0.79926298+0.56965589j  0.49591505-0.0287835j  -0.48988058-0.78508156j]
         [-0.60739267-0.56947636j -0.25496984-0.78098111j  0.13364248-0.40345895j  0.19350289+0.5901736j ]
         [-0.75373045-0.11331004j  0.37248434-0.19241889j -0.15357256-0.15615827j -0.52823966+0.09410405j]]
        labels=['kl', 'kr'],
        shape=(4, 4),
    )
    grad_by_reM_reM: Tensor(
        [ 4.8629746 +0.00000000e+00j -2.36088679+4.44089210e-16j -1.00486101+2.22044605e-16j -5.2257088 +0.00000000e+00j  0.87143963+4.44089210e-16j -3.82801073+8.88178420e-16j  1.02911729-8.88178420e-16j -3.88227872+0.00000000e+00j]
        labels=[('kl', 'UVqxyDKt')],
        shape=(8,),
    )
    grad_by_imM_imM: Tensor(
        [ 2.21450828+0.00000000e+00j -1.9865337 +2.22044605e-16j -1.20864407-4.44089210e-16j  2.62739828-4.44089210e-16j -6.33683221-5.55111512e-16j  0.02153268+2.22044605e-16j  1.40194234+2.22044605e-16j -8.89519965+4.44089210e-16j]
        labels=[('kl', 'UVqxyDKt')],
        shape=(8,),
    )
    hessian_by_M_M: [[ 42.73177867  13.79679762   6.91875925   5.48738064   4.95622417   5.5851377   -5.68376384  -2.48201448   0.           7.81583682 -14.53435018   1.53565186  -3.51976765  -0.17551111  -6.99788388  -6.55210849]
     [ 13.79679762  35.50933958 -13.54964209 -12.13217499   2.61665404   9.02474678   1.39143492  -1.08662268  -7.81583682   0.          -1.25270923  -4.92003837 -14.64606464  -6.24050475  -1.77710538  -3.89049825]
     [  6.91875925 -13.54964209  68.42706111  29.26161037   1.85685082   5.36433828 -15.63032149  -0.67059819  14.53435018   1.25270923   0.          14.93378869   2.63139788  12.08798647 -14.84092337  -2.32166702]
     [  5.48738064 -12.13217499  29.26161037  37.60075142   3.06096236  -0.67420421 -10.22831271  -4.54773173  -1.53565186   4.92003837 -14.93378869   0.          11.75436005  14.20046745   4.92174432  16.62819774]
     [  4.95622417   2.61665404   1.85685082   3.06096236  48.95391384   9.76024201  -3.57512057  -6.15197286   3.51976765  14.64606464  -2.63139788 -11.75436005   0.          10.84052375   4.13082574  -8.1007026 ]
     [  5.5851377    9.02474678   5.36433828  -0.67420421   9.76024201  34.85204047  -5.51311182  -6.84026266   0.17551111   6.24050475 -12.08798647 -14.20046745 -10.84052375   0.          -7.86734813  -5.41655788]
     [ -5.68376384   1.39143492 -15.63032149 -10.22831271  -3.57512057  -5.51311182  46.41323455  25.62209287   6.99788388   1.77710538  14.84092337  -4.92174432  -4.13082574   7.86734813   0.           8.59998955]
     [ -2.48201448  -1.08662268  -0.67059819  -4.54773173  -6.15197286  -6.84026266  25.62209287  58.5616464    6.55210849   3.89049825   2.32166702 -16.62819774   8.1007026    5.41655788  -8.59998955   0.        ]
     [  0.          -7.81583682  14.53435018  -1.53565186   3.51976765   0.17551111   6.99788388   6.55210849  42.73177867  13.79679762   6.91875925   5.48738064   4.95622417   5.5851377   -5.68376384  -2.48201448]
     [  7.81583682   0.           1.25270923   4.92003837  14.64606464   6.24050475   1.77710538   3.89049825  13.79679762  35.50933958 -13.54964209 -12.13217499   2.61665404   9.02474678   1.39143492  -1.08662268]
     [-14.53435018  -1.25270923   0.         -14.93378869  -2.63139788 -12.08798647  14.84092337   2.32166702   6.91875925 -13.54964209  68.42706111  29.26161037   1.85685082   5.36433828 -15.63032149  -0.67059819]
     [  1.53565186  -4.92003837  14.93378869   0.         -11.75436005 -14.20046745  -4.92174432 -16.62819774   5.48738064 -12.13217499  29.26161037  37.60075142   3.06096236  -0.67420421 -10.22831271  -4.54773173]
     [ -3.51976765 -14.64606464   2.63139788  11.75436005   0.         -10.84052375  -4.13082574   8.1007026    4.95622417   2.61665404   1.85685082   3.06096236  48.95391384   9.76024201  -3.57512057  -6.15197286]
     [ -0.17551111  -6.24050475  12.08798647  14.20046745  10.84052375   0.           7.86734813   5.41655788   5.5851377    9.02474678   5.36433828  -0.67420421   9.76024201  34.85204047  -5.51311182  -6.84026266]
     [ -6.99788388  -1.77710538 -14.84092337   4.92174432   4.13082574  -7.86734813   0.          -8.59998955  -5.68376384   1.39143492 -15.63032149 -10.22831271  -3.57512057  -5.51311182  46.41323455  25.62209287]
     [ -6.55210849  -3.89049825  -2.32166702  16.62819774  -8.1007026   -5.41655788   8.59998955   0.          -2.48201448  -1.08662268  -0.67059819  -4.54773173  -6.15197286  -6.84026266  25.62209287  58.5616464 ]]
    eigvals of hessian_by_M_M: [  4.48829296   4.48829296  11.5734665   11.5734665   18.09217836  18.09217836  27.56827639  27.56827639  41.79723101  41.79723101  60.27460557  60.27460557  92.46169398  92.46169398 116.79402127 116.79402127]
SSpiral(8):
    iter_times, elapsed_time, sqdiff: 1, 0.007278919219970703, 5.070569967065917
    MSN: Tensor(
        [[-0.73077702+0.03295266j -0.61409218-0.08837444j -0.32168208-0.27837942j  0.52337414+0.11589219j]
         [ 0.69520571-1.24855035j  0.95624797+0.57043902j  0.45731426+0.19170133j -0.72786574-0.70003367j]
         [-0.42836545-0.60851165j -0.34208188-0.63341835j  0.05598721-0.4644472j   0.25827442+0.57736532j]
         [-0.89388566-0.12395539j  0.60997197-0.2793043j   0.03246543-0.0783788j  -0.66781558+0.13710748j]]
        labels=['kl', 'kr'],
        shape=(4, 4),
    )
    grad_by_reM_reM: Tensor(
        [ 1.66220265+0.00000000e+00j -2.4482577 +4.44089210e-16j -0.66560368-2.22044605e-16j -7.79081543-1.11022302e-16j  2.58898572+0.00000000e+00j -2.51367393+1.11022302e-15j  0.58168379-1.11022302e-16j -1.30338353+8.88178420e-16j]
        labels=[('kl', 'UVqxyDKt')],
        shape=(8,),
    )
    grad_by_imM_imM: Tensor(
        [ 4.23113635+5.55111512e-16j -0.71605514+4.44089210e-16j -0.4778115 +4.44089210e-16j  1.5993363 +4.44089210e-16j -4.00869774+8.88178420e-16j -3.75194727-2.22044605e-16j -1.05750635+2.22044605e-16j -9.05637192-1.11022302e-16j]
        labels=[('kl', 'UVqxyDKt')],
        shape=(8,),
    )
    hessian_by_M_M: [[ 48.96056796   1.46550947  11.13505261   3.22474601   3.88946511   0.96825981  -6.36558587  -2.35785538   0.           3.9307085  -17.74179132   6.84092506  -1.67657213  -0.42531228  -7.52223741  -3.66446716]
     [  1.46550947  31.82553695  -9.157555    -9.47255031  -2.85322928   3.1621585    0.53004773   0.65449578  -3.9307085    0.           5.47195596  -3.07225536 -11.23962869  -2.93825118  -0.53943157  -2.78071608]
     [ 11.13505261  -9.157555    72.38096427  13.44863386   2.40081828   0.19005826 -15.55558832   0.45046187  17.74179132  -5.47195596   0.          15.62679616  -1.28484198   8.72602717 -17.58975229  -3.03807182]
     [  3.22474601  -9.47255031  13.44863386  26.16684574   4.03243227  -2.58730355  -7.69105552  -3.34484776  -6.84092506   3.07225536 -15.62679616   0.           6.11827468   8.5891301    4.07299472  12.90923774]
     [  3.88946511  -2.85322928   2.40081828   4.03243227  57.69184051  -4.63545598  -2.59359364   2.27160139   1.67657213  11.23962869   1.28484198  -6.11827468   0.           3.94610532   7.50171183  -7.92969264]
     [  0.96825981   3.1621585    0.19005826  -2.58730355  -4.63545598  27.75754475  -4.65724532  -4.36248357   0.42531228   2.93825118  -8.72602717  -8.5891301   -3.94610532   0.          -5.5914919   -3.68401326]
     [ -6.36558587   0.53004773 -15.55558832  -7.69105552  -2.59359364  -4.65724532  47.41402229  11.83349588   7.52223741   0.53943157  17.58975229  -4.07299472  -7.50171183   5.5914919    0.           4.15328842]
     [ -2.35785538   0.65449578   0.45046187  -3.34484776   2.27160139  -4.36248357  11.83349588  36.73657284   3.66446716   2.78071608   3.03807182 -12.90923774   7.92969264   3.68401326  -4.15328842   0.        ]
     [  0.          -3.9307085   17.74179132  -6.84092506   1.67657213   0.42531228   7.52223741   3.66446716  48.96056796   1.46550947  11.13505261   3.22474601   3.88946511   0.96825981  -6.36558587  -2.35785538]
     [  3.9307085    0.          -5.47195596   3.07225536  11.23962869   2.93825118   0.53943157   2.78071608   1.46550947  31.82553695  -9.157555    -9.47255031  -2.85322928   3.1621585    0.53004773   0.65449578]
     [-17.74179132   5.47195596   0.         -15.62679616   1.28484198  -8.72602717  17.58975229   3.03807182  11.13505261  -9.157555    72.38096427  13.44863386   2.40081828   0.19005826 -15.55558832   0.45046187]
     [  6.84092506  -3.07225536  15.62679616   0.          -6.11827468  -8.5891301   -4.07299472 -12.90923774   3.22474601  -9.47255031  13.44863386  26.16684574   4.03243227  -2.58730355  -7.69105552  -3.34484776]
     [ -1.67657213 -11.23962869  -1.28484198   6.11827468   0.          -3.94610532  -7.50171183   7.92969264   3.88946511  -2.85322928   2.40081828   4.03243227  57.69184051  -4.63545598  -2.59359364   2.27160139]
     [ -0.42531228  -2.93825118   8.72602717   8.5891301    3.94610532   0.           5.5914919    3.68401326   0.96825981   3.1621585    0.19005826  -2.58730355  -4.63545598  27.75754475  -4.65724532  -4.36248357]
     [ -7.52223741  -0.53943157 -17.58975229   4.07299472   7.50171183  -5.5914919    0.          -4.15328842  -6.36558587   0.53004773 -15.55558832  -7.69105552  -2.59359364  -4.65724532  47.41402229  11.83349588]
     [ -3.66446716  -2.78071608  -3.03807182  12.90923774  -7.92969264  -3.68401326   4.15328842   0.          -2.35785538   0.65449578   0.45046187  -3.34484776   2.27160139  -4.36248357  11.83349588  36.73657284]]
    eigvals of hessian_by_M_M: [  5.43792633   5.43792633  15.76516676  15.76516676  21.61067147  21.61067147  32.34017033  32.34017033  42.7978569   42.7978569   55.10845723  55.10845723  69.38778945  69.38778945 106.48585683 106.48585683]
SSpiral(11):
    iter_times, elapsed_time, sqdiff: 1, 0.005700111389160156, 6.313714442930872
    MSN: Tensor(
        [[-0.71457684+0.07804931j -0.57610173-0.12833241j -0.33771659-0.2466434j   0.49876764+0.16326605j]
         [ 0.64981432-1.16209366j  1.04063469+0.53979117j  0.43625761+0.21699284j -0.85721099-0.67511066j]
