b=4, chi=2, seed=710, 
NOR:
    iter_times, elapsed_time, sqdiff: 300, 0.6124701499938965, 2.804977536649969
    MSN: Tensor(
        [[ 0.58630065+1.20898204j -0.43217557+0.89517026j  1.00982591+0.20300935j  0.21474338-1.5676444j ]
         [-1.21754701+0.38466497j -1.15861476+1.54280869j -0.66914195+0.09798635j  0.89254331-0.38266103j]
         [-0.54784975+0.47277032j  0.93508741-0.99886161j -0.2805107 +1.20675886j  0.66019234+0.6639474j ]
         [-1.11046255-0.55766381j  0.15368987+0.2544921j  -1.24005939+0.08568645j  0.23689294+1.00454228j]]
        labels=['kl', 'kr'],
        shape=(4, 4),
    )
    grad_by_M: [ 2.55351296e-14 -1.83186799e-15  2.94209102e-15  7.64666108e-15  1.73194792e-14 -1.19348975e-14 -7.54951657e-15  2.55351296e-15 -2.20934382e-14 -8.86790641e-15 -9.15933995e-15 -7.39686090e-15 -5.88418203e-15 -1.06581410e-14 -2.97539771e-14 -6.16173779e-15]
    hessian_by_M_M: [[ 9.23799286e+01 -5.89686404e+00  2.42088371e+01  9.94089039e+00  2.00086120e+00  6.48860043e+00  1.20156763e+01  1.74166416e+01  0.00000000e+00 -1.23508359e+01  1.60782001e+01 -2.78901993e+00  3.62504875e+00  1.77702363e+01 -1.08262583e+01  5.51238436e+00]
     [-5.89686404e+00  5.65884753e+01 -1.84964555e+01 -8.40357385e+00 -9.64689200e-01  8.84975476e+00  4.23153950e+00 -4.67709346e+00  1.23508359e+01  0.00000000e+00 -3.16124218e-02 -2.83897510e+00  8.78273640e+00 -9.67138302e+00  1.68568683e+00 -8.78727001e+00]
     [ 2.42088371e+01 -1.84964555e+01  8.85313849e+01 -1.22104776e+00  6.59677155e+00  2.14905281e+01  1.00003138e+01  7.69898061e+00 -1.60782001e+01  3.16124218e-02  0.00000000e+00  1.71900706e+00  1.32896705e+01 -5.65585477e+00 -3.14782259e+00 -1.55386021e+01]
     [ 9.94089039e+00 -8.40357385e+00 -1.22104776e+00  2.40700009e+01  4.76597269e+00 -1.29512623e+00  3.56761516e+00  1.88789329e+00  2.78901993e+00  2.83897510e+00 -1.71900706e+00  0.00000000e+00 -1.01543965e+01  5.15647099e+00 -2.03594179e+01 -4.84447551e+00]
     [ 2.00086120e+00 -9.64689200e-01  6.59677155e+00  4.76597269e+00  4.34218639e+01 -4.93457344e+00  1.10453313e+01 -3.55916158e+00 -3.62504875e+00 -8.78273640e+00 -1.32896705e+01  1.01543965e+01  0.00000000e+00 -2.39924863e+01 -1.37396807e+01 -8.49284261e-01]
     [ 6.48860043e+00  8.84975476e+00  2.14905281e+01 -1.29512623e+00 -4.93457344e+00  6.23122674e+01  2.36014967e+00  1.16212460e+01 -1.77702363e+01  9.67138302e+00  5.65585477e+00 -5.15647099e+00  2.39924863e+01  0.00000000e+00 -8.12714567e-01 -1.30528214e+01]
     [ 1.20156763e+01  4.23153950e+00  1.00003138e+01  3.56761516e+00  1.10453313e+01  2.36014967e+00  6.99779750e+01 -1.43319043e+00  1.08262583e+01 -1.68568683e+00  3.14782259e+00  2.03594179e+01  1.37396807e+01  8.12714567e-01  0.00000000e+00 -9.50181767e+00]
     [ 1.74166416e+01 -4.67709346e+00  7.69898061e+00  1.88789329e+00 -3.55916158e+00  1.16212460e+01 -1.43319043e+00  4.78203605e+01 -5.51238436e+00  8.78727001e+00  1.55386021e+01  4.84447551e+00  8.49284261e-01  1.30528214e+01  9.50181767e+00  0.00000000e+00]
     [ 0.00000000e+00  1.23508359e+01 -1.60782001e+01  2.78901993e+00 -3.62504875e+00 -1.77702363e+01  1.08262583e+01 -5.51238436e+00  9.23799286e+01 -5.89686404e+00  2.42088371e+01  9.94089039e+00  2.00086120e+00  6.48860043e+00  1.20156763e+01  1.74166416e+01]
     [-1.23508359e+01  0.00000000e+00  3.16124218e-02  2.83897510e+00 -8.78273640e+00  9.67138302e+00 -1.68568683e+00  8.78727001e+00 -5.89686404e+00  5.65884753e+01 -1.84964555e+01 -8.40357385e+00 -9.64689200e-01  8.84975476e+00  4.23153950e+00 -4.67709346e+00]
     [ 1.60782001e+01 -3.16124218e-02  0.00000000e+00 -1.71900706e+00 -1.32896705e+01  5.65585477e+00  3.14782259e+00  1.55386021e+01  2.42088371e+01 -1.84964555e+01  8.85313849e+01 -1.22104776e+00  6.59677155e+00  2.14905281e+01  1.00003138e+01  7.69898061e+00]
     [-2.78901993e+00 -2.83897510e+00  1.71900706e+00  0.00000000e+00  1.01543965e+01 -5.15647099e+00  2.03594179e+01  4.84447551e+00  9.94089039e+00 -8.40357385e+00 -1.22104776e+00  2.40700009e+01  4.76597269e+00 -1.29512623e+00  3.56761516e+00  1.88789329e+00]
     [ 3.62504875e+00  8.78273640e+00  1.32896705e+01 -1.01543965e+01  0.00000000e+00  2.39924863e+01  1.37396807e+01  8.49284261e-01  2.00086120e+00 -9.64689200e-01  6.59677155e+00  4.76597269e+00  4.34218639e+01 -4.93457344e+00  1.10453313e+01 -3.55916158e+00]
     [ 1.77702363e+01 -9.67138302e+00 -5.65585477e+00  5.15647099e+00 -2.39924863e+01  0.00000000e+00  8.12714567e-01  1.30528214e+01  6.48860043e+00  8.84975476e+00  2.14905281e+01 -1.29512623e+00 -4.93457344e+00  6.23122674e+01  2.36014967e+00  1.16212460e+01]
     [-1.08262583e+01  1.68568683e+00 -3.14782259e+00 -2.03594179e+01 -1.37396807e+01 -8.12714567e-01  0.00000000e+00  9.50181767e+00  1.20156763e+01  4.23153950e+00  1.00003138e+01  3.56761516e+00  1.10453313e+01  2.36014967e+00  6.99779750e+01 -1.43319043e+00]
     [ 5.51238436e+00 -8.78727001e+00 -1.55386021e+01 -4.84447551e+00 -8.49284261e-01 -1.30528214e+01 -9.50181767e+00  0.00000000e+00  1.74166416e+01 -4.67709346e+00  7.69898061e+00  1.88789329e+00 -3.55916158e+00  1.16212460e+01 -1.43319043e+00  4.78203605e+01]]
    eigvals of hessian_by_M_M: [  8.47839912   8.47839912  18.86631117  18.86631117  28.61391433  28.61391433  44.60484844  44.60484844  57.35966736  57.35966736  73.03973384  73.03973384 106.08342537 106.08342537 148.05595691 148.05595691]
WCOR:
    iter_times, elapsed_time, sqdiff: 300, 0.722412109375, 2.804977536649968
    MSN: Tensor(
        [[ 0.58630065+1.20898204j -0.43217557+0.89517026j  1.00982591+0.20300935j  0.21474338-1.5676444j ]
         [-1.21754701+0.38466497j -1.15861476+1.54280869j -0.66914195+0.09798635j  0.89254331-0.38266103j]
         [-0.54784975+0.47277032j  0.93508741-0.99886161j -0.2805107 +1.20675886j  0.66019234+0.6639474j ]
         [-1.11046255-0.55766381j  0.15368987+0.2544921j  -1.24005939+0.08568645j  0.23689294+1.00454228j]]
        labels=['kl', 'kr'],
        shape=(4, 4),
    )
    grad_by_M: [ 1.66533454e-14  2.66453526e-15 -1.44606549e-14 -8.56259508e-15  3.60822483e-15 -2.52298182e-14 -3.26405569e-14  3.44169138e-15  3.15303339e-14  2.16869437e-14 -2.58404409e-14 -2.03170814e-14 -1.19348975e-14  1.68753900e-14 -1.44328993e-14  2.80886425e-14]
    hessian_by_M_M: [[ 70.85841812  -4.06305298  18.53777184  10.99714585   0.62956098   2.88493143   5.29199591  15.11871031   0.          -9.12840946  12.82812805   1.43378935  -1.26161514  15.38656276  -8.69531653   5.70314142]
     [ -4.06305298  46.55747554 -10.30685991  -7.65072085  -1.42399605   8.26787137   4.80790749  -1.43615514   9.12840946   0.           1.50159111  -3.34694811   8.7257243   -5.58605863   1.01732566  -7.18138362]
     [ 18.53777184 -10.30685991  64.86018605   3.51080359   0.7981878   17.24297774   5.49854399   6.74235643 -12.82812805  -1.50159111   0.           3.32185576  12.55458615  -2.85848299   2.88252825 -10.79100262]
     [ 10.99714585  -7.65072085   3.51080359  21.16981449   4.11034366   1.80488463   2.87482659   3.00519009  -1.43378935   3.34694811  -3.32185576   0.          -7.53893236   2.35696899 -15.37281503  -7.85306246]
     [  0.62956098  -1.42399605   0.7981878    4.11034366  36.16108684  -8.24574311   8.49529358  -3.6127735    1.26161514  -8.7257243  -12.55458615   7.53893236   0.         -20.21027176 -10.25796864  -0.15912344]
     [  2.88493143   8.26787137  17.24297774   1.80488463  -8.24574311  50.13610937   1.18618073   9.73863604 -15.38656276   5.58605863   2.85848299  -2.35696899  20.21027176   0.           0.10071526 -11.07338885]
     [  5.29199591   4.80790749   5.49854399   2.87482659   8.49529358   1.18618073  52.96030464  -1.52904265   8.69531653  -1.01732566  -2.88252825  15.37281503  10.25796864  -0.10071526   0.          -7.16644008]
     [ 15.11871031  -1.43615514   6.74235643   3.00519009  -3.6127735    9.73863604  -1.52904265  40.01240933  -5.70314142   7.18138362  10.79100262   7.85306246   0.15912344  11.07338885   7.16644008   0.        ]
     [  0.           9.12840946 -12.82812805  -1.43378935   1.26161514 -15.38656276   8.69531653  -5.70314142  70.85841812  -4.06305298  18.53777184  10.99714585   0.62956098   2.88493143   5.29199591  15.11871031]
     [ -9.12840946   0.          -1.50159111   3.34694811  -8.7257243    5.58605863  -1.01732566   7.18138362  -4.06305298  46.55747554 -10.30685991  -7.65072085  -1.42399605   8.26787137   4.80790749  -1.43615514]
     [ 12.82812805   1.50159111   0.          -3.32185576 -12.55458615   2.85848299  -2.88252825  10.79100262  18.53777184 -10.30685991  64.86018605   3.51080359   0.7981878   17.24297774   5.49854399   6.74235643]
     [  1.43378935  -3.34694811   3.32185576   0.           7.53893236  -2.35696899  15.37281503   7.85306246  10.99714585  -7.65072085   3.51080359  21.16981449   4.11034366   1.80488463   2.87482659   3.00519009]
     [ -1.26161514   8.7257243   12.55458615  -7.53893236   0.          20.21027176  10.25796864   0.15912344   0.62956098  -1.42399605   0.7981878    4.11034366  36.16108684  -8.24574311   8.49529358  -3.6127735 ]
     [ 15.38656276  -5.58605863  -2.85848299   2.35696899 -20.21027176   0.          -0.10071526  11.07338885   2.88493143   8.26787137  17.24297774   1.80488463  -8.24574311  50.13610937   1.18618073   9.73863604]
     [ -8.69531653   1.01732566   2.88252825 -15.37281503 -10.25796864   0.10071526   0.           7.16644008   5.29199591   4.80790749   5.49854399   2.87482659   8.49529358   1.18618073  52.96030464  -1.52904265]
     [  5.70314142  -7.18138362 -10.79100262  -7.85306246  -0.15912344 -11.07338885  -7.16644008   0.          15.11871031  -1.43615514   6.74235643   3.00519009  -3.6127735    9.73863604  -1.52904265  40.01240933]]
    eigvals of hessian_by_M_M: [  6.96941134   6.96941134  14.46029826  14.46029826  24.44949802  24.44949802  36.70912178  36.70912178  42.60805213  42.60805213  57.82097296  57.82097296  86.21177923  86.21177923 113.48667067 113.48667067]
WROR:
    iter_times, elapsed_time, sqdiff: 300, 0.6525299549102783, 2.804977536649967
    MSN: Tensor(
        [[ 0.58630065+1.20898204j -0.43217557+0.89517026j  1.00982591+0.20300935j  0.21474338-1.5676444j ]
         [-1.21754701+0.38466497j -1.15861476+1.54280869j -0.66914195+0.09798635j  0.89254331-0.38266103j]
         [-0.54784975+0.47277032j  0.93508741-0.99886161j -0.2805107 +1.20675886j  0.66019234+0.6639474j ]
         [-1.11046255-0.55766381j  0.15368987+0.2544921j  -1.24005939+0.08568645j  0.23689294+1.00454228j]]
        labels=['kl', 'kr'],
        shape=(4, 4),
    )
    grad_by_M: [-5.74540415e-15 -2.18852714e-14 -2.03032036e-14 -1.32394096e-14 -1.50402694e-14  4.88498131e-15 -3.48054918e-14 -4.18276525e-14 -1.67643677e-14  8.71525074e-15  4.83293960e-15 -2.91433544e-15 -1.95399252e-14  2.94209102e-15  1.20077559e-14  8.21565038e-15]
    hessian_by_M_M: [[ 1.61286086e+01 -2.23361231e+00  1.42549974e+00  8.16403771e+00  5.85970547e-01  4.52707054e-01 -1.95296513e+00  5.03287920e+00  0.00000000e+00 -1.56181303e+00  1.81527344e+00  3.84510815e+00 -3.37330909e+00  3.95488660e+00 -2.27753809e+00  8.64415637e-01]
     [-2.23361231e+00  3.26243265e+01  9.59476641e-01 -1.05983497e+00 -4.31055012e+00  6.02597617e+00  2.92454633e-02  6.00433970e+00  1.56181303e+00  0.00000000e+00  2.17537329e+00 -2.02300817e+00  2.10950185e+00  2.46428082e+00  1.45303521e+00 -5.08737402e+00]
     [ 1.42549974e+00  9.59476641e-01  9.67931935e+00  4.22247506e+00 -2.32021651e+00  2.51428978e+00 -2.36630947e-01 -7.60655630e-01 -1.81527344e+00 -2.17537329e+00  0.00000000e+00  2.50847611e+00  3.61495532e+00 -1.54313882e-01  2.61302204e+00  7.67905103e-01]
     [ 8.16403771e+00 -1.05983497e+00  4.22247506e+00  2.51034598e+01 -1.24405694e-01  7.44983819e+00  2.13637542e+00  5.75970760e+00 -3.84510815e+00  2.02300817e+00 -2.50847611e+00  0.00000000e+00  1.15027727e+00 -1.26891513e+00  1.85127274e-01 -1.13670109e+01]
     [ 5.85970547e-01 -4.31055012e+00 -2.32021651e+00 -1.24405694e-01  1.39624461e+01 -8.42913802e+00  2.49616460e+00 -2.26934452e+00  3.37330909e+00 -2.10950185e+00 -3.61495532e+00 -1.15027727e+00  0.00000000e+00 -6.46489715e+00 -2.78140602e+00  1.45790182e+00]
     [ 4.52707054e-01  6.02597617e+00  2.51428978e+00  7.44983819e+00 -8.42913802e+00  2.36039799e+01 -5.94699765e-01  6.10882939e+00 -3.95488660e+00 -2.46428082e+00  1.54313882e-01  1.26891513e+00  6.46489715e+00  0.00000000e+00  1.14839851e+00 -7.14917704e+00]
     [-1.95296513e+00  2.92454633e-02 -2.36630947e-01  2.13637542e+00  2.49616460e+00 -5.94699765e-01  1.23381833e+01 -2.75041177e+00  2.27753809e+00 -1.45303521e+00 -2.61302204e+00 -1.85127274e-01  2.78140602e+00 -1.14839851e+00  0.00000000e+00 -1.65580142e+00]
     [ 5.03287920e+00  6.00433970e+00 -7.60655630e-01  5.75970760e+00 -2.26934452e+00  6.10882939e+00 -2.75041177e+00  2.79794722e+01 -8.64415637e-01  5.08737402e+00 -7.67905103e-01  1.13670109e+01 -1.45790182e+00  7.14917704e+00  1.65580142e+00  0.00000000e+00]
     [ 0.00000000e+00  1.56181303e+00 -1.81527344e+00 -3.84510815e+00  3.37330909e+00 -3.95488660e+00  2.27753809e+00 -8.64415637e-01  1.61286086e+01 -2.23361231e+00  1.42549974e+00  8.16403771e+00  5.85970547e-01  4.52707054e-01 -1.95296513e+00  5.03287920e+00]
     [-1.56181303e+00  0.00000000e+00 -2.17537329e+00  2.02300817e+00 -2.10950185e+00 -2.46428082e+00 -1.45303521e+00  5.08737402e+00 -2.23361231e+00  3.26243265e+01  9.59476641e-01 -1.05983497e+00 -4.31055012e+00  6.02597617e+00  2.92454633e-02  6.00433970e+00]
     [ 1.81527344e+00  2.17537329e+00  0.00000000e+00 -2.50847611e+00 -3.61495532e+00  1.54313882e-01 -2.61302204e+00 -7.67905103e-01  1.42549974e+00  9.59476641e-01  9.67931935e+00  4.22247506e+00 -2.32021651e+00  2.51428978e+00 -2.36630947e-01 -7.60655630e-01]
     [ 3.84510815e+00 -2.02300817e+00  2.50847611e+00  0.00000000e+00 -1.15027727e+00  1.26891513e+00 -1.85127274e-01  1.13670109e+01  8.16403771e+00 -1.05983497e+00  4.22247506e+00  2.51034598e+01 -1.24405694e-01  7.44983819e+00  2.13637542e+00  5.75970760e+00]
     [-3.37330909e+00  2.10950185e+00  3.61495532e+00  1.15027727e+00  0.00000000e+00  6.46489715e+00  2.78140602e+00 -1.45790182e+00  5.85970547e-01 -4.31055012e+00 -2.32021651e+00 -1.24405694e-01  1.39624461e+01 -8.42913802e+00  2.49616460e+00 -2.26934452e+00]
     [ 3.95488660e+00  2.46428082e+00 -1.54313882e-01 -1.26891513e+00 -6.46489715e+00  0.00000000e+00 -1.14839851e+00  7.14917704e+00  4.52707054e-01  6.02597617e+00  2.51428978e+00  7.44983819e+00 -8.42913802e+00  2.36039799e+01 -5.94699765e-01  6.10882939e+00]
     [-2.27753809e+00  1.45303521e+00  2.61302204e+00  1.85127274e-01 -2.78140602e+00  1.14839851e+00  0.00000000e+00  1.65580142e+00 -1.95296513e+00  2.92454633e-02 -2.36630947e-01  2.13637542e+00  2.49616460e+00 -5.94699765e-01  1.23381833e+01 -2.75041177e+00]
     [ 8.64415637e-01 -5.08737402e+00  7.67905103e-01 -1.13670109e+01  1.45790182e+00 -7.14917704e+00 -1.65580142e+00  0.00000000e+00  5.03287920e+00  6.00433970e+00 -7.60655630e-01  5.75970760e+00 -2.26934452e+00  6.10882939e+00 -2.75041177e+00  2.79794722e+01]]
    eigvals of hessian_by_M_M: [ 3.37321217  3.37321217  5.40624629  5.40624629  7.1239971   7.1239971  14.24872133 14.24872133 17.60751678 17.60751678 23.9403014  23.9403014  35.87952558 35.87952558 53.84027523 53.84027523]
IWROR:
    iter_times, elapsed_time, sqdiff: 300, 0.6437780857086182, 2.8049775366499685
    MSN: Tensor(
        [[ 0.58630065+1.20898204j -0.43217557+0.89517026j  1.00982591+0.20300935j  0.21474338-1.5676444j ]
         [-1.21754701+0.38466497j -1.15861476+1.54280869j -0.66914195+0.09798635j  0.89254331-0.38266103j]
         [-0.54784975+0.47277032j  0.93508741-0.99886161j -0.2805107 +1.20675886j  0.66019234+0.6639474j ]
         [-1.11046255-0.55766381j  0.15368987+0.2544921j  -1.24005939+0.08568645j  0.23689294+1.00454228j]]
        labels=['kl', 'kr'],
        shape=(4, 4),
    )
    grad_by_M: [-1.06581410e-14 -2.37865283e-14  2.15105711e-15  1.09495746e-14 -1.72917236e-14 -8.99280650e-15 -2.38697950e-14 -2.40640841e-14 -1.08801856e-14  2.07611706e-14  1.28334843e-14 -1.76941795e-15 -1.32116540e-14  2.00256478e-14  7.46624984e-15 -3.88578059e-15]
    hessian_by_M_M: [[19.12596107  0.16989056  2.67265165  8.23427315  0.55410653  0.60487183 -1.85065459  5.91133911  0.          0.45441824  2.1823912   3.99576467 -3.81682578  4.66421069 -2.95428625  1.09810328]
     [ 0.16989056 28.35179555  0.83020105 -0.97359683 -3.69827205  5.25188875  0.22203458  5.18423597 -0.45441824  0.          2.09169734 -1.78422507  2.12999292  2.10882734  0.71138581 -4.42552495]
     [ 2.67265165  0.83020105 13.08851166  6.06859136 -2.57652985  3.24734078 -0.04561521  0.38965942 -2.1823912  -2.09169734  0.          4.36546923  4.22727048  0.31131089  3.31123193  0.24712756]
     [ 8.23427315 -0.97359683  6.06859136 21.7413961   0.41288714  6.45502167  1.876421    4.99193385 -3.99576467  1.78422507 -4.36546923  0.          0.56427463 -1.10483241 -1.16090754 -9.87620398]
     [ 0.55410653 -3.69827205 -2.57652985  0.41288714 14.53634613 -6.63915305  2.82962938 -1.45205715  3.81682578 -2.12999292 -4.22727048 -0.56427463  0.         -5.37849352 -3.06131104  1.27343752]
     [ 0.60487183  5.25188875  3.24734078  6.45502167 -6.63915305 20.60004696 -0.58083244  5.31957299 -4.66421069 -2.10882734 -0.31131089  1.10483241  5.37849352  0.          0.26453131 -6.22304378]
     [-1.85065459  0.22203458 -0.04561521  1.876421    2.82962938 -0.58083244 14.40466822 -0.68400921  2.95428625 -0.71138581 -3.31123193  1.16090754  3.06131104 -0.26453131  0.          0.03722324]
     [ 5.91133911  5.18423597  0.38965942  4.99193385 -1.45205715  5.31957299 -0.68400921 24.32526955 -1.09810328  4.42552495 -0.24712756  9.87620398 -1.27343752  6.22304378 -0.03722324  0.        ]
     [ 0.         -0.45441824 -2.1823912  -3.99576467  3.81682578 -4.66421069  2.95428625 -1.09810328 19.12596107  0.16989056  2.67265165  8.23427315  0.55410653  0.60487183 -1.85065459  5.91133911]
     [ 0.45441824  0.         -2.09169734  1.78422507 -2.12999292 -2.10882734 -0.71138581  4.42552495  0.16989056 28.35179555  0.83020105 -0.97359683 -3.69827205  5.25188875  0.22203458  5.18423597]
     [ 2.1823912   2.09169734  0.         -4.36546923 -4.22727048 -0.31131089 -3.31123193 -0.24712756  2.67265165  0.83020105 13.08851166  6.06859136 -2.57652985  3.24734078 -0.04561521  0.38965942]
     [ 3.99576467 -1.78422507  4.36546923  0.         -0.56427463  1.10483241  1.16090754  9.87620398  8.23427315 -0.97359683  6.06859136 21.7413961   0.41288714  6.45502167  1.876421    4.99193385]
     [-3.81682578  2.12999292  4.22727048  0.56427463  0.          5.37849352  3.06131104 -1.27343752  0.55410653 -3.69827205 -2.57652985  0.41288714 14.53634613 -6.63915305  2.82962938 -1.45205715]
     [ 4.66421069  2.10882734  0.31131089 -1.10483241 -5.37849352  0.         -0.26453131  6.22304378  0.60487183  5.25188875  3.24734078  6.45502167 -6.63915305 20.60004696 -0.58083244  5.31957299]
     [-2.95428625  0.71138581  3.31123193 -1.16090754 -3.06131104  0.26453131  0.         -0.03722324 -1.85065459  0.22203458 -0.04561521  1.876421    2.82962938 -0.58083244 14.40466822 -0.68400921]
     [ 1.09810328 -4.42552495  0.24712756 -9.87620398  1.27343752 -6.22304378  0.03722324  0.          5.91133911  5.18423597  0.38965942  4.99193385 -1.45205715  5.31957299 -0.68400921 24.32526955]]
    eigvals of hessian_by_M_M: [ 3.41603701  3.41603701  6.18109518  6.18109518  8.42044023  8.42044023 15.12299478 15.12299478 17.38152647 17.38152647 24.13385698 24.13385698 32.48058895 32.48058895 49.03745565 49.03745565]
WLBOR:
    iter_times, elapsed_time, sqdiff: 300, 1.6466526985168457, 2.8049775366499703
    MSN: Tensor(
        [[ 0.58630065+1.20898204j -0.43217557+0.89517027j  1.00982591+0.20300935j  0.21474338-1.5676444j ]
         [-1.21754701+0.38466497j -1.15861476+1.54280869j -0.66914195+0.09798635j  0.89254331-0.38266103j]
         [-0.54784975+0.47277032j  0.93508741-0.99886161j -0.2805107 +1.20675886j  0.66019235+0.6639474j ]
         [-1.11046254-0.55766381j  0.15368987+0.2544921j  -1.24005939+0.08568644j  0.23689293+1.00454228j]]
        labels=['kl', 'kr'],
        shape=(4, 4),
    )
    grad_by_M: [-5.19594376e-09 -3.31507150e-08  2.84300063e-08  1.12305947e-08  1.53983682e-08  4.00060238e-09 -1.35288211e-08 -1.25647973e-08  7.24348193e-09  9.42862696e-09 -8.12638967e-09  1.32911426e-08 -3.08885517e-09  1.30718033e-08  1.28084552e-08  2.48558596e-09]
    hessian_by_M_M: [[ 9.23579040e+01 -5.94230728e+00  2.42093285e+01  1.00103136e+01  2.02044773e+00  6.49460974e+00  1.20311526e+01  1.75187760e+01  0.00000000e+00 -1.23712216e+01  1.60261628e+01 -2.81104431e+00  3.61635491e+00  1.79212892e+01 -1.08545661e+01  5.59669070e+00]
     [-5.94230728e+00  5.73347899e+01 -1.86463095e+01 -8.50563858e+00 -9.62782344e-01  8.95723990e+00  4.24287845e+00 -4.75231468e+00  1.23712216e+01  0.00000000e+00  4.33709730e-02 -2.86359899e+00  8.82268547e+00 -9.81004072e+00  1.70182316e+00 -8.90038510e+00]
     [ 2.42093285e+01 -1.86463095e+01  8.85657545e+01 -1.28506696e+00  6.61276227e+00  2.16405061e+01  1.00151933e+01  7.80287443e+00 -1.60261628e+01 -4.33709730e-02  0.00000000e+00  1.74271071e+00  1.32576230e+01 -5.63547943e+00 -3.16384572e+00 -1.56146371e+01]
     [ 1.00103136e+01 -8.50563858e+00 -1.28506696e+00  2.43808481e+01  4.76557726e+00 -1.32983977e+00  3.51052657e+00  1.90348548e+00  2.81104431e+00  2.86359899e+00 -1.74271071e+00  0.00000000e+00 -1.02390265e+01  5.23888543e+00 -2.05041650e+01 -4.88307731e+00]
     [ 2.02044773e+00 -9.62782344e-01  6.61276227e+00  4.76557726e+00  4.33384910e+01 -4.90445190e+00  1.10485586e+01 -3.56333940e+00 -3.61635491e+00 -8.82268547e+00 -1.32576230e+01  1.02390265e+01  0.00000000e+00 -2.40573123e+01 -1.37326042e+01 -8.41049276e-01]
     [ 6.49460974e+00  8.95723990e+00  2.16405061e+01 -1.32983977e+00 -4.90445190e+00  6.31395720e+01  2.34715098e+00  1.17719328e+01 -1.79212892e+01  9.81004072e+00  5.63547943e+00 -5.23888543e+00  2.40573123e+01  0.00000000e+00 -8.38930582e-01 -1.32223080e+01]
     [ 1.20311526e+01  4.24287845e+00  1.00151933e+01  3.51052657e+00  1.10485586e+01  2.34715098e+00  6.99618787e+01 -1.44625492e+00  1.08545661e+01 -1.70182316e+00  3.16384572e+00  2.05041650e+01  1.37326042e+01  8.38930582e-01  0.00000000e+00 -9.49844402e+00]
     [ 1.75187760e+01 -4.75231468e+00  7.80287443e+00  1.90348548e+00 -3.56333940e+00  1.17719328e+01 -1.44625492e+00  4.84459278e+01 -5.59669070e+00  8.90038510e+00  1.56146371e+01  4.88307731e+00  8.41049276e-01  1.32223080e+01  9.49844402e+00  0.00000000e+00]
     [ 0.00000000e+00  1.23712216e+01 -1.60261628e+01  2.81104431e+00 -3.61635491e+00 -1.79212892e+01  1.08545661e+01 -5.59669070e+00  9.23579040e+01 -5.94230728e+00  2.42093285e+01  1.00103136e+01  2.02044773e+00  6.49460974e+00  1.20311526e+01  1.75187760e+01]
     [-1.23712216e+01  0.00000000e+00 -4.33709730e-02  2.86359899e+00 -8.82268547e+00  9.81004072e+00 -1.70182316e+00  8.90038510e+00 -5.94230728e+00  5.73347899e+01 -1.86463095e+01 -8.50563858e+00 -9.62782344e-01  8.95723990e+00  4.24287845e+00 -4.75231468e+00]
     [ 1.60261628e+01  4.33709730e-02  0.00000000e+00 -1.74271071e+00 -1.32576230e+01  5.63547943e+00  3.16384572e+00  1.56146371e+01  2.42093285e+01 -1.86463095e+01  8.85657545e+01 -1.28506696e+00  6.61276227e+00  2.16405061e+01  1.00151933e+01  7.80287443e+00]
     [-2.81104431e+00 -2.86359899e+00  1.74271071e+00  0.00000000e+00  1.02390265e+01 -5.23888543e+00  2.05041650e+01  4.88307731e+00  1.00103136e+01 -8.50563858e+00 -1.28506696e+00  2.43808481e+01  4.76557726e+00 -1.32983977e+00  3.51052657e+00  1.90348548e+00]
     [ 3.61635491e+00  8.82268547e+00  1.32576230e+01 -1.02390265e+01  0.00000000e+00  2.40573123e+01  1.37326042e+01  8.41049276e-01  2.02044773e+00 -9.62782344e-01  6.61276227e+00  4.76557726e+00  4.33384910e+01 -4.90445190e+00  1.10485586e+01 -3.56333940e+00]
     [ 1.79212892e+01 -9.81004072e+00 -5.63547943e+00  5.23888543e+00 -2.40573123e+01  0.00000000e+00  8.38930582e-01  1.32223080e+01  6.49460974e+00  8.95723990e+00  2.16405061e+01 -1.32983977e+00 -4.90445190e+00  6.31395720e+01  2.34715098e+00  1.17719328e+01]
     [-1.08545661e+01  1.70182316e+00 -3.16384572e+00 -2.05041650e+01 -1.37326042e+01 -8.38930582e-01  0.00000000e+00  9.49844402e+00  1.20311526e+01  4.24287845e+00  1.00151933e+01  3.51052657e+00  1.10485586e+01  2.34715098e+00  6.99618787e+01 -1.44625492e+00]
     [ 5.59669070e+00 -8.90038510e+00 -1.56146371e+01 -4.88307731e+00 -8.41049276e-01 -1.32223080e+01 -9.49844402e+00  0.00000000e+00  1.75187760e+01 -4.75231468e+00  7.80287443e+00  1.90348548e+00 -3.56333940e+00  1.17719328e+01 -1.44625492e+00  4.84459278e+01]]
    eigvals of hessian_by_M_M: [  8.57114197   8.57114197  18.98641931  18.98641931  28.90849112  28.90849112  44.99223653  44.99223653  57.47245641  57.47245641  73.5588266   73.5588266  106.58443361 106.58443361 148.45116039 148.45116039]
WNAG:
    iter_times, elapsed_time, sqdiff: 300, 0.7039060592651367, 2.817963442681023
    MSN: Tensor(
        [[ 0.5985576 +1.20525949j -0.42292476+0.89900521j  1.01307637+0.19469371j  0.20033188-1.5710094j ]
         [-1.21850319+0.39559187j -1.14522622+1.55867374j -0.67269674+0.10418379j  0.89030355-0.38990782j]
         [-0.54338221+0.48091362j  0.92911089-1.00877165j -0.26858554+1.21283556j  0.66750078+0.65728659j]
         [-1.11906383-0.54789285j  0.15604455+0.25611807j -1.24283298+0.09744326j  0.24709192+1.00378453j]]
        labels=['kl', 'kr'],
        shape=(4, 4),
    )
    grad_by_M: [ 8.18631442e+00 -4.23508080e+01 -1.38801417e+01 -9.97243703e-01  7.52301518e+01 -3.36279789e+01  4.10200859e+01  5.57898963e-02 -4.10730719e+01 -1.65138661e+00 -3.17645377e+00  1.44849319e+01 -2.16741529e+01 -7.19143900e+01  6.54319176e+00 -4.21026115e+01]
    hessian_by_M_M: [[ 610668.6276867   -96640.58617533   -9029.92276794  104552.32749678   35862.1646256   -17244.61833871   -5138.41293739  -26734.52532539       0.         -611563.20435115  103192.63150922   -7450.0276194   -11451.44804127  -34144.8062047   -27423.31627994    9616.25847105]
     [ -96640.58617533  627754.40840932 -102100.24195182   -9234.10029463    6095.10082853   36784.78704852   28275.97579794   -5623.61334282  611563.20435115       0.          -25552.28724072  106098.28638807   37635.58373204  -12154.68850456   -1030.13103153  -28259.7708885 ]
     [  -9029.92276794 -102100.24195182  303561.75142109  -48218.00065194    8630.03681533  100296.49043024   22946.24478182  -54862.37173113 -103192.63150922   25552.28724072       0.         -303888.75874653  101403.45291478  -24584.96260784  -51397.44248429  -14861.73097911]
     [ 104552.32749678   -9234.10029463  -48218.00065194  311876.44996926 -102985.28749652    8483.25043831   47611.2688566    23402.68160438    7450.0276194  -106098.28638807  303888.75874653       0.           -7680.63856647  104445.41086353   30914.35969565  -52328.94140616]
     [  35862.1646256     6095.10082853    8630.03681533 -102985.28749652  639619.43429696 -101009.66890489   95271.17408252 -146598.40202305   11451.44804127  -37635.58373204 -101403.45291478    7680.63856647       0.         -640655.06651003 -131392.322003    -74666.36325264]
     [ -17244.61833871   36784.78704852  100296.49043024    8483.25043831 -101009.66890489  657644.60711253  116543.66596041   97936.354908     34144.8062047    12154.68850456   24584.96260784 -104445.41086353  640655.06651003       0.          116170.37495783 -135027.79360464]
     [  -5138.41293739   28275.97579794   22946.24478182   47611.2688566    95271.17408252  116543.66596041  500755.22737595  -79192.41024048   27423.31627994    1030.13103153   51397.44248429  -30914.35969565  131392.322003   -116170.37495783       0.         -501457.8970851 ]
     [ -26734.52532539   -5623.61334282  -54862.37173113   23402.68160438 -146598.40202305   97936.354908    -79192.41024048  514686.75868867   -9616.25847105   28259.7708885    14861.73097911   52328.94140616   74666.36325264  135027.79360464  501457.8970851        0.        ]
     [      0.          611563.20435115 -103192.63150922    7450.0276194    11451.44804127   34144.8062047    27423.31627994   -9616.25847105  610668.6276867   -96640.58617533   -9029.92276794  104552.32749678   35862.1646256   -17244.61833871   -5138.41293739  -26734.52532539]
     [-611563.20435115       0.           25552.28724072 -106098.28638807  -37635.58373204   12154.68850456    1030.13103153   28259.7708885   -96640.58617533  627754.40840932 -102100.24195182   -9234.10029463    6095.10082853   36784.78704852   28275.97579794   -5623.61334282]
     [ 103192.63150922  -25552.28724072       0.          303888.75874653 -101403.45291478   24584.96260784   51397.44248429   14861.73097911   -9029.92276794 -102100.24195182  303561.75142109  -48218.00065194    8630.03681533  100296.49043024   22946.24478182  -54862.37173113]
     [  -7450.0276194   106098.28638807 -303888.75874653       0.            7680.63856647 -104445.41086353  -30914.35969565   52328.94140616  104552.32749678   -9234.10029463  -48218.00065194  311876.44996926 -102985.28749652    8483.25043831   47611.2688566    23402.68160438]
     [ -11451.44804127   37635.58373204  101403.45291478   -7680.63856647       0.          640655.06651003  131392.322003     74666.36325264   35862.1646256     6095.10082853    8630.03681533 -102985.28749652  639619.43429696 -101009.66890489   95271.17408252 -146598.40202305]
     [ -34144.8062047   -12154.68850456  -24584.96260784  104445.41086353 -640655.06651003       0.         -116170.37495783  135027.79360464  -17244.61833871   36784.78704852  100296.49043024    8483.25043831 -101009.66890489  657644.60711253  116543.66596041   97936.354908  ]
     [ -27423.31627994   -1030.13103153  -51397.44248429   30914.35969565 -131392.322003    116170.37495783       0.          501457.8970851    -5138.41293739   28275.97579794   22946.24478182   47611.2688566    95271.17408252  116543.66596041  500755.22737595  -79192.41024048]
     [   9616.25847105  -28259.7708885   -14861.73097911  -52328.94140616  -74666.36325264 -135027.79360464 -501457.8970851        0.          -26734.52532539   -5623.61334282  -54862.37173113   23402.68160438 -146598.40202305   97936.354908    -79192.41024048  514686.75868867]]
    eigvals of hessian_by_M_M: [2.09667330e-01 2.09667331e-01 2.62836468e-01 2.62836468e-01 4.44105503e-01 4.44105503e-01 9.55207067e-01 9.55207067e-01 4.46636544e+05 4.46636544e+05 8.61338659e+05 8.61338659e+05 1.29996692e+06 1.29996692e+06 1.55862327e+06 1.55862327e+06]
SNAG:
    iter_times, elapsed_time, sqdiff: 300, 0.6316390037536621, 2.80497753664997
    MSN: Tensor(
        [[ 0.58630065+1.20898204j -0.43217557+0.89517026j  1.00982591+0.20300935j  0.21474338-1.5676444j ]
         [-1.21754701+0.38466497j -1.15861476+1.54280869j -0.66914195+0.09798635j  0.89254331-0.38266103j]
         [-0.54784975+0.47277032j  0.93508741-0.99886161j -0.2805107 +1.20675886j  0.66019234+0.6639474j ]
         [-1.11046255-0.55766381j  0.15368987+0.2544921j  -1.24005939+0.08568645j  0.23689294+1.00454228j]]
        labels=['kl', 'kr'],
        shape=(4, 4),
    )
    grad_by_M: [-2.20656826e-15 -3.63598041e-15  1.13797860e-15  6.30311775e-15  2.91433544e-16  1.69309011e-15 -2.88657986e-15 -1.29757316e-15  3.30291350e-15  5.06539255e-16  2.62637134e-15  4.23619473e-15 -4.57966998e-15  4.79824513e-15 -5.46784840e-15 -5.52335955e-15]
    hessian_by_M_M: [[ 1.21018490e+01 -1.02376619e+00  2.73997581e+00  1.95274933e+00  4.16985236e-01  2.09950009e-01 -3.73790303e-02  3.06018815e+00  0.00000000e+00  4.09946045e+00  1.14873274e+00  1.92264014e+00 -1.65986278e+00  2.72994171e+00 -2.19654031e+00  1.44019323e+00]
     [-1.02376619e+00  7.51216157e+00 -2.56627839e-01 -5.81810484e-01 -1.01361043e+00  1.65213212e+00 -1.79426755e-01  7.46996872e-01 -4.09946045e+00  0.00000000e+00 -4.25254105e-03 -1.28875318e+00  1.08791773e+00 -4.54212953e-01  7.89934678e-02 -1.71267798e+00]
     [ 2.73997581e+00 -2.56627839e-01  1.06209354e+01  7.59628761e-01 -7.51436815e-01  1.53554524e+00  6.03224179e-01  8.71371509e-01 -1.14873274e+00  4.25254105e-03  0.00000000e+00  5.18817521e+00  2.15123494e+00  1.45889915e-01  1.46906916e+00 -4.05989331e-01]
     [ 1.95274933e+00 -5.81810484e-01  7.59628761e-01  5.49075840e+00  1.00587276e+00  1.13210936e+00  2.11830600e-01  1.11849305e+00 -1.92264014e+00  1.28875318e+00 -5.18817521e+00  0.00000000e+00 -8.13094557e-01 -3.46146790e-01 -2.02080288e+00 -1.99405833e+00]
     [ 4.16985236e-01 -1.01361043e+00 -7.51436815e-01  1.00587276e+00  6.39144303e+00 -2.21523350e+00  1.67473782e+00  6.34334611e-02  1.65986278e+00 -1.08791773e+00 -2.15123494e+00  8.13094557e-01  0.00000000e+00  1.18094356e-01 -1.71742694e+00  1.01807117e+00]
     [ 2.09950009e-01  1.65213212e+00  1.53554524e+00  1.13210936e+00 -2.21523350e+00  5.54535376e+00 -9.75149273e-01  1.58102124e+00 -2.72994171e+00  4.54212953e-01 -1.45889915e-01  3.46146790e-01 -1.18094356e-01  0.00000000e+00 -5.11205932e-01 -1.62824822e+00]
     [-3.73790303e-02 -1.79426755e-01  6.03224179e-01  2.11830600e-01  1.67473782e+00 -9.75149273e-01  8.98711692e+00 -8.18329204e-01  2.19654031e+00 -7.89934678e-02 -1.46906916e+00  2.02080288e+00  1.71742694e+00  5.11205932e-01  0.00000000e+00  3.13666391e+00]
     [ 3.06018815e+00  7.46996872e-01  8.71371509e-01  1.11849305e+00  6.34334611e-02  1.58102124e+00 -8.18329204e-01  6.41742777e+00 -1.44019323e+00  1.71267798e+00  4.05989331e-01  1.99405833e+00 -1.01807117e+00  1.62824822e+00 -3.13666391e+00  0.00000000e+00]
     [ 0.00000000e+00 -4.09946045e+00 -1.14873274e+00 -1.92264014e+00  1.65986278e+00 -2.72994171e+00  2.19654031e+00 -1.44019323e+00  1.21018490e+01 -1.02376619e+00  2.73997581e+00  1.95274933e+00  4.16985236e-01  2.09950009e-01 -3.73790303e-02  3.06018815e+00]
     [ 4.09946045e+00  0.00000000e+00  4.25254105e-03  1.28875318e+00 -1.08791773e+00  4.54212953e-01 -7.89934678e-02  1.71267798e+00 -1.02376619e+00  7.51216157e+00 -2.56627839e-01 -5.81810484e-01 -1.01361043e+00  1.65213212e+00 -1.79426755e-01  7.46996872e-01]
     [ 1.14873274e+00 -4.25254105e-03  0.00000000e+00 -5.18817521e+00 -2.15123494e+00 -1.45889915e-01 -1.46906916e+00  4.05989331e-01  2.73997581e+00 -2.56627839e-01  1.06209354e+01  7.59628761e-01 -7.51436815e-01  1.53554524e+00  6.03224179e-01  8.71371509e-01]
     [ 1.92264014e+00 -1.28875318e+00  5.18817521e+00  0.00000000e+00  8.13094557e-01  3.46146790e-01  2.02080288e+00  1.99405833e+00  1.95274933e+00 -5.81810484e-01  7.59628761e-01  5.49075840e+00  1.00587276e+00  1.13210936e+00  2.11830600e-01  1.11849305e+00]
     [-1.65986278e+00  1.08791773e+00  2.15123494e+00 -8.13094557e-01  0.00000000e+00 -1.18094356e-01  1.71742694e+00 -1.01807117e+00  4.16985236e-01 -1.01361043e+00 -7.51436815e-01  1.00587276e+00  6.39144303e+00 -2.21523350e+00  1.67473782e+00  6.34334611e-02]
     [ 2.72994171e+00 -4.54212953e-01  1.45889915e-01 -3.46146790e-01  1.18094356e-01  0.00000000e+00  5.11205932e-01  1.62824822e+00  2.09950009e-01  1.65213212e+00  1.53554524e+00  1.13210936e+00 -2.21523350e+00  5.54535376e+00 -9.75149273e-01  1.58102124e+00]
     [-2.19654031e+00  7.89934678e-02  1.46906916e+00 -2.02080288e+00 -1.71742694e+00 -5.11205932e-01  0.00000000e+00 -3.13666391e+00 -3.73790303e-02 -1.79426755e-01  6.03224179e-01  2.11830600e-01  1.67473782e+00 -9.75149273e-01  8.98711692e+00 -8.18329204e-01]
     [ 1.44019323e+00 -1.71267798e+00 -4.05989331e-01 -1.99405833e+00  1.01807117e+00 -1.62824822e+00  3.13666391e+00  0.00000000e+00  3.06018815e+00  7.46996872e-01  8.71371509e-01  1.11849305e+00  6.34334611e-02  1.58102124e+00 -8.18329204e-01  6.41742777e+00]]
    eigvals of hessian_by_M_M: [ 0.8475696   0.8475696   2.6008434   2.6008434   3.27435216  3.27435216  4.45268318  4.45268318  6.06084006  6.06084006  9.33710439  9.33710439 15.61440202 15.61440202 20.87925103 20.87925103]
SSpiral(8):
    iter_times, elapsed_time, sqdiff: 300, 1.0300250053405762, 2.8049775366499703
    MSN: Tensor(
        [[ 0.58630065+1.20898204j -0.43217557+0.89517026j  1.00982591+0.20300935j  0.21474338-1.5676444j ]
         [-1.21754701+0.38466497j -1.15861476+1.54280869j -0.66914195+0.09798635j  0.89254331-0.38266103j]
         [-0.54784975+0.47277032j  0.93508741-0.99886161j -0.2805107 +1.20675886j  0.66019234+0.6639474j ]
         [-1.11046255-0.55766381j  0.15368987+0.2544921j  -1.24005939+0.08568645j  0.23689294+1.00454228j]]
        labels=['kl', 'kr'],
        shape=(4, 4),
    )
    grad_by_M: [ 6.91946500e-14 -2.95874436e-14 -4.20496971e-14  2.65898414e-14  7.21644966e-15 -2.95874436e-14  8.02691247e-14  8.65973959e-15  4.34097203e-14 -1.29340982e-14 -4.71844785e-15  2.11775042e-14  1.69864123e-14  2.48689958e-14  1.50990331e-14 -4.77395901e-15]
    hessian_by_M_M: [[ 95.65976958  -6.48453344  24.94654794  11.24178549   1.7673075    8.23862215  12.146875    19.26222935   0.         -16.47136606  17.38812449  -3.72031588   3.86722027  18.76074243 -10.73023152   4.53584355]
     [ -6.48453344  66.98326851 -20.09231617  -9.98704171  -1.51945175  10.37422108   5.15446944  -5.23118218  16.47136606   0.          -1.12887881  -2.91601906   9.97946027 -10.86025695   2.12859843 -10.03476717]
     [ 24.94654794 -20.09231617  90.77984951  -0.13352228   6.55494371  23.61336151  10.08332125   7.13205017 -17.38812449   1.12887881   0.          -0.26054706  14.20726991  -7.80259573  -3.00531355 -17.88676793]
     [ 11.24178549  -9.98704171  -0.13352228  28.32390633   5.72611156  -1.18447207   5.85154224   2.32845868   3.72031588   2.91601906   0.26054706   0.         -10.53846494   6.11212719 -21.83772137  -6.21097232]
     [  1.7673075   -1.51945175   6.55494371   5.72611156  46.13807909  -7.03435485  11.35097843  -4.54156859  -3.86722027  -9.97946027 -14.20726991  10.53846494   0.         -28.71318212 -14.29187606  -1.33266043]
     [  8.23862215  10.37422108  23.61336151  -1.18447207  -7.03435485  74.12443667   3.39799943  13.68874122 -18.76074243  10.86025695   7.80259573  -6.11212719  28.71318212   0.          -0.25919172 -15.51988499]
     [ 12.146875     5.15446944  10.08332125   5.85154224  11.35097843   3.39799943  72.45903738  -1.62323737  10.73023152  -2.12859843   3.00531355  21.83772137  14.29187606   0.25919172   0.         -13.04001796]
     [ 19.26222935  -5.23118218   7.13205017   2.32845868  -4.54156859  13.68874122  -1.62323737  56.68202607  -4.53584355  10.03476717  17.88676793   6.21097232   1.33266043  15.51988499  13.04001796   0.        ]
     [  0.          16.47136606 -17.38812449   3.72031588  -3.86722027 -18.76074243  10.73023152  -4.53584355  95.65976958  -6.48453344  24.94654794  11.24178549   1.7673075    8.23862215  12.146875    19.26222935]
     [-16.47136606   0.           1.12887881   2.91601906  -9.97946027  10.86025695  -2.12859843  10.03476717  -6.48453344  66.98326851 -20.09231617  -9.98704171  -1.51945175  10.37422108   5.15446944  -5.23118218]
     [ 17.38812449  -1.12887881   0.           0.26054706 -14.20726991   7.80259573   3.00531355  17.88676793  24.94654794 -20.09231617  90.77984951  -0.13352228   6.55494371  23.61336151  10.08332125   7.13205017]
     [ -3.72031588  -2.91601906  -0.26054706   0.          10.53846494  -6.11212719  21.83772137   6.21097232  11.24178549  -9.98704171  -0.13352228  28.32390633   5.72611156  -1.18447207   5.85154224   2.32845868]
     [  3.86722027   9.97946027  14.20726991 -10.53846494   0.          28.71318212  14.29187606   1.33266043   1.7673075   -1.51945175   6.55494371   5.72611156  46.13807909  -7.03435485  11.35097843  -4.54156859]
     [ 18.76074243 -10.86025695  -7.80259573   6.11212719 -28.71318212   0.           0.25919172  15.51988499   8.23862215  10.37422108  23.61336151  -1.18447207  -7.03435485  74.12443667   3.39799943  13.68874122]
     [-10.73023152   2.12859843  -3.00531355 -21.83772137 -14.29187606  -0.25919172   0.          13.04001796  12.146875     5.15446944  10.08332125   5.85154224  11.35097843   3.39799943  72.45903738  -1.62323737]
