b=4, chi=2, seed=767, 
NOR:
    iter_times, elapsed_time, sqdiff: 300, 0.3927910327911377, 2.5061079609181243
    MSN: Tensor(
        [[-0.06612968-0.53859246j -0.50080205-0.20564062j -0.41504267-0.070565j    0.03123283-0.49204719j]
         [-0.22430127+0.17976842j  1.18354371+0.4123208j   1.33935055-0.39979401j -0.68892796+1.25167848j]
         [-0.57446876+0.29339379j -0.28693814+0.08329216j -0.54331051+0.08556996j  0.08682118+0.05799688j]
         [ 0.49204943+1.09960738j -0.11423873+0.3759762j  -0.25077991+1.00677616j  0.35733596-0.35666655j]]
        labels=['kl', 'kr'],
        shape=(4, 4),
    )
    grad_by_M: [ 9.88098492e-15 -8.99280650e-15  6.32827124e-15 -3.21964677e-15 -5.16253706e-15 -7.21644966e-15 -1.70558012e-14  6.78623824e-15 -1.44328993e-15 -8.71525074e-15  2.35922393e-14 -2.28983499e-15  6.32827124e-15 -1.94844141e-14  5.54417623e-15 -3.70536934e-15]
    hessian_by_M_M: [[ 42.00797327   7.11503323   9.01437323   0.39987574  11.65062401  -4.6642032    4.84171672  10.39170548   0.         -17.24134006  -3.31268398   2.78064231 -10.60001411   0.72076756  -4.29608354  13.91587487]
     [  7.11503323  39.77685399  -4.11268795  -6.6839936   11.46195335  16.67127406   8.25756704  -7.05293009  17.24134006   0.           3.10854547  -8.0196445  -11.48192193  -0.25305323  -6.47371859   2.43936902]
     [  9.01437323  -4.11268795  53.62770684  -2.31232033  20.36760106  -4.21478436  -1.90630082  17.19146774   3.31268398  -3.10854547   0.          19.14510356   3.5637984    5.0204636    1.92635404   1.27242601]
     [  0.39987574  -6.6839936   -2.31232033  62.73408083  11.66570022   1.31606491 -15.90875274   9.06676239  -2.78064231   8.0196445  -19.14510356   0.          -5.43658291 -16.06983099   1.59186757 -13.80443422]
     [ 11.65062401  11.46195335  20.36760106  11.66570022  50.69485779  -2.88661498   1.91758527   0.09822092  10.60001411  11.48192193  -3.5637984    5.43658291   0.           2.40068847   1.93390023   6.09947697]
     [ -4.6642032   16.67127406  -4.21478436   1.31606491  -2.88661498  54.82228109  -0.39806143  -2.71981338  -0.72076756   0.25305323  -5.0204636   16.06983099  -2.40068847   0.         -15.74714406   3.85609398]
     [  4.84171672   8.25756704  -1.90630082 -15.90875274   1.91758527  -0.39806143  36.4605001   -4.7771816    4.29608354   6.47371859  -1.92635404  -1.59186757  -1.93390023  15.74714406   0.           0.91492771]
     [ 10.39170548  -7.05293009  17.19146774   9.06676239   0.09822092  -2.71981338  -4.7771816   40.70203721 -13.91587487  -2.43936902  -1.27242601  13.80443422  -6.09947697  -3.85609398  -0.91492771   0.        ]
     [  0.          17.24134006   3.31268398  -2.78064231  10.60001411  -0.72076756   4.29608354 -13.91587487  42.00797327   7.11503323   9.01437323   0.39987574  11.65062401  -4.6642032    4.84171672  10.39170548]
     [-17.24134006   0.          -3.10854547   8.0196445   11.48192193   0.25305323   6.47371859  -2.43936902   7.11503323  39.77685399  -4.11268795  -6.6839936   11.46195335  16.67127406   8.25756704  -7.05293009]
     [ -3.31268398   3.10854547   0.         -19.14510356  -3.5637984   -5.0204636   -1.92635404  -1.27242601   9.01437323  -4.11268795  53.62770684  -2.31232033  20.36760106  -4.21478436  -1.90630082  17.19146774]
     [  2.78064231  -8.0196445   19.14510356   0.           5.43658291  16.06983099  -1.59186757  13.80443422   0.39987574  -6.6839936   -2.31232033  62.73408083  11.66570022   1.31606491 -15.90875274   9.06676239]
     [-10.60001411 -11.48192193   3.5637984   -5.43658291   0.          -2.40068847  -1.93390023  -6.09947697  11.65062401  11.46195335  20.36760106  11.66570022  50.69485779  -2.88661498   1.91758527   0.09822092]
     [  0.72076756  -0.25305323   5.0204636  -16.06983099   2.40068847   0.          15.74714406  -3.85609398  -4.6642032   16.67127406  -4.21478436   1.31606491  -2.88661498  54.82228109  -0.39806143  -2.71981338]
     [ -4.29608354  -6.47371859   1.92635404   1.59186757   1.93390023 -15.74714406   0.          -0.91492771   4.84171672   8.25756704  -1.90630082 -15.90875274   1.91758527  -0.39806143  36.4605001   -4.7771816 ]
     [ 13.91587487   2.43936902   1.27242601 -13.80443422   6.09947697   3.85609398   0.91492771   0.          10.39170548  -7.05293009  17.19146774   9.06676239   0.09822092  -2.71981338  -4.7771816   40.70203721]]
    hessian: [[ 42.00797327-1.77635684e-15j   7.11503323+0.00000000e+00j   9.01437323-4.44089210e-16j ...   1.10007577+5.55111512e-17j  -8.04289326+1.77635684e-15j  -9.13976583+0.00000000e+00j]
     [  7.11503323+0.00000000e+00j  39.77685399+0.00000000e+00j  -4.11268795-2.22044605e-16j ...  -2.82197625+0.00000000e+00j -21.44562136+0.00000000e+00j   2.30305281+0.00000000e+00j]
     [  9.01437323-4.44089210e-16j  -4.11268795-2.22044605e-16j  53.62770684+0.00000000e+00j ...  -4.57923309+0.00000000e+00j   1.66288565+0.00000000e+00j   1.69107606+8.88178420e-16j]
     ...
     [  1.10007577+5.55111512e-17j  -2.82197625+0.00000000e+00j  -4.57923309+0.00000000e+00j ...  22.61772895+0.00000000e+00j   1.35010423+4.44089210e-16j  -4.01208834+0.00000000e+00j]
     [ -8.04289326+1.77635684e-15j -21.44562136+0.00000000e+00j   1.66288565+0.00000000e+00j ...   1.35010423+4.44089210e-16j  69.08536771+3.55271368e-15j   1.92485484+0.00000000e+00j]
     [ -9.13976583+0.00000000e+00j   2.30305281+0.00000000e+00j   1.69107606+8.88178420e-16j ...  -4.01208834+0.00000000e+00j   1.92485484+0.00000000e+00j  35.21454952-4.44089210e-16j]]
    eigvals of hessian_by_M_M: [  5.52720189   5.52720189  17.02266407  17.02266407  23.58082132  23.58082132  29.24483064  29.24483064  38.05272847  38.05272847  77.08931988  77.08931988  85.028164    85.028164   105.28056084 105.28056084]
WCOR:
    iter_times, elapsed_time, sqdiff: 300, 0.665363073348999, 2.5061079609181247
    MSN: Tensor(
        [[-0.06612968-0.53859246j -0.50080205-0.20564062j -0.41504267-0.070565j    0.03123283-0.49204719j]
         [-0.22430127+0.17976842j  1.18354371+0.4123208j   1.33935055-0.39979401j -0.68892796+1.25167848j]
         [-0.57446876+0.29339379j -0.28693814+0.08329216j -0.54331051+0.08556996j  0.08682118+0.05799688j]
         [ 0.49204943+1.09960738j -0.11423873+0.3759762j  -0.25077991+1.00677616j  0.35733596-0.35666655j]]
        labels=['kl', 'kr'],
        shape=(4, 4),
    )
    grad_by_M: [ 1.12410081e-15 -4.21884749e-15 -7.68829445e-15 -2.88657986e-15  1.06581410e-14 -2.05946371e-14 -5.71764858e-15  3.49720253e-15  2.99760217e-15 -6.18949336e-15  5.32907052e-15 -2.24126273e-15  4.46864767e-15 -6.43929354e-15 -2.48412402e-15 -3.21791205e-15]
    hessian_by_M_M: [[ 3.56870247e+01 -1.78485325e-01  7.57899827e+00  2.05197029e+00  8.18115557e+00 -3.41836955e+00  3.48755419e-01  1.22842808e+01  0.00000000e+00 -8.56806779e+00 -3.15719926e+00  5.24774614e+00 -8.55933840e+00  2.05887492e+00 -4.07413648e+00  1.00097371e+01]
     [-1.78485325e-01  2.73695700e+01 -3.07381009e+00 -5.01839959e+00  7.09107586e+00  1.63822895e+01  7.34330870e+00 -1.77832934e+00  8.56806779e+00  0.00000000e+00  6.81887820e-01 -7.63366879e+00 -9.13916266e+00  2.59087023e+00 -5.05084750e+00  1.26031695e+00]
     [ 7.57899827e+00 -3.07381009e+00  4.24733728e+01 -5.56419424e+00  1.49757585e+01 -3.68784704e+00 -1.47386949e+00  1.15414255e+01  3.15719926e+00 -6.81887820e-01  0.00000000e+00  2.27676987e+01  1.49000463e+00  1.01363761e+01  3.29186711e+00 -3.36340462e-01]
     [ 2.05197029e+00 -5.01839959e+00 -5.56419424e+00  6.10344831e+01  1.17353968e+01  3.96809549e+00 -1.27921893e+01  7.19641442e+00 -5.24774614e+00  7.63366879e+00 -2.27676987e+01  0.00000000e+00 -4.43395231e+00 -9.78216022e+00  1.76214755e+00 -1.76255614e+01]
     [ 8.18115557e+00  7.09107586e+00  1.49757585e+01  1.17353968e+01  4.24098422e+01 -7.31751551e+00 -2.24176888e-03  7.71774706e-01  8.55933840e+00  9.13916266e+00 -1.49000463e+00  4.43395231e+00  0.00000000e+00  9.59341186e+00  2.71081023e+00  4.72491143e+00]
     [-3.41836955e+00  1.63822895e+01 -3.68784704e+00  3.96809549e+00 -7.31751551e+00  4.79467101e+01  2.54064251e+00  2.14951285e+00 -2.05887492e+00 -2.59087023e+00 -1.01363761e+01  9.78216022e+00 -9.59341186e+00  0.00000000e+00 -1.34179752e+01  3.25994962e+00]
     [ 3.48755419e-01  7.34330870e+00 -1.47386949e+00 -1.27921893e+01 -2.24176888e-03  2.54064251e+00  3.12198625e+01 -7.70422950e+00  4.07413648e+00  5.05084750e+00 -3.29186711e+00 -1.76214755e+00 -2.71081023e+00  1.34179752e+01  0.00000000e+00  6.70175459e+00]
     [ 1.22842808e+01 -1.77832934e+00  1.15414255e+01  7.19641442e+00  7.71774706e-01  2.14951285e+00 -7.70422950e+00  3.52757207e+01 -1.00097371e+01 -1.26031695e+00  3.36340462e-01  1.76255614e+01 -4.72491143e+00 -3.25994962e+00 -6.70175459e+00  0.00000000e+00]
     [ 0.00000000e+00  8.56806779e+00  3.15719926e+00 -5.24774614e+00  8.55933840e+00 -2.05887492e+00  4.07413648e+00 -1.00097371e+01  3.56870247e+01 -1.78485325e-01  7.57899827e+00  2.05197029e+00  8.18115557e+00 -3.41836955e+00  3.48755419e-01  1.22842808e+01]
     [-8.56806779e+00  0.00000000e+00 -6.81887820e-01  7.63366879e+00  9.13916266e+00 -2.59087023e+00  5.05084750e+00 -1.26031695e+00 -1.78485325e-01  2.73695700e+01 -3.07381009e+00 -5.01839959e+00  7.09107586e+00  1.63822895e+01  7.34330870e+00 -1.77832934e+00]
     [-3.15719926e+00  6.81887820e-01  0.00000000e+00 -2.27676987e+01 -1.49000463e+00 -1.01363761e+01 -3.29186711e+00  3.36340462e-01  7.57899827e+00 -3.07381009e+00  4.24733728e+01 -5.56419424e+00  1.49757585e+01 -3.68784704e+00 -1.47386949e+00  1.15414255e+01]
     [ 5.24774614e+00 -7.63366879e+00  2.27676987e+01  0.00000000e+00  4.43395231e+00  9.78216022e+00 -1.76214755e+00  1.76255614e+01  2.05197029e+00 -5.01839959e+00 -5.56419424e+00  6.10344831e+01  1.17353968e+01  3.96809549e+00 -1.27921893e+01  7.19641442e+00]
     [-8.55933840e+00 -9.13916266e+00  1.49000463e+00 -4.43395231e+00  0.00000000e+00 -9.59341186e+00 -2.71081023e+00 -4.72491143e+00  8.18115557e+00  7.09107586e+00  1.49757585e+01  1.17353968e+01  4.24098422e+01 -7.31751551e+00 -2.24176888e-03  7.71774706e-01]
     [ 2.05887492e+00  2.59087023e+00  1.01363761e+01 -9.78216022e+00  9.59341186e+00  0.00000000e+00  1.34179752e+01 -3.25994962e+00 -3.41836955e+00  1.63822895e+01 -3.68784704e+00  3.96809549e+00 -7.31751551e+00  4.79467101e+01  2.54064251e+00  2.14951285e+00]
     [-4.07413648e+00 -5.05084750e+00  3.29186711e+00  1.76214755e+00  2.71081023e+00 -1.34179752e+01  0.00000000e+00 -6.70175459e+00  3.48755419e-01  7.34330870e+00 -1.47386949e+00 -1.27921893e+01 -2.24176888e-03  2.54064251e+00  3.12198625e+01 -7.70422950e+00]
     [ 1.00097371e+01  1.26031695e+00 -3.36340462e-01 -1.76255614e+01  4.72491143e+00  3.25994962e+00  6.70175459e+00  0.00000000e+00  1.22842808e+01 -1.77832934e+00  1.15414255e+01  7.19641442e+00  7.71774706e-01  2.14951285e+00 -7.70422950e+00  3.52757207e+01]]
    hessian: [[ 35.68702466+0.00000000e+00j  -0.17848533+8.88178420e-16j   7.57899827+0.00000000e+00j ...   0.60458812+4.16333634e-17j  -9.1780364 +0.00000000e+00j  -3.82885228+0.00000000e+00j]
     [ -0.17848533+8.88178420e-16j  27.36956996+0.00000000e+00j  -3.07381009+4.44089210e-16j ...   0.2512063 -8.88178420e-16j -24.72212842+0.00000000e+00j  -3.63391225-6.66133815e-16j]
     [  7.57899827+0.00000000e+00j  -3.07381009+4.44089210e-16j  42.47337279+0.00000000e+00j ...   2.42200161+0.00000000e+00j  -2.28961514-8.88178420e-16j   4.18818763+0.00000000e+00j]
     ...
     [  0.60458812+4.16333634e-17j   0.2512063 -8.88178420e-16j   2.42200161+0.00000000e+00j ...  26.52661967+0.00000000e+00j  -0.11790518-4.44089210e-16j  -5.44566216+0.00000000e+00j]
     [ -9.1780364 +0.00000000e+00j -24.72212842+0.00000000e+00j  -2.28961514-8.88178420e-16j ...  -0.11790518-4.44089210e-16j  90.03521593-7.10542736e-15j  11.30764506-3.55271368e-15j]
     [ -3.82885228+0.00000000e+00j  -3.63391225-6.66133815e-16j   4.18818763+0.00000000e+00j ...  -5.44566216+0.00000000e+00j  11.30764506-3.55271368e-15j  42.47788216-1.77635684e-15j]]
    eigvals of hessian_by_M_M: [ 4.89957062  4.89957062 13.45537953 13.45537953 17.72072746 17.72072746 21.47437965 21.47437965 35.18244142 35.18244142 55.43182635 55.43182635 77.04979946 77.04979946 98.20246146 98.20246146]
WROR:
    iter_times, elapsed_time, sqdiff: 300, 0.5958278179168701, 2.5061079609181265
    MSN: Tensor(
        [[-0.06612968-0.53859246j -0.50080205-0.20564062j -0.41504267-0.070565j    0.03123283-0.49204719j]
         [-0.22430127+0.17976842j  1.18354371+0.4123208j   1.33935055-0.39979401j -0.68892796+1.25167848j]
         [-0.57446876+0.29339379j -0.28693814+0.08329216j -0.54331051+0.08556996j  0.08682118+0.05799688j]
         [ 0.49204943+1.09960738j -0.11423873+0.3759762j  -0.25077991+1.00677616j  0.35733596-0.35666655j]]
        labels=['kl', 'kr'],
        shape=(4, 4),
    )
    grad_by_M: [-1.27675648e-15  1.67643677e-14  8.49320614e-15 -6.96664948e-15 -1.28785871e-14 -1.38777878e-16  2.92370295e-14 -2.17534324e-14 -2.30926389e-14  3.95794508e-14 -2.58404409e-14  2.83661983e-14 -2.38697950e-15  1.65804870e-14  2.42861287e-15 -2.31203945e-14]
    hessian_by_M_M: [[ 29.43155782 -19.54548672   3.02774396   0.18891409   4.00346377  -2.43264758  -6.9538244   11.69457939   0.           6.54902542  -2.83317592   8.18278645  -6.00490004   2.73196114  -2.02936338   2.7879972 ]
     [-19.54548672  23.04310643  -2.51375424   1.57264917  -4.86182414  11.17800907   6.33253422  -5.53235082  -6.54902542   0.           0.28100373  -7.83092145  -1.06483215   2.54864537   1.68261275  -3.601934  ]
     [  3.02774396  -2.51375424  25.66966808 -25.86153815   4.85759547  -4.42557303   0.80614731  -1.78287216   2.83317592  -0.28100373   0.          13.99932552  -5.00536214  11.33933648   4.90744039  -1.01003449]
     [  0.18891409   1.57264917 -25.86153815  56.0057568    2.16122903   6.7655934   -1.8245835    2.94772027  -8.18278645   7.83092145 -13.99932552   0.          -0.38099485  -3.56151771   2.16186633 -11.7344789 ]
     [  4.00346377  -4.86182414   4.85759547   2.16122903  30.50266494 -27.20668443  -4.46381781   1.21950165   6.00490004   1.06483215   5.00536214   0.38099485   0.          12.43285225   3.21583065  -2.64291044]
     [ -2.43264758  11.17800907  -4.42557303   6.7655934  -27.20668443  46.6882831    4.33518111   2.84644812  -2.73196114  -2.54864537 -11.33933648   3.56151771 -12.43285225   0.          -6.34414281   6.0885932 ]
     [ -6.9538244    6.33253422   0.80614731  -1.8245835   -4.46381781   4.33518111  23.4325758  -21.76269576   2.02936338  -1.68261275  -4.90744039  -2.16186633  -3.21583065   6.34414281   0.           9.48577848]
     [ 11.69457939  -5.53235082  -1.78287216   2.94772027   1.21950165   2.84644812 -21.76269576  35.98228866  -2.7879972    3.601934     1.01003449  11.7344789    2.64291044  -6.0885932   -9.48577848   0.        ]
     [  0.          -6.54902542   2.83317592  -8.18278645   6.00490004  -2.73196114   2.02936338  -2.7879972   29.43155782 -19.54548672   3.02774396   0.18891409   4.00346377  -2.43264758  -6.9538244   11.69457939]
     [  6.54902542   0.          -0.28100373   7.83092145   1.06483215  -2.54864537  -1.68261275   3.601934   -19.54548672  23.04310643  -2.51375424   1.57264917  -4.86182414  11.17800907   6.33253422  -5.53235082]
     [ -2.83317592   0.28100373   0.         -13.99932552   5.00536214 -11.33933648  -4.90744039   1.01003449   3.02774396  -2.51375424  25.66966808 -25.86153815   4.85759547  -4.42557303   0.80614731  -1.78287216]
     [  8.18278645  -7.83092145  13.99932552   0.           0.38099485   3.56151771  -2.16186633  11.7344789    0.18891409   1.57264917 -25.86153815  56.0057568    2.16122903   6.7655934   -1.8245835    2.94772027]
     [ -6.00490004  -1.06483215  -5.00536214  -0.38099485   0.         -12.43285225  -3.21583065   2.64291044   4.00346377  -4.86182414   4.85759547   2.16122903  30.50266494 -27.20668443  -4.46381781   1.21950165]
     [  2.73196114   2.54864537  11.33933648  -3.56151771  12.43285225   0.           6.34414281  -6.0885932   -2.43264758  11.17800907  -4.42557303   6.7655934  -27.20668443  46.6882831    4.33518111   2.84644812]
     [ -2.02936338   1.68261275   4.90744039   2.16186633   3.21583065  -6.34414281   0.          -9.48577848  -6.9538244    6.33253422   0.80614731  -1.8245835   -4.46381781   4.33518111  23.4325758  -21.76269576]
     [  2.7879972   -3.601934    -1.01003449 -11.7344789   -2.64291044   6.0885932    9.48577848   0.          11.69457939  -5.53235082  -1.78287216   2.94772027   1.21950165   2.84644812 -21.76269576  35.98228866]]
    hessian: [[ 29.43155782-4.44089210e-16j -19.54548672+0.00000000e+00j   3.02774396+4.44089210e-16j ...  -1.07710358-4.44089210e-16j  -7.8280693 -4.44089210e-16j  15.06730485-2.22044605e-16j]
     [-19.54548672+0.00000000e+00j  23.04310643+0.00000000e+00j  -2.51375424+5.55111512e-16j ...   2.75321371-6.10622664e-16j -19.69081509+2.66453526e-15j -27.64800744+6.66133815e-16j]
     [  3.02774396+4.44089210e-16j  -2.51375424+5.55111512e-16j  25.66966808-1.77635684e-15j ...  -0.57772898+6.66133815e-16j   5.9530172 -3.55271368e-15j  14.04022551-1.77635684e-15j]
     ...
     [ -1.07710358-4.44089210e-16j   2.75321371-6.10622664e-16j  -0.57772898+6.66133815e-16j ...  81.59743807+0.00000000e+00j -15.79252063+0.00000000e+00j  -9.93328596+0.00000000e+00j]
     [ -7.8280693 -4.44089210e-16j -19.69081509+2.66453526e-15j   5.9530172 -3.55271368e-15j ... -15.79252063+0.00000000e+00j 255.75037758-1.42108547e-14j 134.99030045+0.00000000e+00j]
     [ 15.06730485-2.22044605e-16j -27.64800744+6.66133815e-16j  14.04022551-1.77635684e-15j ...  -9.93328596+0.00000000e+00j 134.99030045+0.00000000e+00j 123.72742706+1.77635684e-15j]]
    eigvals of hessian_by_M_M: [ 1.21395815  1.21395815  3.87314778  3.87314778  5.11225829  5.11225829  8.20044411  8.20044411 31.59839981 31.59839981 51.35192348 51.35192348 80.20888814 80.20888814 89.19688186 89.19688186]
IWROR:
    iter_times, elapsed_time, sqdiff: 300, 0.5971388816833496, 2.506107960918124
    MSN: Tensor(
        [[-0.06612968-0.53859246j -0.50080205-0.20564062j -0.41504267-0.070565j    0.03123283-0.49204719j]
         [-0.22430127+0.17976842j  1.18354371+0.4123208j   1.33935055-0.39979401j -0.68892796+1.25167848j]
         [-0.57446876+0.29339379j -0.28693814+0.08329216j -0.54331051+0.08556996j  0.08682118+0.05799688j]
         [ 0.49204943+1.09960738j -0.11423873+0.3759762j  -0.25077991+1.00677616j  0.35733596-0.35666655j]]
        labels=['kl', 'kr'],
        shape=(4, 4),
    )
    grad_by_M: [ 8.07409695e-14  3.74700271e-16 -2.56183963e-14  3.13186976e-14  1.22124533e-14  8.47377724e-14 -2.14307738e-14  1.39045025e-13  3.44169138e-15  2.42583731e-14 -4.64905892e-14  7.73547892e-14 -9.22734111e-14  7.20673521e-14 -4.94743135e-14  7.82152121e-14]
    hessian_by_M_M: [[ 29.15644371 -17.42631119   3.7201836    1.19016646   4.43209264  -3.80806009  -6.70066229  12.6675181    0.           6.06575862  -3.25760549   9.47417654  -5.55468479   2.50097054  -2.6549871    4.1841567 ]
     [-17.42631119  25.0549488   -2.93758863   0.74059508  -4.44424521  15.87370166   6.02716404  -3.5556671   -6.06575862   0.           0.35754498  -9.88464754  -3.96390824   4.73005597   0.8418706   -3.70309706]
     [  3.7201836   -2.93758863  28.75408039 -28.5547961    5.87691352  -5.38877396   0.50452843   0.30839382   3.25760549  -0.35754498   0.          20.02096332  -4.0370119   12.87028691   4.02267445   1.03020736]
     [  1.19016646   0.74059508 -28.5547961   72.97710618   3.87115585   9.02838612  -4.45836211   4.25476358  -9.47417654   9.88464754 -20.02096332   0.          -2.19381647  -3.5795131    4.53179066 -18.83784511]
     [  4.43209264  -4.44424521   5.87691352   3.87115585  32.52066997 -28.19979175  -3.59920325  -0.07518807   5.55468479   3.96390824   4.0370119    2.19381647   0.          15.92280769   3.62903582  -1.49947841]
     [ -3.80806009  15.87370166  -5.38877396   9.02838612 -28.19979175  57.31529504   3.82885655   5.76374682  -2.50097054  -4.73005597 -12.87028691   3.5795131  -15.92280769   0.          -8.55709144   6.72752169]
     [ -6.70066229   6.02716404   0.50452843  -4.45836211  -3.59920325   3.82885655  25.03208934 -22.7123817    2.6549871   -0.8418706   -4.02267445  -4.53179066  -3.62903582   8.55709144   0.          12.05746503]
     [ 12.6675181   -3.5556671    0.30839382   4.25476358  -0.07518807   5.76374682 -22.7123817   43.6142195   -4.1841567    3.70309706  -1.03020736  18.83784511   1.49947841  -6.72752169 -12.05746503   0.        ]
     [  0.          -6.06575862   3.25760549  -9.47417654   5.55468479  -2.50097054   2.6549871   -4.1841567   29.15644371 -17.42631119   3.7201836    1.19016646   4.43209264  -3.80806009  -6.70066229  12.6675181 ]
     [  6.06575862   0.          -0.35754498   9.88464754   3.96390824  -4.73005597  -0.8418706    3.70309706 -17.42631119  25.0549488   -2.93758863   0.74059508  -4.44424521  15.87370166   6.02716404  -3.5556671 ]
     [ -3.25760549   0.35754498   0.         -20.02096332   4.0370119  -12.87028691  -4.02267445  -1.03020736   3.7201836   -2.93758863  28.75408039 -28.5547961    5.87691352  -5.38877396   0.50452843   0.30839382]
     [  9.47417654  -9.88464754  20.02096332   0.           2.19381647   3.5795131   -4.53179066  18.83784511   1.19016646   0.74059508 -28.5547961   72.97710618   3.87115585   9.02838612  -4.45836211   4.25476358]
     [ -5.55468479  -3.96390824  -4.0370119   -2.19381647   0.         -15.92280769  -3.62903582   1.49947841   4.43209264  -4.44424521   5.87691352   3.87115585  32.52066997 -28.19979175  -3.59920325  -0.07518807]
     [  2.50097054   4.73005597  12.87028691  -3.5795131   15.92280769   0.           8.55709144  -6.72752169  -3.80806009  15.87370166  -5.38877396   9.02838612 -28.19979175  57.31529504   3.82885655   5.76374682]
     [ -2.6549871    0.8418706    4.02267445   4.53179066   3.62903582  -8.55709144   0.         -12.05746503  -6.70066229   6.02716404   0.50452843  -4.45836211  -3.59920325   3.82885655  25.03208934 -22.7123817 ]
     [  4.1841567   -3.70309706   1.03020736 -18.83784511  -1.49947841   6.72752169  12.05746503   0.          12.6675181   -3.5556671    0.30839382   4.25476358  -0.07518807   5.76374682 -22.7123817   43.6142195 ]]
