b=4, chi=2, seed=76, 
NOR:
    iter_times, elapsed_time, sqdiff: 300, 0.41052889823913574, 5.043478965230138
    MSN: Tensor(
        [[ 1.07932261+0.09174168j  0.73414878+0.13221205j -0.44174421+0.94709215j  0.32132663+0.65543857j]
         [-0.81912382-0.58599674j -0.81700102-0.10854495j  1.93000138-1.18502011j  1.1423271 -0.52068392j]
         [ 1.80205088-1.13758469j  1.98947271-0.52679202j -1.25799181+0.96923824j  0.68694648-0.92857997j]
         [-0.98136165-0.2994229j  -0.51583216-0.52278053j -0.02347346-0.24325741j -0.86750988-0.62584285j]]
        labels=['kl', 'kr'],
        shape=(4, 4),
    )
    grad_by_M: [-3.01980663e-14 -2.03170814e-14 -1.15463195e-14 -6.96664948e-14 -2.08166817e-14 -6.97358837e-16 -1.38777878e-14 -2.02060590e-14  6.48092691e-15  4.72955008e-14 -1.54876112e-14 -1.40885567e-14 -7.63278329e-16  1.55431223e-14 -1.65423231e-14  2.06501483e-14]
    hessian_by_M_M: [[ 1.15247219e+02  3.69382607e+01 -1.96200158e+01 -2.36940934e+01  9.78326767e+00 -6.54073973e+00  3.98289928e+00  2.56728023e-01  0.00000000e+00 -5.86263111e+01  1.85038677e+00  9.91080832e+00 -2.97820561e-01 -3.19988653e+01  1.54320411e+01  6.52906113e+01]
     [ 3.69382607e+01  1.90851534e+02 -8.18160932e+00 -2.71736993e+01  3.85928137e+00  2.80509513e+01 -2.63291924e+01 -5.10065332e+01  5.86263111e+01  0.00000000e+00 -2.45536023e+01  9.62090402e+00 -1.85937485e-01 -1.87144512e+01 -2.43252298e+01  2.55459553e+01]
     [-1.96200158e+01 -8.18160932e+00  1.19362852e+02  1.09972284e+01  1.08299160e+01  1.66154003e+01  8.00278262e+00 -9.16219320e+00 -1.85038677e+00  2.45536023e+01  0.00000000e+00 -2.02301562e+01 -2.68510610e+01 -2.08744104e+01 -2.44885681e-01 -2.00801732e+01]
     [-2.36940934e+01 -2.71736993e+01  1.09972284e+01  1.28623243e+02  1.70078092e+00 -1.05076719e+01  3.79882899e+00  6.42038597e+00 -9.91080832e+00 -9.62090402e+00  2.02301562e+01  0.00000000e+00  3.45686620e+01  8.70568947e+00  3.52900268e+00 -3.26245370e+01]
     [ 9.78326767e+00  3.85928137e+00  1.08299160e+01  1.70078092e+00  7.02279683e+01  1.63127676e+00  7.70252001e+00 -1.16693867e+01  2.97820561e-01  1.85937485e-01  2.68510610e+01 -3.45686620e+01  0.00000000e+00 -1.41898196e+01  7.47172138e-01 -1.74658284e+00]
     [-6.54073973e+00  2.80509513e+01  1.66154003e+01 -1.05076719e+01  1.63127676e+00  7.00801503e+01  6.15888462e+00 -1.96997710e+01  3.19988653e+01  1.87144512e+01  2.08744104e+01 -8.70568947e+00  1.41898196e+01  0.00000000e+00  9.71076860e+00 -5.45207160e+00]
     [ 3.98289928e+00 -2.63291924e+01  8.00278262e+00  3.79882899e+00  7.70252001e+00  6.15888462e+00  6.93375616e+01  1.48900274e+01 -1.54320411e+01  2.43252298e+01  2.44885681e-01 -3.52900268e+00 -7.47172138e-01 -9.71076860e+00  0.00000000e+00 -3.65101684e+01]
     [ 2.56728023e-01 -5.10065332e+01 -9.16219320e+00  6.42038597e+00 -1.16693867e+01 -1.96997710e+01  1.48900274e+01  1.47444262e+02 -6.52906113e+01 -2.55459553e+01  2.00801732e+01  3.26245370e+01  1.74658284e+00  5.45207160e+00  3.65101684e+01  0.00000000e+00]
     [ 0.00000000e+00  5.86263111e+01 -1.85038677e+00 -9.91080832e+00  2.97820561e-01  3.19988653e+01 -1.54320411e+01 -6.52906113e+01  1.15247219e+02  3.69382607e+01 -1.96200158e+01 -2.36940934e+01  9.78326767e+00 -6.54073973e+00  3.98289928e+00  2.56728023e-01]
     [-5.86263111e+01  0.00000000e+00  2.45536023e+01 -9.62090402e+00  1.85937485e-01  1.87144512e+01  2.43252298e+01 -2.55459553e+01  3.69382607e+01  1.90851534e+02 -8.18160932e+00 -2.71736993e+01  3.85928137e+00  2.80509513e+01 -2.63291924e+01 -5.10065332e+01]
     [ 1.85038677e+00 -2.45536023e+01  0.00000000e+00  2.02301562e+01  2.68510610e+01  2.08744104e+01  2.44885681e-01  2.00801732e+01 -1.96200158e+01 -8.18160932e+00  1.19362852e+02  1.09972284e+01  1.08299160e+01  1.66154003e+01  8.00278262e+00 -9.16219320e+00]
     [ 9.91080832e+00  9.62090402e+00 -2.02301562e+01  0.00000000e+00 -3.45686620e+01 -8.70568947e+00 -3.52900268e+00  3.26245370e+01 -2.36940934e+01 -2.71736993e+01  1.09972284e+01  1.28623243e+02  1.70078092e+00 -1.05076719e+01  3.79882899e+00  6.42038597e+00]
     [-2.97820561e-01 -1.85937485e-01 -2.68510610e+01  3.45686620e+01  0.00000000e+00  1.41898196e+01 -7.47172138e-01  1.74658284e+00  9.78326767e+00  3.85928137e+00  1.08299160e+01  1.70078092e+00  7.02279683e+01  1.63127676e+00  7.70252001e+00 -1.16693867e+01]
     [-3.19988653e+01 -1.87144512e+01 -2.08744104e+01  8.70568947e+00 -1.41898196e+01  0.00000000e+00 -9.71076860e+00  5.45207160e+00 -6.54073973e+00  2.80509513e+01  1.66154003e+01 -1.05076719e+01  1.63127676e+00  7.00801503e+01  6.15888462e+00 -1.96997710e+01]
     [ 1.54320411e+01 -2.43252298e+01 -2.44885681e-01  3.52900268e+00  7.47172138e-01  9.71076860e+00  0.00000000e+00  3.65101684e+01  3.98289928e+00 -2.63291924e+01  8.00278262e+00  3.79882899e+00  7.70252001e+00  6.15888462e+00  6.93375616e+01  1.48900274e+01]
     [ 6.52906113e+01  2.55459553e+01 -2.00801732e+01 -3.26245370e+01 -1.74658284e+00 -5.45207160e+00 -3.65101684e+01  0.00000000e+00  2.56728023e-01 -5.10065332e+01 -9.16219320e+00  6.42038597e+00 -1.16693867e+01 -1.96997710e+01  1.48900274e+01  1.47444262e+02]]
    hessian: [[115.24721931  36.93826072 -19.62001577 ... -12.42200276   4.42716956  -9.91573744]
     [ 36.93826072 190.85153405  -8.18160932 ...  -8.44526258  37.59477616   6.10970175]
     [-19.62001577  -8.18160932 119.36285186 ...   7.46833485 -10.55936813  19.7160602 ]
     ...
     [-12.42200276  -8.44526258   7.46833485 ...  46.07498271  -7.96707698 -11.15425883]
     [  4.42716956  37.59477616 -10.55936813 ...  -7.96707698  84.65105882  -1.32845784]
     [ -9.91573744   6.10970175  19.7160602  ... -11.15425883  -1.32845784  30.65746421]]
    eigvals of hessian_by_M_M: [ 16.68675071  16.68675071  36.34492569  36.34492569  52.61938634  52.61938634  88.55315347  88.55315347 101.53705262 101.53705262 132.56147076 132.56147076 160.91496928 160.91496928 321.9570816  321.9570816 ]
WCOR:
    iter_times, elapsed_time, sqdiff: 300, 0.5138750076293945, 5.043478965230136
    MSN: Tensor(
        [[ 1.07932261+0.09174168j  0.73414878+0.13221205j -0.44174421+0.94709215j  0.32132663+0.65543857j]
         [-0.81912382-0.58599674j -0.81700102-0.10854495j  1.93000138-1.18502011j  1.1423271 -0.52068392j]
         [ 1.80205088-1.13758469j  1.98947271-0.52679202j -1.25799181+0.96923824j  0.68694648-0.92857997j]
         [-0.98136165-0.2994229j  -0.51583216-0.52278053j -0.02347346-0.24325741j -0.86750988-0.62584285j]]
        labels=['kl', 'kr'],
        shape=(4, 4),
    )
    grad_by_M: [-6.17284002e-14 -8.54871729e-15  1.09356968e-14  5.99104100e-14 -2.49245069e-14  2.75404699e-14  4.77395901e-15 -6.88338275e-15  4.88081797e-14  3.90798505e-14 -1.43773882e-14 -5.44703171e-15  4.34374758e-14  5.77315973e-15  2.33146835e-15 -7.94364574e-14]
    hessian_by_M_M: [[ 1.06683793e+02  1.98941679e+01 -1.47882088e+01 -2.35834820e+01  8.79051012e+00 -2.54106239e+00  1.25646581e+01 -1.13486717e+01  0.00000000e+00 -4.88590288e+01  4.90407740e+00  2.13015518e+00  3.85854934e+00 -3.31911919e+01  9.87771752e+00  6.40456682e+01]
     [ 1.98941679e+01  2.27187698e+02 -9.95208164e+00 -3.04588082e+01 -1.42341993e+00  3.47918468e+01 -2.79740786e+01 -6.03759538e+01  4.88590288e+01  0.00000000e+00 -2.55467713e+01  1.30094557e+01  1.21321019e-01 -1.97502880e+01 -2.14097050e+01  2.74840547e+01]
     [-1.47882088e+01 -9.95208164e+00  1.21317934e+02 -1.07348006e+01  5.07500435e+00  2.32509888e+01  7.43566467e+00 -4.78391869e+00 -4.90407740e+00  2.55467713e+01  0.00000000e+00 -1.69872525e+01 -3.04839953e+01 -1.77078417e+01  2.00925309e+00 -1.97306514e+01]
     [-2.35834820e+01 -3.04588082e+01 -1.07348006e+01  1.55785182e+02  1.30955438e+01 -1.39713195e+01  2.04825520e+00  8.62517631e+00 -2.13015518e+00 -1.30094557e+01  1.69872525e+01  0.00000000e+00  3.90158582e+01  9.19448405e+00  7.17677117e+00 -3.82338675e+01]
     [ 8.79051012e+00 -1.42341993e+00  5.07500435e+00  1.30955438e+01  7.20938943e+01 -1.02598926e+01  7.52208023e+00 -9.82753350e+00 -3.85854934e+00 -1.21321019e-01  3.04839953e+01 -3.90158582e+01  0.00000000e+00 -1.39971972e+01  9.93330630e-01 -5.31418827e+00]
     [-2.54106239e+00  3.47918468e+01  2.32509888e+01 -1.39713195e+01 -1.02598926e+01  8.58296089e+01  1.10718738e+01 -2.32804047e+01  3.31911919e+01  1.97502880e+01  1.77078417e+01 -9.19448405e+00  1.39971972e+01  0.00000000e+00  1.07179620e+01 -7.57631150e+00]
     [ 1.25646581e+01 -2.79740786e+01  7.43566467e+00  2.04825520e+00  7.52208023e+00  1.10718738e+01  6.63173511e+01 -4.11252011e-01 -9.87771752e+00  2.14097050e+01 -2.00925309e+00 -7.17677117e+00 -9.93330630e-01 -1.07179620e+01  0.00000000e+00 -3.12708588e+01]
     [-1.13486717e+01 -6.03759538e+01 -4.78391869e+00  8.62517631e+00 -9.82753350e+00 -2.32804047e+01 -4.11252011e-01  1.77855283e+02 -6.40456682e+01 -2.74840547e+01  1.97306514e+01  3.82338675e+01  5.31418827e+00  7.57631150e+00  3.12708588e+01  0.00000000e+00]
     [ 0.00000000e+00  4.88590288e+01 -4.90407740e+00 -2.13015518e+00 -3.85854934e+00  3.31911919e+01 -9.87771752e+00 -6.40456682e+01  1.06683793e+02  1.98941679e+01 -1.47882088e+01 -2.35834820e+01  8.79051012e+00 -2.54106239e+00  1.25646581e+01 -1.13486717e+01]
     [-4.88590288e+01  0.00000000e+00  2.55467713e+01 -1.30094557e+01 -1.21321019e-01  1.97502880e+01  2.14097050e+01 -2.74840547e+01  1.98941679e+01  2.27187698e+02 -9.95208164e+00 -3.04588082e+01 -1.42341993e+00  3.47918468e+01 -2.79740786e+01 -6.03759538e+01]
     [ 4.90407740e+00 -2.55467713e+01  0.00000000e+00  1.69872525e+01  3.04839953e+01  1.77078417e+01 -2.00925309e+00  1.97306514e+01 -1.47882088e+01 -9.95208164e+00  1.21317934e+02 -1.07348006e+01  5.07500435e+00  2.32509888e+01  7.43566467e+00 -4.78391869e+00]
     [ 2.13015518e+00  1.30094557e+01 -1.69872525e+01  0.00000000e+00 -3.90158582e+01 -9.19448405e+00 -7.17677117e+00  3.82338675e+01 -2.35834820e+01 -3.04588082e+01 -1.07348006e+01  1.55785182e+02  1.30955438e+01 -1.39713195e+01  2.04825520e+00  8.62517631e+00]
     [ 3.85854934e+00  1.21321019e-01 -3.04839953e+01  3.90158582e+01  0.00000000e+00  1.39971972e+01 -9.93330630e-01  5.31418827e+00  8.79051012e+00 -1.42341993e+00  5.07500435e+00  1.30955438e+01  7.20938943e+01 -1.02598926e+01  7.52208023e+00 -9.82753350e+00]
     [-3.31911919e+01 -1.97502880e+01 -1.77078417e+01  9.19448405e+00 -1.39971972e+01  0.00000000e+00 -1.07179620e+01  7.57631150e+00 -2.54106239e+00  3.47918468e+01  2.32509888e+01 -1.39713195e+01 -1.02598926e+01  8.58296089e+01  1.10718738e+01 -2.32804047e+01]
     [ 9.87771752e+00 -2.14097050e+01  2.00925309e+00  7.17677117e+00  9.93330630e-01  1.07179620e+01  0.00000000e+00  3.12708588e+01  1.25646581e+01 -2.79740786e+01  7.43566467e+00  2.04825520e+00  7.52208023e+00  1.10718738e+01  6.63173511e+01 -4.11252011e-01]
     [ 6.40456682e+01  2.74840547e+01 -1.97306514e+01 -3.82338675e+01 -5.31418827e+00 -7.57631150e+00 -3.12708588e+01  0.00000000e+00 -1.13486717e+01 -6.03759538e+01 -4.78391869e+00  8.62517631e+00 -9.82753350e+00 -2.32804047e+01 -4.11252011e-01  1.77855283e+02]]
    hessian: [[106.68379283  19.89416787 -14.78820885 ... -15.91096062   3.73973881  -7.55264627]
     [ 19.89416787 227.18769766  -9.95208164 ...  -8.11537711  37.95209156   2.67505267]
     [-14.78820885  -9.95208164 121.31793396 ...  12.40254397  -5.43149847  19.38937784]
     ...
     [-15.91096062  -8.11537711  12.40254397 ...  40.64221105  -6.28540637  -8.65339994]
     [  3.73973881  37.95209156  -5.43149847 ...  -6.28540637  82.63520161   9.79323381]
     [ -7.55264627   2.67505267  19.38937784 ...  -8.65339994   9.79323381  26.21036367]]
    eigvals of hessian_by_M_M: [ 18.52631493  18.52631493  38.87826438  38.87826438  60.80461589  60.80461589  99.34112102  99.34112102 115.7591307  115.7591307  140.92916754 140.92916754 196.77456644 196.77456644 342.05756294 342.05756294]
WROR:
    iter_times, elapsed_time, sqdiff: 300, 0.5677919387817383, 5.043478965230139
    MSN: Tensor(
        [[ 1.07932261+0.09174168j  0.73414878+0.13221205j -0.44174421+0.94709215j  0.32132663+0.65543857j]
         [-0.81912382-0.58599674j -0.81700102-0.10854495j  1.93000138-1.18502011j  1.1423271 -0.52068392j]
         [ 1.80205088-1.13758469j  1.98947271-0.52679202j -1.25799181+0.96923824j  0.68694648-0.92857997j]
         [-0.98136165-0.2994229j  -0.51583216-0.52278053j -0.02347346-0.24325741j -0.86750988-0.62584285j]]
        labels=['kl', 'kr'],
        shape=(4, 4),
    )
    grad_by_M: [-2.25597319e-13  1.76303416e-13 -1.23512311e-13  9.60620472e-14 -1.20098376e-13 -1.65978342e-14 -9.75886039e-14 -1.18127730e-13 -9.22040222e-14  4.59854377e-13 -2.54019028e-13  3.98292510e-14 -1.33781874e-14 -9.76996262e-15 -4.95992136e-14  1.24344979e-14]
    hessian_by_M_M: [[ 169.32576377 -122.99095065   -6.86015176   -7.58562063    3.32930558   14.20772706   67.91885754  -69.75248702    0.           29.17602653   27.12807969  -45.5664339     7.38484977  -15.85579002    3.85752868   12.2765806 ]
     [-122.99095065  319.47133088  -11.62910913  -25.01376092  -28.0033585    44.76486977  -30.34459158  -40.82560662  -29.17602653    0.          -23.76805841   36.61045579   -0.62852859  -14.66719067   10.95528494   19.52590278]
     [  -6.86015176  -11.62910913  226.23311109 -163.43870658  -45.07356608   56.71733618   -3.67423339   21.5315677   -27.12807969   23.76805841    0.            6.64136253  -56.76558799   18.79711621   -2.52317643    1.40691346]
     [  -7.58562063  -25.01376092 -163.43870658  263.51916796   79.07912218  -57.90601217   -6.10713174    5.96247906   45.5664339   -36.61045579   -6.64136253    0.           42.60726084   -5.67593038   24.17289498  -50.4674558 ]
     [   3.32930558  -28.0033585   -45.07356608   79.07912218  128.31244279  -91.28512546   -7.86470539   14.20137064   -7.38484977    0.62852859   56.76558799  -42.60726084    0.           -5.03588113   12.4790384   -21.09026853]
     [  14.20772706   44.76486977   56.71733618  -57.90601217  -91.28512546  146.64803858   33.21235706  -40.90366135   15.85579002   14.66719067  -18.79711621    5.67593038    5.03588113    0.            6.16058936   -5.95125478]
     [  67.91885754  -30.34459158   -3.67423339   -6.10713174   -7.86470539   33.21235706  122.4694575  -114.38899801   -3.85752868  -10.95528494    2.52317643  -24.17289498  -12.4790384    -6.16058936    0.           15.3971046 ]
     [ -69.75248702  -40.82560662   21.5315677     5.96247906   14.20137064  -40.90366135 -114.38899801  265.69627341  -12.2765806   -19.52590278   -1.40691346   50.4674558    21.09026853    5.95125478  -15.3971046     0.        ]
     [   0.          -29.17602653  -27.12807969   45.5664339    -7.38484977   15.85579002   -3.85752868  -12.2765806   169.32576377 -122.99095065   -6.86015176   -7.58562063    3.32930558   14.20772706   67.91885754  -69.75248702]
     [  29.17602653    0.           23.76805841  -36.61045579    0.62852859   14.66719067  -10.95528494  -19.52590278 -122.99095065  319.47133088  -11.62910913  -25.01376092  -28.0033585    44.76486977  -30.34459158  -40.82560662]
     [  27.12807969  -23.76805841    0.           -6.64136253   56.76558799  -18.79711621    2.52317643   -1.40691346   -6.86015176  -11.62910913  226.23311109 -163.43870658  -45.07356608   56.71733618   -3.67423339   21.5315677 ]
     [ -45.5664339    36.61045579    6.64136253    0.          -42.60726084    5.67593038  -24.17289498   50.4674558    -7.58562063  -25.01376092 -163.43870658  263.51916796   79.07912218  -57.90601217   -6.10713174    5.96247906]
     [   7.38484977   -0.62852859  -56.76558799   42.60726084    0.            5.03588113  -12.4790384    21.09026853    3.32930558  -28.0033585   -45.07356608   79.07912218  128.31244279  -91.28512546   -7.86470539   14.20137064]
     [ -15.85579002  -14.66719067   18.79711621   -5.67593038   -5.03588113    0.           -6.16058936    5.95125478   14.20772706   44.76486977   56.71733618  -57.90601217  -91.28512546  146.64803858   33.21235706  -40.90366135]
     [   3.85752868   10.95528494   -2.52317643   24.17289498   12.4790384     6.16058936    0.          -15.3971046    67.91885754  -30.34459158   -3.67423339   -6.10713174   -7.86470539   33.21235706  122.4694575  -114.38899801]
     [  12.2765806    19.52590278    1.40691346  -50.4674558   -21.09026853   -5.95125478   15.3971046     0.          -69.75248702  -40.82560662   21.5315677     5.96247906   14.20137064  -40.90366135 -114.38899801  265.69627341]]
    hessian: [[ 1.69325764e+02 -1.22990951e+02 -6.86015176e+00 ... -2.94317493e+01  1.58800781e+01  1.17308793e+01]
     [-1.22990951e+02  3.19471331e+02 -1.16291091e+01 ... -5.71362020e+00  4.90658025e+00 -1.85589020e+01]
     [-6.86015176e+00 -1.16291091e+01  2.26233111e+02 ...  2.46793541e+01  5.99908149e+00  3.19980475e+01]
     ...
     [-2.94317493e+01 -5.71362020e+00  2.46793541e+01 ...  5.38989286e+01 -2.75437994e-01 -6.22307927e-01]
     [ 1.58800781e+01  4.90658025e+00  5.99908149e+00 ... -2.75437994e-01  7.97140023e+01  4.60117426e+01]
     [ 1.17308793e+01 -1.85589020e+01  3.19980475e+01 ... -6.22307927e-01  4.60117426e+01  4.16434860e+01]]
    eigvals of hessian_by_M_M: [ 19.61056693  19.61056693  39.71603781  39.71603781  63.56618939  63.56618939  85.93300234  85.93300234 150.01160218 150.01160218 360.19018187 360.19018187 385.424277   385.424277   537.22372845 537.22372845]
IWROR:
    iter_times, elapsed_time, sqdiff: 300, 0.45171618461608887, 5.043478965230134
    MSN: Tensor(
        [[ 1.07932261+0.09174168j  0.73414878+0.13221205j -0.44174421+0.94709215j  0.32132663+0.65543857j]
         [-0.81912382-0.58599674j -0.81700102-0.10854495j  1.93000138-1.18502011j  1.1423271 -0.52068392j]
         [ 1.80205088-1.13758469j  1.98947271-0.52679202j -1.25799181+0.96923824j  0.68694648-0.92857997j]
         [-0.98136165-0.2994229j  -0.51583216-0.52278053j -0.02347346-0.24325741j -0.86750988-0.62584285j]]
        labels=['kl', 'kr'],
        shape=(4, 4),
    )
    grad_by_M: [ 4.50750548e-14  5.12923037e-14  7.63833441e-14  2.27234898e-13 -8.60422844e-15  8.87345752e-14 -9.71445147e-15 -4.91828800e-14  8.03246358e-14 -2.92543767e-13 -3.53050922e-14  1.82909243e-14  1.27675648e-15  1.72861725e-13  2.69985423e-13  1.37723166e-13]
    hessian_by_M_M: [[ 143.66015795  -90.79641386   -6.75193947  -11.65639395    3.75313744   11.7872101    57.21017685  -62.49897908    0.           13.27390678   21.56900682  -35.59571975    8.7138636   -21.50026854    2.84811178   23.90527061]
     [ -90.79641386  279.00136521  -11.7636958   -20.28956287  -21.84404749   40.05893619  -34.65913636  -33.93749303  -13.27390678    0.          -24.16326327   33.19957612   -2.63884449  -10.09444502    5.71582647   14.43489103]
     [  -6.75193947  -11.7636958   194.87526462 -135.45557045  -32.07981953   48.10057615   -0.68130315   15.89172843  -21.56900682   24.16326327    0.            1.51932862  -51.60362589   14.69300231    0.90409896   -5.7709044 ]
     [ -11.65639395  -20.28956287 -135.45557045  234.23011953   64.52250586  -51.16181192   -5.26884291    6.26113812   35.59571975  -33.19957612   -1.51932862    0.           46.27722425   -7.31676948   18.12494213  -42.73619092]
     [   3.75313744  -21.84404749  -32.07981953   64.52250586  111.96567676  -77.27030521   -2.513647      6.90866407   -8.7138636     2.63884449   51.60362589  -46.27722425    0.           -7.11900875    9.44674596  -18.49341942]
     [  11.7872101    40.05893619   48.10057615  -51.16181192  -77.27030521  131.36663555   26.33400146  -34.76089788   21.50026854   10.09444502  -14.69300231    7.31676948    7.11900875    0.            7.19213228   -6.00847759]
     [  57.21017685  -34.65913636   -0.68130315   -5.26884291   -2.513647     26.33400146  101.29768852  -87.36763095   -2.84811178   -5.71582647   -0.90409896  -18.12494213   -9.44674596   -7.19213228    0.            6.23596866]
     [ -62.49897908  -33.93749303   15.89172843    6.26113812    6.90866407  -34.76089788  -87.36763095  233.32218866  -23.90527061  -14.43489103    5.7709044    42.73619092   18.49341942    6.00847759   -6.23596866    0.        ]
     [   0.          -13.27390678  -21.56900682   35.59571975   -8.7138636    21.50026854   -2.84811178  -23.90527061  143.66015795  -90.79641386   -6.75193947  -11.65639395    3.75313744   11.7872101    57.21017685  -62.49897908]
     [  13.27390678    0.           24.16326327  -33.19957612    2.63884449   10.09444502   -5.71582647  -14.43489103  -90.79641386  279.00136521  -11.7636958   -20.28956287  -21.84404749   40.05893619  -34.65913636  -33.93749303]
     [  21.56900682  -24.16326327    0.           -1.51932862   51.60362589  -14.69300231   -0.90409896    5.7709044    -6.75193947  -11.7636958   194.87526462 -135.45557045  -32.07981953   48.10057615   -0.68130315   15.89172843]
     [ -35.59571975   33.19957612    1.51932862    0.          -46.27722425    7.31676948  -18.12494213   42.73619092  -11.65639395  -20.28956287 -135.45557045  234.23011953   64.52250586  -51.16181192   -5.26884291    6.26113812]
     [   8.7138636    -2.63884449  -51.60362589   46.27722425    0.            7.11900875   -9.44674596   18.49341942    3.75313744  -21.84404749  -32.07981953   64.52250586  111.96567676  -77.27030521   -2.513647      6.90866407]
     [ -21.50026854  -10.09444502   14.69300231   -7.31676948   -7.11900875    0.           -7.19213228    6.00847759   11.7872101    40.05893619   48.10057615  -51.16181192  -77.27030521  131.36663555   26.33400146  -34.76089788]
     [   2.84811178    5.71582647    0.90409896   18.12494213    9.44674596    7.19213228    0.           -6.23596866   57.21017685  -34.65913636   -0.68130315   -5.26884291   -2.513647     26.33400146  101.29768852  -87.36763095]
     [  23.90527061   14.43489103   -5.7709044   -42.73619092  -18.49341942   -6.00847759    6.23596866    0.          -62.49897908  -33.93749303   15.89172843    6.26113812    6.90866407  -34.76089788  -87.36763095  233.32218866]]
    hessian: [[143.66015795 -90.79641386  -6.75193947 ... -28.63069074  13.33384744   7.75799716]
     [-90.79641386 279.00136521 -11.7636958  ...  -2.15096107   7.29150417 -16.35611525]
     [ -6.75193947 -11.7636958  194.87526462 ...  25.2350104    4.97153277  30.46444528]
     ...
     [-28.63069074  -2.15096107  25.2350104  ...  54.10347615  -1.42182737  -2.11063942]
     [ 13.33384744   7.29150417   4.97153277 ...  -1.42182737  84.48932762  43.93795117]
     [  7.75799716 -16.35611525  30.46444528 ...  -2.11063942  43.93795117  39.88908082]]
    eigvals of hessian_by_M_M: [ 18.4185811   18.4185811   38.44305441  38.44305441  62.07916613  62.07916613  82.28566334  82.28566334 135.93656004 135.93656004 301.1243823  301.1243823  336.15309325 336.15309325 455.27859622 455.27859622]
WLBOR:
    iter_times, elapsed_time, sqdiff: 300, 1.4046411514282227, 5.0434789652301415
    MSN: Tensor(
        [[ 1.07932261+0.09174168j  0.73414878+0.13221205j -0.44174421+0.94709215j  0.32132663+0.65543857j]
         [-0.81912382-0.58599674j -0.81700102-0.10854495j  1.93000138-1.1850201j   1.1423271 -0.52068392j]
         [ 1.80205088-1.13758469j  1.9894727 -0.52679202j -1.25799181+0.96923824j  0.68694648-0.92857996j]
         [-0.98136165-0.2994229j  -0.51583216-0.52278053j -0.02347346-0.24325741j -0.86750987-0.62584285j]]
        labels=['kl', 'kr'],
        shape=(4, 4),
    )
    grad_by_M: [ 4.05611567e-09  1.41686227e-08 -2.69016045e-08  8.13190815e-08  1.03029304e-08  2.53248351e-08  3.50558836e-08 -3.85924475e-08  4.46003231e-08  1.71639704e-08  2.56781765e-08  3.82514981e-08  3.63310120e-08 -1.09013364e-08  1.99671154e-08 -5.23246096e-09]
    hessian_by_M_M: [[ 1.16949119e+02  3.64816222e+01 -1.97991029e+01 -2.39495908e+01  9.94988038e+00 -6.85390999e+00  4.27847083e+00  6.32524841e-01  0.00000000e+00 -5.92830084e+01  1.97418344e+00  1.00269082e+01 -1.33817013e-01 -3.23784791e+01  1.54948220e+01  6.62207741e+01]
     [ 3.64816222e+01  1.93440248e+02 -8.10882216e+00 -2.75106882e+01  3.76833244e+00  2.83995714e+01 -2.63967962e+01 -5.15824765e+01  5.92830084e+01  0.00000000e+00 -2.49686258e+01  9.79089577e+00 -1.35066440e-01 -1.89751914e+01 -2.48840772e+01  2.58765051e+01]
     [-1.97991029e+01 -8.10882216e+00  1.21477191e+02  1.05157429e+01  1.08870669e+01  1.69378798e+01  8.15684344e+00 -9.36635510e+00 -1.97418344e+00  2.49686258e+01  0.00000000e+00 -2.02266711e+01 -2.74427983e+01 -2.13081514e+01 -1.55025634e-01 -2.02094918e+01]
     [-2.39495908e+01 -2.75106882e+01  1.05157429e+01  1.30440175e+02  1.64520305e+00 -1.07701147e+01  3.78885517e+00  6.46652827e+00 -1.00269082e+01 -9.79089577e+00  2.02266711e+01  0.00000000e+00  3.50961248e+01  8.80640607e+00  3.73697732e+00 -3.30819392e+01]
     [ 9.94988038e+00  3.76833244e+00  1.08870669e+01  1.64520305e+00  7.15150406e+01  1.28805516e+00  7.86347285e+00 -1.17674219e+01  1.33817013e-01  1.35066440e-01  2.74427983e+01 -3.50961248e+01  0.00000000e+00 -1.42189633e+01  7.40097889e-01 -1.72244759e+00]
     [-6.85390999e+00  2.83995714e+01  1.69378798e+01 -1.07701147e+01  1.28805516e+00  7.10557515e+01  6.33098768e+00 -2.00137869e+01  3.23784791e+01  1.89751914e+01  2.13081514e+01 -8.80640607e+00  1.42189633e+01  0.00000000e+00  9.92281729e+00 -5.49503302e+00]
     [ 4.27847083e+00 -2.63967962e+01  8.15684344e+00  3.78885517e+00  7.86347285e+00  6.33098768e+00  7.04324126e+01  1.43274243e+01 -1.54948220e+01  2.48840772e+01  1.55025634e-01 -3.73697732e+00 -7.40097889e-01 -9.92281729e+00  0.00000000e+00 -3.68722745e+01]
     [ 6.32524841e-01 -5.15824765e+01 -9.36635510e+00  6.46652827e+00 -1.17674219e+01 -2.00137869e+01  1.43274243e+01  1.49474188e+02 -6.62207741e+01 -2.58765051e+01  2.02094918e+01  3.30819392e+01  1.72244759e+00  5.49503302e+00  3.68722745e+01  0.00000000e+00]
     [ 0.00000000e+00  5.92830084e+01 -1.97418344e+00 -1.00269082e+01  1.33817013e-01  3.23784791e+01 -1.54948220e+01 -6.62207741e+01  1.16949119e+02  3.64816222e+01 -1.97991029e+01 -2.39495908e+01  9.94988038e+00 -6.85390999e+00  4.27847083e+00  6.32524841e-01]
     [-5.92830084e+01  0.00000000e+00  2.49686258e+01 -9.79089577e+00  1.35066440e-01  1.89751914e+01  2.48840772e+01 -2.58765051e+01  3.64816222e+01  1.93440248e+02 -8.10882216e+00 -2.75106882e+01  3.76833244e+00  2.83995714e+01 -2.63967962e+01 -5.15824765e+01]
     [ 1.97418344e+00 -2.49686258e+01  0.00000000e+00  2.02266711e+01  2.74427983e+01  2.13081514e+01  1.55025634e-01  2.02094918e+01 -1.97991029e+01 -8.10882216e+00  1.21477191e+02  1.05157429e+01  1.08870669e+01  1.69378798e+01  8.15684344e+00 -9.36635510e+00]
     [ 1.00269082e+01  9.79089577e+00 -2.02266711e+01  0.00000000e+00 -3.50961248e+01 -8.80640607e+00 -3.73697732e+00  3.30819392e+01 -2.39495908e+01 -2.75106882e+01  1.05157429e+01  1.30440175e+02  1.64520305e+00 -1.07701147e+01  3.78885517e+00  6.46652827e+00]
     [-1.33817013e-01 -1.35066440e-01 -2.74427983e+01  3.50961248e+01  0.00000000e+00  1.42189633e+01 -7.40097889e-01  1.72244759e+00  9.94988038e+00  3.76833244e+00  1.08870669e+01  1.64520305e+00  7.15150406e+01  1.28805516e+00  7.86347285e+00 -1.17674219e+01]
     [-3.23784791e+01 -1.89751914e+01 -2.13081514e+01  8.80640607e+00 -1.42189633e+01  0.00000000e+00 -9.92281729e+00  5.49503302e+00 -6.85390999e+00  2.83995714e+01  1.69378798e+01 -1.07701147e+01  1.28805516e+00  7.10557515e+01  6.33098768e+00 -2.00137869e+01]
     [ 1.54948220e+01 -2.48840772e+01 -1.55025634e-01  3.73697732e+00  7.40097889e-01  9.92281729e+00  0.00000000e+00  3.68722745e+01  4.27847083e+00 -2.63967962e+01  8.15684344e+00  3.78885517e+00  7.86347285e+00  6.33098768e+00  7.04324126e+01  1.43274243e+01]
     [ 6.62207741e+01  2.58765051e+01 -2.02094918e+01 -3.30819392e+01 -1.72244759e+00 -5.49503302e+00 -3.68722745e+01  0.00000000e+00  6.32524841e-01 -5.15824765e+01 -9.36635510e+00  6.46652827e+00 -1.17674219e+01 -2.00137869e+01  1.43274243e+01  1.49474188e+02]]
    hessian: [[116.94911909  36.48162219 -19.7991029  ... -12.68228168   4.23925744  -9.88044834]
     [ 36.48162219 193.44024783  -8.10882216 ...  -8.70017354  37.47145622   6.42731575]
     [-19.7991029   -8.10882216 121.4771912  ...   7.58879281 -10.59815964  19.74885661]
     ...
     [-12.68228168  -8.70017354   7.58879281 ...  45.47165808  -7.90910265 -11.00127052]
     [  4.23925744  37.47145622 -10.59815964 ...  -7.90910265  83.06504114  -0.89932691]
     [ -9.88044834   6.42731575  19.74885661 ... -11.00127052  -0.89932691  30.19560076]]
    eigvals of hessian_by_M_M: [ 17.00771098  17.00771098  37.07542054  37.07542054  53.55383556  53.55383556  90.18169153  90.18169153 103.16508668 103.16508668 134.72204304 134.72204304 163.35450233 163.35450233 325.723835   325.723835  ]
WNAG:
    iter_times, elapsed_time, sqdiff: 300, 0.5082428455352783, 5.0843719783773595
    MSN: Tensor(
        [[ 1.08074942+0.10074314j  0.73308117+0.13881315j -0.44610254+0.94593786j  0.31920591+0.66196381j]
         [-0.8190534 -0.5982521j  -0.81064191-0.11396403j  1.92921121-1.19432653j  1.14842982-0.54007669j]
         [ 1.81136094-1.11780385j  1.99301037-0.51786992j -1.27995106+0.98669782j  0.67002047-0.90635244j]
         [-0.97840571-0.30570541j -0.51492786-0.52796546j -0.01572851-0.23412468j -0.86307906-0.6218051j ]]
        labels=['kl', 'kr'],
        shape=(4, 4),
    )
    grad_by_M: [-2.3771032  -0.88384515  2.54755482  2.17223822 -4.02570508 -2.58363155  0.8622887   0.32618728  0.63096423 -1.11159602 -3.02018856  0.61438659  3.07853592 -1.39318956 -0.2367972   0.41737019]
    hessian_by_M_M: [[ 9.76557119e+02  2.27933237e+02 -1.65847812e+02 -5.39912731e+01  3.10134225e+01  4.06806316e+01  1.18811965e+02 -5.99409981e+01  0.00000000e+00  5.18673379e+02  3.05232954e+01 -8.12484959e+01 -6.27779119e+01  3.00959529e+00  1.67027114e+02  9.95827939e+01]
     [ 2.27933237e+02  3.28727000e+02 -2.28069395e+01 -5.62463779e+01 -2.63273164e+01  1.08633516e+01  1.18305677e+02  3.85880261e+01 -5.18673379e+02  0.00000000e+00  9.59959008e+01  9.73799451e+00 -3.07752470e+01 -2.09391200e+01 -2.27176472e+01  5.63950506e+01]
     [-1.65847812e+02 -2.28069395e+01  1.00574924e+03  2.36710364e+02 -1.54879288e+01  1.02247719e+02  5.95661289e+00  2.39725458e+01 -3.05232954e+01 -9.59959008e+01  0.00000000e+00  5.32627277e+02 -2.00493355e+02 -5.46529751e+01 -4.21491545e+01 -5.51983001e+00]
     [-5.39912731e+01 -5.62463779e+01  2.36710364e+02  3.37820246e+02 -1.09527063e+02 -3.50341164e+00 -2.07998639e+01  2.60455447e+00  8.12484959e+01 -9.73799451e+00 -5.32627277e+02  0.00000000e+00 -4.14552098e+01 -6.74359215e+01 -1.27991751e+01 -1.38738267e+01]
     [ 3.10134225e+01 -2.63273164e+01 -1.54879288e+01 -1.09527063e+02  5.56708484e+02  1.31300742e+02  6.58427116e-01 -2.76069350e+01  6.27779119e+01  3.07752470e+01  2.00493355e+02  4.14552098e+01  0.00000000e+00  2.94931850e+02  5.40113055e+01  1.34478962e+01]
     [ 4.06806316e+01  1.08633516e+01  1.02247719e+02 -3.50341164e+00  1.31300742e+02  1.87238109e+02  2.89645038e+01  9.67769507e-01 -3.00959529e+00  2.09391200e+01  5.46529751e+01  6.74359215e+01 -2.94931850e+02  0.00000000e+00  1.17986618e+01  1.77586641e+01]
     [ 1.18811965e+02  1.18305677e+02  5.95661289e+00 -2.07998639e+01  6.58427116e-01  2.89645038e+01  5.90388457e+02  1.37666752e+02 -1.67027114e+02  2.27176472e+01  4.21491545e+01  1.27991751e+01 -5.40113055e+01 -1.17986618e+01  0.00000000e+00  3.13171353e+02]
     [-5.99409981e+01  3.85880261e+01  2.39725458e+01  2.60455447e+00 -2.76069350e+01  9.67769507e-01  1.37666752e+02  1.98261241e+02 -9.95827939e+01 -5.63950506e+01  5.51983001e+00  1.38738267e+01 -1.34478962e+01 -1.77586641e+01 -3.13171353e+02  0.00000000e+00]
     [ 0.00000000e+00 -5.18673379e+02 -3.05232954e+01  8.12484959e+01  6.27779119e+01 -3.00959529e+00 -1.67027114e+02 -9.95827939e+01  9.76557119e+02  2.27933237e+02 -1.65847812e+02 -5.39912731e+01  3.10134225e+01  4.06806316e+01  1.18811965e+02 -5.99409981e+01]
     [ 5.18673379e+02  0.00000000e+00 -9.59959008e+01 -9.73799451e+00  3.07752470e+01  2.09391200e+01  2.27176472e+01 -5.63950506e+01  2.27933237e+02  3.28727000e+02 -2.28069395e+01 -5.62463779e+01 -2.63273164e+01  1.08633516e+01  1.18305677e+02  3.85880261e+01]
     [ 3.05232954e+01  9.59959008e+01  0.00000000e+00 -5.32627277e+02  2.00493355e+02  5.46529751e+01  4.21491545e+01  5.51983001e+00 -1.65847812e+02 -2.28069395e+01  1.00574924e+03  2.36710364e+02 -1.54879288e+01  1.02247719e+02  5.95661289e+00  2.39725458e+01]
     [-8.12484959e+01  9.73799451e+00  5.32627277e+02  0.00000000e+00  4.14552098e+01  6.74359215e+01  1.27991751e+01  1.38738267e+01 -5.39912731e+01 -5.62463779e+01  2.36710364e+02  3.37820246e+02 -1.09527063e+02 -3.50341164e+00 -2.07998639e+01  2.60455447e+00]
     [-6.27779119e+01 -3.07752470e+01 -2.00493355e+02 -4.14552098e+01  0.00000000e+00 -2.94931850e+02 -5.40113055e+01 -1.34478962e+01  3.10134225e+01 -2.63273164e+01 -1.54879288e+01 -1.09527063e+02  5.56708484e+02  1.31300742e+02  6.58427116e-01 -2.76069350e+01]
     [ 3.00959529e+00 -2.09391200e+01 -5.46529751e+01 -6.74359215e+01  2.94931850e+02  0.00000000e+00 -1.17986618e+01 -1.77586641e+01  4.06806316e+01  1.08633516e+01  1.02247719e+02 -3.50341164e+00  1.31300742e+02  1.87238109e+02  2.89645038e+01  9.67769507e-01]
     [ 1.67027114e+02 -2.27176472e+01 -4.21491545e+01 -1.27991751e+01  5.40113055e+01  1.17986618e+01  0.00000000e+00 -3.13171353e+02  1.18811965e+02  1.18305677e+02  5.95661289e+00 -2.07998639e+01  6.58427116e-01  2.89645038e+01  5.90388457e+02  1.37666752e+02]
     [ 9.95827939e+01  5.63950506e+01 -5.51983001e+00 -1.38738267e+01  1.34478962e+01  1.77586641e+01  3.13171353e+02  0.00000000e+00 -5.99409981e+01  3.85880261e+01  2.39725458e+01  2.60455447e+00 -2.76069350e+01  9.67769507e-01  1.37666752e+02  1.98261241e+02]]
    hessian: [[ 9.76557119e+02  2.27933237e+02 -1.65847812e+02 ... -7.81764751e+02  1.14514328e+02 -2.95722575e+02]
     [ 2.27933237e+02  3.28727000e+02 -2.28069395e+01 ...  6.38499509e+02  1.23979336e+02 -3.91236320e+01]
     [-1.65847812e+02 -2.28069395e+01  1.00574924e+03 ...  3.16854376e+03 -3.14594726e+03  9.05136365e+01]
     ...
     [-7.81764751e+02  6.38499509e+02  3.16854376e+03 ...  1.51565899e+05 -6.54025589e+03 -8.88221059e+03]
     [ 1.14514328e+02  1.23979336e+02 -3.14594726e+03 ... -6.54025589e+03  4.04362754e+04 -2.83560423e+04]
     [-2.95722575e+02 -3.91236320e+01  9.05136365e+01 ... -8.88221059e+03 -2.83560423e+04  1.21549978e+05]]
    eigvals of hessian_by_M_M: [9.02513327e-03 9.02513327e-03 1.79003056e-02 1.79003056e-02 2.18631360e-02 2.18631360e-02 3.14077439e-02 3.14077439e-02 5.92375706e+02 5.92375706e+02 6.78825947e+02 6.78825947e+02 1.27102358e+03 1.27102358e+03 1.63914446e+03 1.63914446e+03]
SNAG:
    iter_times, elapsed_time, sqdiff: 300, 0.5650217533111572, 5.043478965230133
    MSN: Tensor(
        [[ 1.07932261+0.09174168j  0.73414878+0.13221205j -0.44174421+0.94709215j  0.32132663+0.65543857j]
         [-0.81912382-0.58599674j -0.81700102-0.10854495j  1.93000138-1.18502011j  1.1423271 -0.52068392j]
         [ 1.80205088-1.13758469j  1.98947271-0.52679202j -1.25799181+0.96923824j  0.68694648-0.92857997j]
         [-0.98136165-0.2994229j  -0.51583216-0.52278053j -0.02347346-0.24325741j -0.86750988-0.62584285j]]
        labels=['kl', 'kr'],
        shape=(4, 4),
    )
    grad_by_M: [ 7.43849426e-15  1.47659662e-14 -2.55351296e-15  6.98399671e-15  1.38777878e-16  1.56541446e-14  1.74305015e-14 -5.71764858e-15 -1.79856130e-14 -1.60010893e-14 -8.54871729e-15  8.90953977e-15  5.53029844e-15  7.83401122e-15  1.61953784e-14  3.77475828e-15]
    hessian_by_M_M: [[ 18.84664091  -0.61650109  -1.77300847   0.94081035   0.19607704   4.32573705   6.35481295  -6.52747884   0.          -0.32601803   2.03604795  -4.80019533   0.07374104   0.40853868   1.61384126  -4.98609166]
     [ -0.61650109  44.77267542  -4.14419641  -5.16144439  -2.90335092   8.17700565   1.09657072 -11.85776638   0.32601803   0.           0.66229459   2.96562819   1.14432327  -1.18113666   6.68443346   3.31129759]
     [ -1.77300847  -4.14419641  23.67221005  -1.2519629   -3.13600586   2.01211844  -0.28774362   3.61933961  -2.03604795  -0.66229459   0.          -8.33225277  -5.87775192   2.36059769  -0.23694624   1.36227317]
     [  0.94081035  -5.16144439  -1.2519629   33.71158048  10.46284431  -1.06963525   0.1101729    3.39161895   4.80019533  -2.96562819   8.33225277   0.          -4.52034644  -0.42993611   2.28790306  -5.83398311]
     [  0.19607704  -2.90335092  -3.13600586  10.46284431  13.31027304   0.14577858  -0.33689275   2.96291777  -0.07374104  -1.14432327   5.87775192   4.52034644   0.          -5.69758093   1.44951958  -1.43875803]
     [  4.32573705   8.17700565   2.01211844  -1.06963525   0.14577858  19.82494309   3.39338045  -2.69216513  -0.40853868   1.18113666  -2.36059769   0.42993611   5.69758093   0.          -0.4776459   -2.6978701 ]
     [  6.35481295   1.09657072  -0.28774362   0.1101729   -0.33689275   3.39338045  12.40561495  -3.1070757   -1.61384126  -6.68443346   0.23694624  -2.28790306  -1.44951958   0.4776459    0.          -2.27664867]
     [ -6.52747884 -11.85776638   3.61933961   3.39161895   2.96291777  -2.69216513  -3.1070757   35.47007001   4.98609166  -3.31129759  -1.36227317   5.83398311   1.43875803   2.6978701    2.27664867   0.        ]
     [  0.           0.32601803  -2.03604795   4.80019533  -0.07374104  -0.40853868  -1.61384126   4.98609166  18.84664091  -0.61650109  -1.77300847   0.94081035   0.19607704   4.32573705   6.35481295  -6.52747884]
     [ -0.32601803   0.          -0.66229459  -2.96562819  -1.14432327   1.18113666  -6.68443346  -3.31129759  -0.61650109  44.77267542  -4.14419641  -5.16144439  -2.90335092   8.17700565   1.09657072 -11.85776638]
     [  2.03604795   0.66229459   0.           8.33225277   5.87775192  -2.36059769   0.23694624  -1.36227317  -1.77300847  -4.14419641  23.67221005  -1.2519629   -3.13600586   2.01211844  -0.28774362   3.61933961]
     [ -4.80019533   2.96562819  -8.33225277   0.           4.52034644   0.42993611  -2.28790306   5.83398311   0.94081035  -5.16144439  -1.2519629   33.71158048  10.46284431  -1.06963525   0.1101729    3.39161895]
     [  0.07374104   1.14432327  -5.87775192  -4.52034644   0.           5.69758093  -1.44951958   1.43875803   0.19607704  -2.90335092  -3.13600586  10.46284431  13.31027304   0.14577858  -0.33689275   2.96291777]
     [  0.40853868  -1.18113666   2.36059769  -0.42993611  -5.69758093   0.           0.4776459    2.6978701    4.32573705   8.17700565   2.01211844  -1.06963525   0.14577858  19.82494309   3.39338045  -2.69216513]
     [  1.61384126   6.68443346  -0.23694624   2.28790306   1.44951958  -0.4776459    0.           2.27664867   6.35481295   1.09657072  -0.28774362   0.1101729   -0.33689275   3.39338045  12.40561495  -3.1070757 ]
     [ -4.98609166   3.31129759   1.36227317  -5.83398311  -1.43875803  -2.6978701   -2.27664867   0.          -6.52747884 -11.85776638   3.61933961   3.39161895   2.96291777  -2.69216513  -3.1070757   35.47007001]]
    hessian: [[ 18.84664091  -0.61650109  -1.77300847 ...  -5.41954164  19.58585633   4.88153343]
     [ -0.61650109  44.77267542  -4.14419641 ...  -7.98710587 -24.86291845 -25.64940556]
     [ -1.77300847  -4.14419641  23.67221005 ...   6.10803439  -4.702306   -10.9861313 ]
     ...
     [ -5.41954164  -7.98710587   6.10803439 ... 226.22088853  35.13081523  -3.48606334]
     [ 19.58585633 -24.86291845  -4.702306   ...  35.13081523 403.0854566  107.92934091]
     [  4.88153343 -25.64940556 -10.9861313  ...  -3.48606334 107.92934091 172.18614608]]
    eigvals of hessian_by_M_M: [ 3.53821037  3.53821037  7.44260761  7.44260761 12.31275433 12.31275433 16.98299719 16.98299719 22.88023574 22.88023574 32.80382089 32.80382089 45.80339983 45.80339983 60.249982   60.249982  ]
SSpiral(8):
    iter_times, elapsed_time, sqdiff: 300, 0.8493549823760986, 5.041858052423505
    MSN: Tensor(
        [[ 1.13837447-0.39600802j  1.05788941+0.27991243j -0.91658614+0.27097452j  0.4505495 +0.89728405j]
         [-0.42787611-0.11877627j -0.37226545-0.53686392j  1.07533731-0.77932135j  0.61738264-0.84103205j]
