b=4, chi=2, seed=951, 
NOR:
    iter_times, elapsed_time, sqdiff: 1, 0.0030231475830078125, 0.9703748642163386
    MSN: Tensor(
        [[-0.71424555+0.37559834j -0.38128471+0.19177319j -0.47079038+0.24687345j -0.30300815+1.26609601j]
         [-0.45729622-0.0778111j   0.40133234+0.53270554j -0.77791483+0.82711824j  0.04369549+0.92674657j]
         [ 0.66376652+0.0798942j   0.46791429+1.25017561j -0.88237592+0.51016477j  1.01777962+0.33568126j]
         [ 0.65573842+0.12474522j -0.10715199-0.43251546j  0.87722675-0.56285316j  0.39942896-1.07000973j]]
        labels=['kl', 'kr'],
        shape=(4, 4),
    )
    grad_by_reM_reM: Tensor(
        [-0.21690704+4.44089210e-16j -0.24157069+5.55111512e-16j  0.06695828-3.33066907e-16j  0.08519056-5.27355937e-16j  0.30491394+3.33066907e-16j -0.46831507+9.71445147e-17j  0.26360288+3.33066907e-16j -0.5671722 -3.33066907e-16j]
        labels=[('kl', 'gqgbHlTo')],
        shape=(8,),
    )
    grad_by_imM_imM: Tensor(
        [-0.98655488+2.22044605e-16j  1.14682035+5.82867088e-16j -0.23269727+1.11022302e-16j  0.49404144+7.77156117e-16j -0.27560938+1.22124533e-15j  0.06082851-8.32667268e-17j -1.0027622 -4.44089210e-16j  1.21866992+2.77555756e-16j]
        labels=[('kl', 'gqgbHlTo')],
        shape=(8,),
    )
    hessian_by_M_M: [[ 95.74752593  -5.7976863   -6.79058497 -13.61039847  -5.16475819  -9.98933388  15.66814293 -10.45108948   0.           5.9207662   19.19409734 -11.64047208 -17.42123364  -2.24055222  20.65460024 -17.57572716]
     [ -5.7976863   36.52553053 -11.60809645   3.91131367   2.06772544   3.58105844   3.63954199  -3.46623785  -5.9207662    0.           6.7416236   -6.90230752  -8.84719396   6.92165012  -6.7667418    3.47712818]
     [ -6.79058497 -11.60809645  82.32538534  -3.11238595 -27.26973975  -9.89927824   8.84082619  16.93177656 -19.19409734  -6.7416236    0.          17.67190826   6.3910922    9.06826593 -15.31407397   1.51103936]
     [-13.61039847   3.91131367  -3.11238595  49.13054629  -0.22970989   2.1134057   -7.76117735  -3.12857571  11.64047208   6.90230752 -17.67190826   0.          -1.34882759  -2.58945423   8.48813899   0.14969966]
     [ -5.16475819   2.06772544 -27.26973975  -0.22970989  79.89537615   9.99394205 -10.60773439  -0.68913355  17.42123364   8.84719396  -6.3910922    1.34882759   0.          10.78952607   4.19960994  -4.33388366]
     [ -9.98933388   3.58105844  -9.89927824   2.1134057    9.99394205  29.3147253  -16.47067781   1.47629915   2.24055222  -6.92165012  -9.06826593   2.58945423 -10.78952607   0.          -8.73784254   0.76463089]
     [ 15.66814293   3.63954199   8.84082619  -7.76117735 -10.60773439 -16.47067781  51.34855248 -19.85004426 -20.65460024   6.7667418   15.31407397  -8.48813899  -4.19960994   8.73784254   0.           6.98908589]
     [-10.45108948  -3.46623785  16.93177656  -3.12857571  -0.68913355   1.47629915 -19.85004426  39.46676544  17.57572716  -3.47712818  -1.51103936  -0.14969966   4.33388366  -0.76463089  -6.98908589   0.        ]
     [  0.          -5.9207662  -19.19409734  11.64047208  17.42123364   2.24055222 -20.65460024  17.57572716  95.74752593  -5.7976863   -6.79058497 -13.61039847  -5.16475819  -9.98933388  15.66814293 -10.45108948]
     [  5.9207662    0.          -6.7416236    6.90230752   8.84719396  -6.92165012   6.7667418   -3.47712818  -5.7976863   36.52553053 -11.60809645   3.91131367   2.06772544   3.58105844   3.63954199  -3.46623785]
     [ 19.19409734   6.7416236    0.         -17.67190826  -6.3910922   -9.06826593  15.31407397  -1.51103936  -6.79058497 -11.60809645  82.32538534  -3.11238595 -27.26973975  -9.89927824   8.84082619  16.93177656]
     [-11.64047208  -6.90230752  17.67190826   0.           1.34882759   2.58945423  -8.48813899  -0.14969966 -13.61039847   3.91131367  -3.11238595  49.13054629  -0.22970989   2.1134057   -7.76117735  -3.12857571]
     [-17.42123364  -8.84719396   6.3910922   -1.34882759   0.         -10.78952607  -4.19960994   4.33388366  -5.16475819   2.06772544 -27.26973975  -0.22970989  79.89537615   9.99394205 -10.60773439  -0.68913355]
     [ -2.24055222   6.92165012   9.06826593  -2.58945423  10.78952607   0.           8.73784254  -0.76463089  -9.98933388   3.58105844  -9.89927824   2.1134057    9.99394205  29.3147253  -16.47067781   1.47629915]
     [ 20.65460024  -6.7667418  -15.31407397   8.48813899   4.19960994  -8.73784254   0.          -6.98908589  15.66814293   3.63954199   8.84082619  -7.76117735 -10.60773439 -16.47067781  51.34855248 -19.85004426]
     [-17.57572716   3.47712818   1.51103936   0.14969966  -4.33388366   0.76463089   6.98908589   0.         -10.45108948  -3.46623785  16.93177656  -3.12857571  -0.68913355   1.47629915 -19.85004426  39.46676544]]
    eigvals of hessian_by_M_M: [ 10.61781335  10.61781335  13.09564666  13.09564666  30.57997555  30.57997555  35.06812652  35.06812652  53.6926997   53.6926997   70.57279338  70.57279338  97.33419649  97.33419649 152.79315581 152.79315581]
WCOR:
    iter_times, elapsed_time, sqdiff: 1, 0.007071018218994141, 1.355676620110276
    MSN: Tensor(
        [[-0.70768666+3.71909073e-01j -0.38621446+2.59055016e-01j -0.41186252+2.63049772e-01j -0.35776902+1.24705862e+00j]
         [-0.53921121-2.32835751e-02j  0.43846139+6.23783401e-01j -0.73994707+8.63980469e-01j  0.11371404+9.15327789e-01j]
         [ 0.49541775+6.85587737e-04j  0.557112  +1.22109827e+00j -0.83255519+5.08827858e-01j  1.06740834+3.62500099e-01j]
         [ 0.73480464+4.08058736e-02j -0.12227501-5.72415018e-01j  0.85358083-6.58939715e-01j  0.30113158-1.12945992e+00j]]
        labels=['kl', 'kr'],
        shape=(4, 4),
    )
    grad_by_reM_reM: Tensor(
        [ 4.12512317e-01+3.33066907e-16j -7.06362278e-01-4.44089210e-16j  2.39062827e+00+1.44328993e-15j -7.62704566e-01+7.77156117e-16j  1.51333934e+00+0.00000000e+00j -1.60521349e+00+5.27355937e-16j  2.67678934e-01+0.00000000e+00j  1.31103036e-03-4.44089210e-16j]
        labels=[('kl', 'gqgbHlTo')],
        shape=(8,),
    )
    grad_by_imM_imM: Tensor(
        [-1.43708657-1.27675648e-15j  1.07207383+1.66533454e-16j  1.4363875 +2.22044605e-16j  1.07539559-2.77555756e-16j -0.54908284-6.66133815e-16j  0.0267399 +2.22044605e-16j -2.64215612-1.22124533e-15j  1.10814373+4.44089210e-16j]
        labels=[('kl', 'gqgbHlTo')],
        shape=(8,),
    )
    hessian_by_M_M: [[100.03217929  -8.48767285  -8.03372133 -12.81452484  -3.57481241 -11.86032713  16.98225809  -9.56087807   0.           3.83756854  22.7011362   -8.83554218 -18.77580926   0.54825717  20.90434237 -15.31979556]
     [ -8.48767285  28.34350478  -9.68232398   3.77972804   3.37346481   2.23405891   2.66583217  -2.3154371   -3.83756854   0.           3.5390063   -5.1494893   -6.57647312   4.83767896  -6.66946397   1.91190601]
     [ -8.03372133  -9.68232398  89.48095479  -7.49440023 -30.98092797  -6.64550095   7.69075703  13.93154749 -22.7011362   -3.5390063    0.          17.19956263   7.17234024  10.62249467 -19.50533175   0.83069475]
     [-12.81452484   3.77972804  -7.49440023  39.48518522   0.18718484   3.09728061  -6.9424769   -2.95423485   8.83554218   5.1494893  -17.19956263   0.          -1.78849871  -3.58733003   9.24386173   0.45034715]
     [ -3.57481241   3.37346481 -30.98092797   0.18718484  85.5944654    5.72462705  -8.54144656  -0.89582398  18.77580926   6.57647312  -7.17234024   1.78849871   0.           7.2207078    5.15526915  -2.8276787 ]
     [-11.86032713   2.23405891  -6.64550095   3.09728061   5.72462705  22.1486259  -16.52711491   2.67473503  -0.54825717  -4.83767896 -10.62249467   3.58733003  -7.2207078    0.          -8.12922865   0.7996483 ]
     [ 16.98225809   2.66583217   7.69075703  -6.9424769   -8.54144656 -16.52711491  55.91923476 -19.20366663 -20.90434237   6.66946397  19.50533175  -9.24386173  -5.15526915   8.12922865   0.           6.43914248]
     [ -9.56087807  -2.3154371   13.93154749  -2.95423485  -0.89582398   2.67473503 -19.20366663  29.82577409  15.31979556  -1.91190601  -0.83069475  -0.45034715   2.8276787   -0.7996483   -6.43914248   0.        ]
     [  0.          -3.83756854 -22.7011362    8.83554218  18.77580926  -0.54825717 -20.90434237  15.31979556 100.03217929  -8.48767285  -8.03372133 -12.81452484  -3.57481241 -11.86032713  16.98225809  -9.56087807]
     [  3.83756854   0.          -3.5390063    5.1494893    6.57647312  -4.83767896   6.66946397  -1.91190601  -8.48767285  28.34350478  -9.68232398   3.77972804   3.37346481   2.23405891   2.66583217  -2.3154371 ]
     [ 22.7011362    3.5390063    0.         -17.19956263  -7.17234024 -10.62249467  19.50533175  -0.83069475  -8.03372133  -9.68232398  89.48095479  -7.49440023 -30.98092797  -6.64550095   7.69075703  13.93154749]
     [ -8.83554218  -5.1494893   17.19956263   0.           1.78849871   3.58733003  -9.24386173  -0.45034715 -12.81452484   3.77972804  -7.49440023  39.48518522   0.18718484   3.09728061  -6.9424769   -2.95423485]
     [-18.77580926  -6.57647312   7.17234024  -1.78849871   0.          -7.2207078   -5.15526915   2.8276787   -3.57481241   3.37346481 -30.98092797   0.18718484  85.5944654    5.72462705  -8.54144656  -0.89582398]
     [  0.54825717   4.83767896  10.62249467  -3.58733003   7.2207078    0.           8.12922865  -0.7996483  -11.86032713   2.23405891  -6.64550095   3.09728061   5.72462705  22.1486259  -16.52711491   2.67473503]
     [ 20.90434237  -6.66946397 -19.50533175   9.24386173   5.15526915  -8.12922865   0.          -6.43914248  16.98225809   2.66583217   7.69075703  -6.9424769   -8.54144656 -16.52711491  55.91923476 -19.20366663]
     [-15.31979556   1.91190601   0.83069475   0.45034715  -2.8276787    0.7996483    6.43914248   0.          -9.56087807  -2.3154371   13.93154749  -2.95423485  -0.89582398   2.67473503 -19.20366663  29.82577409]]
    eigvals of hessian_by_M_M: [  8.80606632   8.80606632  11.01095152  11.01095152  24.49182403  24.49182403  29.4238425   29.4238425   50.60507883  50.60507883  69.87474414  69.87474414  94.86571013  94.86571013 161.75170679 161.75170679]
WROR:
    iter_times, elapsed_time, sqdiff: 1, 0.0073130130767822266, 2.7204160171594967
    MSN: Tensor(
        [[-0.66040542+0.36220173j -0.38405302+0.33679241j -0.36691379+0.29441042j -0.36611175+1.19667226j]
         [-0.60200224+0.04354096j  0.47603433+0.66763678j -0.65750386+0.94224089j  0.21519022+0.88328067j]
         [ 0.31486977-0.0530013j   0.65675485+1.14695482j -0.76425028+0.57042988j  1.10418131+0.38735923j]
         [ 0.78108263-0.04416057j -0.15560685-0.66972792j  0.78763002-0.78527808j  0.16608948-1.14261145j]]
        labels=['kl', 'kr'],
        shape=(4, 4),
    )
    grad_by_reM_reM: Tensor(
        [ 2.31277082-7.77156117e-16j -0.61631685-2.22044605e-16j  6.1532793 +2.22044605e-15j -2.62987664+1.11022302e-16j  3.08049778+3.33066907e-16j -3.41322637+5.55111512e-16j -0.32180189+4.44089210e-16j  1.1552651 -7.21644966e-16j]
        labels=[('kl', 'gqgbHlTo')],
        shape=(8,),
    )
    grad_by_imM_imM: Tensor(
        [ 0.34074823+2.44249065e-15j  0.49427537+3.88578059e-16j  5.14904384+8.88178420e-16j  1.07199388-8.88178420e-16j  0.41996266+8.88178420e-16j -0.20552931+0.00000000e+00j -4.22741402+2.22044605e-16j  0.81599664+1.11022302e-16j]
        labels=[('kl', 'gqgbHlTo')],
        shape=(8,),
    )
    hessian_by_M_M: [[102.58555732 -11.71502662  -8.55440747 -11.30314993  -1.68031893 -12.9356459   17.54329045  -8.04566276   0.           0.88662648  25.76184428  -6.47246208 -19.18187591   2.70709031  21.32258724 -13.70478628]
     [-11.71502662  21.86531585  -7.76877522   3.41314657   3.99382712   1.33738798   1.27179907  -1.23885022  -0.88662648   0.           0.75748109  -3.66741536  -4.42877936   2.9004395   -6.35880342   1.03132192]
     [ -8.55440747  -7.76877522  94.91125716 -11.75562001 -33.00183594  -3.34179261   6.13776453  10.61370037 -25.76184428  -0.75748109   0.          15.01315621   7.57141332  12.09467481 -22.95179402   0.45807777]
     [-11.30314993   3.41314657 -11.75562001  30.78187862   0.5699327    3.17296213  -5.6734766   -2.507962     6.47246208   3.66741536 -15.01315621   0.          -2.80075796  -4.19628259   9.74076474   0.58311365]
     [ -1.68031893   3.99382712 -33.00183594   0.5699327   89.10544875   1.21385926  -6.47190418  -0.49762273  19.18187591   4.42877936  -7.57141332   2.80075796   0.           3.2907483    5.29226153  -1.62295998]
     [-12.9356459    1.33738798  -3.34179261   3.17296213   1.21385926  16.56487907 -15.98448788   3.05030657  -2.70709031  -2.9004395  -12.09467481   4.19628259  -3.2907483    0.          -7.2614116    1.00589816]
     [ 17.54329045   1.27179907   6.13776453  -5.6734766   -6.47190418 -15.98448788  59.16109244 -18.55181465 -21.32258724   6.35880342  22.95179402  -9.74076474  -5.29226153   7.2614116    0.           4.56522328]
     [ -8.04566276  -1.23885022  10.61370037  -2.507962    -0.49762273   3.05030657 -18.55181465  22.10916948  13.70478628  -1.03132192  -0.45807777  -0.58311365   1.62295998  -1.00589816  -4.56522328   0.        ]
     [  0.          -0.88662648 -25.76184428   6.47246208  19.18187591  -2.70709031 -21.32258724  13.70478628 102.58555732 -11.71502662  -8.55440747 -11.30314993  -1.68031893 -12.9356459   17.54329045  -8.04566276]
     [  0.88662648   0.          -0.75748109   3.66741536   4.42877936  -2.9004395    6.35880342  -1.03132192 -11.71502662  21.86531585  -7.76877522   3.41314657   3.99382712   1.33738798   1.27179907  -1.23885022]
     [ 25.76184428   0.75748109   0.         -15.01315621  -7.57141332 -12.09467481  22.95179402  -0.45807777  -8.55440747  -7.76877522  94.91125716 -11.75562001 -33.00183594  -3.34179261   6.13776453  10.61370037]
     [ -6.47246208  -3.66741536  15.01315621   0.           2.80075796   4.19628259  -9.74076474  -0.58311365 -11.30314993   3.41314657 -11.75562001  30.78187862   0.5699327    3.17296213  -5.6734766   -2.507962  ]
     [-19.18187591  -4.42877936   7.57141332  -2.80075796   0.          -3.2907483   -5.29226153   1.62295998  -1.68031893   3.99382712 -33.00183594   0.5699327   89.10544875   1.21385926  -6.47190418  -0.49762273]
     [  2.70709031   2.9004395   12.09467481  -4.19628259   3.2907483    0.           7.2614116   -1.00589816 -12.9356459    1.33738798  -3.34179261   3.17296213   1.21385926  16.56487907 -15.98448788   3.05030657]
     [ 21.32258724  -6.35880342 -22.95179402   9.74076474   5.29226153  -7.2614116    0.          -4.56522328  17.54329045   1.27179907   6.13776453  -5.6734766   -6.47190418 -15.98448788  59.16109244 -18.55181465]
     [-13.70478628   1.03132192   0.45807777   0.58311365  -1.62295998   1.00589816   4.56522328   0.          -8.04566276  -1.23885022  10.61370037  -2.507962    -0.49762273   3.05030657 -18.55181465  22.10916948]]
    eigvals of hessian_by_M_M: [  6.7680244    6.7680244    8.54358363   8.54358363  18.81411133  18.81411133  22.966591    22.966591    48.04425353  48.04425353  70.39406589  70.39406589  93.22526541  93.22526541 168.32870349 168.32870349]
IWROR:
    iter_times, elapsed_time, sqdiff: 1, 0.00494694709777832, 3.2550111638089705
    MSN: Tensor(
        [[-0.64685555+0.36590179j -0.37536322+0.37024339j -0.35487386+0.30755942j -0.36740864+1.19351036j]
         [-0.63063858+0.05976627j  0.48911662+0.68986416j -0.63381175+0.95535655j  0.24182629+0.8844012j ]
         [ 0.26519662-0.07599283j  0.67999912+1.14105648j -0.74728064+0.5778974j   1.12819332+0.41318633j]
         [ 0.80141218-0.05792104j -0.16393044-0.70235235j  0.76632736-0.80423429j  0.14443413-1.14448849j]]
        labels=['kl', 'kr'],
        shape=(4, 4),
    )
    grad_by_reM_reM: Tensor(
        [ 2.819766  -1.55431223e-15j -0.50265417-5.55111512e-16j  7.0736935 +0.00000000e+00j -3.12408661+1.11022302e-16j  3.41632078+1.05471187e-15j -3.81463873-4.16333634e-16j -0.47341946+4.44089210e-16j  1.35655729+5.55111512e-17j]
        labels=[('kl', 'gqgbHlTo')],
        shape=(8,),
    )
    grad_by_imM_imM: Tensor(
        [ 1.14312408+6.66133815e-16j  0.34570646+5.55111512e-17j  6.13783563+8.88178420e-16j  1.01872834-6.66133815e-16j  0.87494196+0.00000000e+00j -0.20444658+0.00000000e+00j -4.74526799-2.22044605e-16j  0.9063247 -2.22044605e-16j]
        labels=[('kl', 'gqgbHlTo')],
        shape=(8,),
    )
    hessian_by_M_M: [[ 1.04779635e+02 -1.26142491e+01 -8.99166168e+00 -1.13636437e+01 -1.25121246e+00 -1.34634970e+01  1.80852561e+01 -7.82013254e+00  0.00000000e+00  7.03763392e-01  2.69730592e+01 -6.03037531e+00 -1.97898645e+01  3.38860748e+00  2.15426594e+01 -1.33941467e+01]
     [-1.26142491e+01  2.11616454e+01 -6.99862701e+00  3.21048323e+00  3.86413135e+00  1.22165763e+00  1.03193363e+00 -1.08889349e+00 -7.03763392e-01  0.00000000e+00  1.49431291e-01 -3.47566182e+00 -3.85235029e+00  2.61929531e+00 -6.66214411e+00  9.69827318e-01]
     [-8.99166168e+00 -6.99862701e+00  9.75214310e+01 -1.30027205e+01 -3.46415178e+01 -2.39919823e+00  5.76553250e+00  1.01179567e+01 -2.69730592e+01 -1.49431291e-01  0.00000000e+00  1.54074818e+01  7.93434486e+00  1.24700354e+01 -2.43157728e+01  6.72643489e-01]
     [-1.13636437e+01  3.21048323e+00 -1.30027205e+01  3.02437486e+01  9.64416703e-01  3.33277605e+00 -5.54918522e+00 -2.56365236e+00  6.03037531e+00  3.47566182e+00 -1.54074818e+01  0.00000000e+00 -2.78150478e+00 -4.56405153e+00  1.01214014e+01  4.38228823e-01]
     [-1.25121246e+00  3.86413135e+00 -3.46415178e+01  9.64416703e-01  9.15947200e+01  7.42094819e-02 -5.93246564e+00 -5.15980966e-01  1.97898645e+01  3.85235029e+00 -7.93434486e+00  2.78150478e+00  0.00000000e+00  2.84190569e+00  5.83345695e+00 -1.42280159e+00]
     [-1.34634970e+01  1.22165763e+00 -2.39919823e+00  3.33277605e+00  7.42094819e-02  1.61423092e+01 -1.64374840e+01  3.37832600e+00 -3.38860748e+00 -2.61929531e+00 -1.24700354e+01  4.56405153e+00 -2.84190569e+00  0.00000000e+00 -7.07869720e+00  8.50502645e-01]
     [ 1.80852561e+01  1.03193363e+00  5.76553250e+00 -5.54918522e+00 -5.93246564e+00 -1.64374840e+01  6.10896683e+01 -1.87309300e+01 -2.15426594e+01  6.66214411e+00  2.43157728e+01 -1.01214014e+01 -5.83345695e+00  7.07869720e+00  0.00000000e+00  4.30739511e+00]
     [-7.82013254e+00 -1.08889349e+00  1.01179567e+01 -2.56365236e+00 -5.15980966e-01  3.37832600e+00 -1.87309300e+01  2.10228952e+01  1.33941467e+01 -9.69827318e-01 -6.72643489e-01 -4.38228823e-01  1.42280159e+00 -8.50502645e-01 -4.30739511e+00  0.00000000e+00]
     [ 0.00000000e+00 -7.03763392e-01 -2.69730592e+01  6.03037531e+00  1.97898645e+01 -3.38860748e+00 -2.15426594e+01  1.33941467e+01  1.04779635e+02 -1.26142491e+01 -8.99166168e+00 -1.13636437e+01 -1.25121246e+00 -1.34634970e+01  1.80852561e+01 -7.82013254e+00]
     [ 7.03763392e-01  0.00000000e+00 -1.49431291e-01  3.47566182e+00  3.85235029e+00 -2.61929531e+00  6.66214411e+00 -9.69827318e-01 -1.26142491e+01  2.11616454e+01 -6.99862701e+00  3.21048323e+00  3.86413135e+00  1.22165763e+00  1.03193363e+00 -1.08889349e+00]
     [ 2.69730592e+01  1.49431291e-01  0.00000000e+00 -1.54074818e+01 -7.93434486e+00 -1.24700354e+01  2.43157728e+01 -6.72643489e-01 -8.99166168e+00 -6.99862701e+00  9.75214310e+01 -1.30027205e+01 -3.46415178e+01 -2.39919823e+00  5.76553250e+00  1.01179567e+01]
     [-6.03037531e+00 -3.47566182e+00  1.54074818e+01  0.00000000e+00  2.78150478e+00  4.56405153e+00 -1.01214014e+01 -4.38228823e-01 -1.13636437e+01  3.21048323e+00 -1.30027205e+01  3.02437486e+01  9.64416703e-01  3.33277605e+00 -5.54918522e+00 -2.56365236e+00]
     [-1.97898645e+01 -3.85235029e+00  7.93434486e+00 -2.78150478e+00  0.00000000e+00 -2.84190569e+00 -5.83345695e+00  1.42280159e+00 -1.25121246e+00  3.86413135e+00 -3.46415178e+01  9.64416703e-01  9.15947200e+01  7.42094819e-02 -5.93246564e+00 -5.15980966e-01]
     [ 3.38860748e+00  2.61929531e+00  1.24700354e+01 -4.56405153e+00  2.84190569e+00  0.00000000e+00  7.07869720e+00 -8.50502645e-01 -1.34634970e+01  1.22165763e+00 -2.39919823e+00  3.33277605e+00  7.42094819e-02  1.61423092e+01 -1.64374840e+01  3.37832600e+00]
     [ 2.15426594e+01 -6.66214411e+00 -2.43157728e+01  1.01214014e+01  5.83345695e+00 -7.07869720e+00  0.00000000e+00 -4.30739511e+00  1.80852561e+01  1.03193363e+00  5.76553250e+00 -5.54918522e+00 -5.93246564e+00 -1.64374840e+01  6.10896683e+01 -1.87309300e+01]
     [-1.33941467e+01  9.69827318e-01  6.72643489e-01  4.38228823e-01 -1.42280159e+00  8.50502645e-01  4.30739511e+00  0.00000000e+00 -7.82013254e+00 -1.08889349e+00  1.01179567e+01 -2.56365236e+00 -5.15980966e-01  3.37832600e+00 -1.87309300e+01  2.10228952e+01]]
    eigvals of hessian_by_M_M: [  6.4588242    6.4588242    8.32276505   8.32276505  18.08525424  18.08525424  22.08642888  22.08642888  48.55436032  48.55436032  71.79086069  71.79086069  94.66945312  94.66945312 173.58810626 173.58810626]
WLBOR:
    iter_times, elapsed_time, sqdiff: 1, 0.010914087295532227, 0.9688105529555692
    MSN: Tensor(
        [[-0.71124868+0.37523872j -0.37960836+0.19121193j -0.47307087+0.24823312j -0.29672531+1.2637097j ]
         [-0.45362659-0.07662202j  0.40180651+0.52665971j -0.77468409+0.83048923j  0.04641807+0.92488781j]
         [ 0.66472562+0.08407682j  0.46941428+1.24693876j -0.88166097+0.51749542j  1.01644039+0.33465824j]
         [ 0.65138045+0.12508465j -0.10873974-0.42625253j  0.8749419 -0.56387498j  0.39686337-1.06586278j]]
        labels=['kl', 'kr'],
        shape=(4, 4),
    )
    grad_by_reM_reM: Tensor(
        [-0.04757412+6.66133815e-16j -0.24777502+0.00000000e+00j  0.21357389-7.21644966e-16j -0.00591389-7.21644966e-16j  0.35436825+2.22044605e-16j -0.58293579+3.46944695e-17j  0.18084941+2.22044605e-16j -0.44700242-7.77156117e-16j]
        labels=[('kl', 'gqgbHlTo')],
        shape=(8,),
    )
    grad_by_imM_imM: Tensor(
        [-0.7980713 -5.55111512e-16j  1.11730409-5.55111512e-17j -0.17456011-9.99200722e-16j  0.53621087-9.99200722e-16j -0.14493134-5.82867088e-16j  0.05257069+2.77555756e-16j -0.90109942+6.66133815e-16j  1.10090595-1.38777878e-16j]
        labels=[('kl', 'gqgbHlTo')],
        shape=(8,),
    )
    hessian_by_M_M: [[ 95.52846837  -5.79497177  -6.71526864 -13.54811293  -5.18185778  -9.91092997  15.59229459 -10.43194908   0.           5.84947377  19.08523453 -11.68350341 -17.32472765  -2.3189077   20.66481719 -17.6286155 ]
     [ -5.79497177  36.567649   -11.68289837   3.9346726    2.06692227   3.60528158   3.62839896  -3.4686793   -5.84947377   0.           6.78992898  -6.90510914  -8.89220103   6.93082946  -6.712814     3.50160061]
     [ -6.71526864 -11.68289837  82.08360937  -3.04280477 -27.05156234  -9.94972459   8.85476467  16.92799916 -19.08523453  -6.78992898   0.          17.51986061   6.34242298   9.05239589 -15.17988796   1.48409121]
     [-13.54811293   3.9346726   -3.04280477  49.0497879   -0.2690602    2.05427098  -7.74452201  -3.09720082  11.68350341   6.90510914 -17.51986061   0.          -1.40135958  -2.54285627   8.43982029   0.17717052]
     [ -5.18185778   2.06692227 -27.05156234  -0.2690602   79.61737103  10.03605594 -10.64967632  -0.64270989  17.32472765   8.89220103  -6.34242298   1.40135958   0.          10.76428457   4.1062816   -4.35051976]
     [ -9.91092997   3.60528158  -9.94972459   2.05427098  10.03605594  29.31826746 -16.3899106    1.40096443   2.3189077   -6.93082946  -9.05239589   2.54285627 -10.76428457   0.          -8.75089089   0.80623097]
     [ 15.59229459   3.62839896   8.85476467  -7.74452201 -10.64967632 -16.3899106   51.16842399 -19.8469952  -20.66481719   6.712814    15.17988796  -8.43982029  -4.1062816    8.75089089   0.           6.9308706 ]
     [-10.43194908  -3.4686793   16.92799916  -3.09720082  -0.64270989   1.40096443 -19.8469952   39.56055147  17.6286155   -3.50160061  -1.48409121  -0.17717052   4.35051976  -0.80623097  -6.9308706    0.        ]
     [  0.          -5.84947377 -19.08523453  11.68350341  17.32472765   2.3189077  -20.66481719  17.6286155   95.52846837  -5.79497177  -6.71526864 -13.54811293  -5.18185778  -9.91092997  15.59229459 -10.43194908]
     [  5.84947377   0.          -6.78992898   6.90510914   8.89220103  -6.93082946   6.712814    -3.50160061  -5.79497177  36.567649   -11.68289837   3.9346726    2.06692227   3.60528158   3.62839896  -3.4686793 ]
     [ 19.08523453   6.78992898   0.         -17.51986061  -6.34242298  -9.05239589  15.17988796  -1.48409121  -6.71526864 -11.68289837  82.08360937  -3.04280477 -27.05156234  -9.94972459   8.85476467  16.92799916]
     [-11.68350341  -6.90510914  17.51986061   0.           1.40135958   2.54285627  -8.43982029  -0.17717052 -13.54811293   3.9346726   -3.04280477  49.0497879   -0.2690602    2.05427098  -7.74452201  -3.09720082]
     [-17.32472765  -8.89220103   6.34242298  -1.40135958   0.         -10.76428457  -4.1062816    4.35051976  -5.18185778   2.06692227 -27.05156234  -0.2690602   79.61737103  10.03605594 -10.64967632  -0.64270989]
     [ -2.3189077    6.93082946   9.05239589  -2.54285627  10.76428457   0.           8.75089089  -0.80623097  -9.91092997   3.60528158  -9.94972459   2.05427098  10.03605594  29.31826746 -16.3899106    1.40096443]
     [ 20.66481719  -6.712814   -15.17988796   8.43982029   4.1062816   -8.75089089   0.          -6.9308706   15.59229459   3.62839896   8.85476467  -7.74452201 -10.64967632 -16.3899106   51.16842399 -19.8469952 ]
     [-17.6286155    3.50160061   1.48409121   0.17717052  -4.35051976   0.80623097   6.9308706    0.         -10.43194908  -3.4686793   16.92799916  -3.09720082  -0.64270989   1.40096443 -19.8469952   39.56055147]]
    eigvals of hessian_by_M_M: [ 10.61323615  10.61323615  13.06807865  13.06807865  30.60640451  30.60640451  35.07938313  35.07938313  53.60430075  53.60430075  70.43916852  70.43916852  97.22525246  97.22525246 152.25830444 152.25830444]
WNAG:
    iter_times, elapsed_time, sqdiff: 1, 0.004356861114501953, 4.579379448007276
    MSN: Tensor(
        [[-0.61536366+0.35304257j -0.38074091+0.39490707j -0.34087996+0.31939995j -0.35815577+1.15256315j]
         [-0.63929054+0.09295174j  0.50166095+0.68305268j -0.58616158+1.00883135j  0.29385086+0.85429106j]
         [ 0.18850745-0.08180144j  0.72650849+1.08173114j -0.71246268+0.63055116j  1.12449336+0.40477542j]
         [ 0.80222176-0.10219433j -0.18434658-0.72269586j  0.72615202-0.88150568j  0.06271671-1.13416131j]]
        labels=['kl', 'kr'],
        shape=(4, 4),
    )
    grad_by_reM_reM: Tensor(
        [ 3.60323909-4.44089210e-16j -0.17610981+4.16333634e-17j  8.89131569+0.00000000e+00j -4.1120528 -4.99600361e-16j  4.11612429-3.33066907e-16j -4.56399599-3.88578059e-16j -0.87039335+4.44089210e-16j  1.80029789-3.33066907e-16j]
        labels=[('kl', 'gqgbHlTo')],
        shape=(8,),
    )
    grad_by_imM_imM: Tensor(
        [ 2.43731647-3.10862447e-15j -0.09646401+4.16333634e-16j  8.77696683+0.00000000e+00j  0.41492763+0.00000000e+00j  1.67940931+4.44089210e-16j -0.56989087+4.44089210e-16j -5.61482529-6.66133815e-16j  0.95326586-2.22044605e-16j]
        labels=[('kl', 'gqgbHlTo')],
        shape=(8,),
    )
    hessian_by_M_M: [[ 1.04298517e+02 -1.43621905e+01 -8.62782897e+00 -1.00549292e+01 -2.83630911e-01 -1.33503716e+01  1.77424982e+01 -6.80876468e+00  0.00000000e+00 -1.31629685e+00  2.77658827e+01 -5.19784611e+00 -1.92245261e+01  3.89324829e+00  2.18271030e+01 -1.30595855e+01]
     [-1.43621905e+01  1.86133444e+01 -6.43495818e+00  3.04399941e+00  4.00926898e+00  9.38304565e-01  1.63466614e-01 -5.74752360e-01  1.31629685e+00  0.00000000e+00 -8.13960694e-01 -2.89033667e+00 -3.03617761e+00  1.76035754e+00 -6.27964151e+00  8.58425889e-01]
     [-8.62782897e+00 -6.43495818e+00  9.84082192e+01 -1.48959606e+01 -3.39011989e+01 -1.14624049e+00  4.94628020e+00  8.37238981e+00 -2.77658827e+01  8.13960694e-01  0.00000000e+00  1.30310470e+01  7.69961998e+00  1.29999939e+01 -2.50952606e+01  5.71067402e-01]
     [-1.00549292e+01  3.04399941e+00 -1.48959606e+01  2.60361757e+01  8.87371590e-01  2.91395077e+00 -4.66060092e+00 -2.18122783e+00  5.19784611e+00  2.89033667e+00 -1.30310470e+01  0.00000000e+00 -3.61030276e+00 -4.48973653e+00  1.00910748e+01  4.63984028e-01]
     [-2.83630911e-01  4.00926898e+00 -3.39011989e+01  8.87371590e-01  9.10991222e+01 -2.11110988e+00 -5.11606856e+00  9.63905496e-03  1.92245261e+01  3.03617761e+00 -7.69961998e+00  3.61030276e+00  0.00000000e+00  7.18990656e-01  5.16643889e+00 -1.01157686e+00]
     [-1.33503716e+01  9.38304565e-01 -1.14624049e+00  2.91395077e+00 -2.11110988e+00  1.38545230e+01 -1.55389765e+01  3.07905724e+00 -3.89324829e+00 -1.76035754e+00 -1.29999939e+01  4.48973653e+00 -7.18990656e-01  0.00000000e+00 -6.48818012e+00  1.14029953e+00]
     [ 1.77424982e+01  1.63466614e-01  4.94628020e+00 -4.66060092e+00 -5.11606856e+00 -1.55389765e+01  6.11883204e+01 -1.84033187e+01 -2.18271030e+01  6.27964151e+00  2.50952606e+01 -1.00910748e+01 -5.16643889e+00  6.48818012e+00  0.00000000e+00  2.74775063e+00]
     [-6.80876468e+00 -5.74752360e-01  8.37238981e+00 -2.18122783e+00  9.63905496e-03  3.07905724e+00 -1.84033187e+01  1.81358542e+01  1.30595855e+01 -8.58425889e-01 -5.71067402e-01 -4.63984028e-01  1.01157686e+00 -1.14029953e+00 -2.74775063e+00  0.00000000e+00]
     [ 0.00000000e+00  1.31629685e+00 -2.77658827e+01  5.19784611e+00  1.92245261e+01 -3.89324829e+00 -2.18271030e+01  1.30595855e+01  1.04298517e+02 -1.43621905e+01 -8.62782897e+00 -1.00549292e+01 -2.83630911e-01 -1.33503716e+01  1.77424982e+01 -6.80876468e+00]
     [-1.31629685e+00  0.00000000e+00  8.13960694e-01  2.89033667e+00  3.03617761e+00 -1.76035754e+00  6.27964151e+00 -8.58425889e-01 -1.43621905e+01  1.86133444e+01 -6.43495818e+00  3.04399941e+00  4.00926898e+00  9.38304565e-01  1.63466614e-01 -5.74752360e-01]
     [ 2.77658827e+01 -8.13960694e-01  0.00000000e+00 -1.30310470e+01 -7.69961998e+00 -1.29999939e+01  2.50952606e+01 -5.71067402e-01 -8.62782897e+00 -6.43495818e+00  9.84082192e+01 -1.48959606e+01 -3.39011989e+01 -1.14624049e+00  4.94628020e+00  8.37238981e+00]
     [-5.19784611e+00 -2.89033667e+00  1.30310470e+01  0.00000000e+00  3.61030276e+00  4.48973653e+00 -1.00910748e+01 -4.63984028e-01 -1.00549292e+01  3.04399941e+00 -1.48959606e+01  2.60361757e+01  8.87371590e-01  2.91395077e+00 -4.66060092e+00 -2.18122783e+00]
     [-1.92245261e+01 -3.03617761e+00  7.69961998e+00 -3.61030276e+00  0.00000000e+00 -7.18990656e-01 -5.16643889e+00  1.01157686e+00 -2.83630911e-01  4.00926898e+00 -3.39011989e+01  8.87371590e-01  9.10991222e+01 -2.11110988e+00 -5.11606856e+00  9.63905496e-03]
     [ 3.89324829e+00  1.76035754e+00  1.29999939e+01 -4.48973653e+00  7.18990656e-01  0.00000000e+00  6.48818012e+00 -1.14029953e+00 -1.33503716e+01  9.38304565e-01 -1.14624049e+00  2.91395077e+00 -2.11110988e+00  1.38545230e+01 -1.55389765e+01  3.07905724e+00]
     [ 2.18271030e+01 -6.27964151e+00 -2.50952606e+01  1.00910748e+01  5.16643889e+00 -6.48818012e+00  0.00000000e+00 -2.74775063e+00  1.77424982e+01  1.63466614e-01  4.94628020e+00 -4.66060092e+00 -5.11606856e+00 -1.55389765e+01  6.11883204e+01 -1.84033187e+01]
     [-1.30595855e+01  8.58425889e-01  5.71067402e-01  4.63984028e-01 -1.01157686e+00  1.14029953e+00  2.74775063e+00  0.00000000e+00 -6.80876468e+00 -5.74752360e-01  8.37238981e+00 -2.18122783e+00  9.63905496e-03  3.07905724e+00 -1.84033187e+01  1.81358542e+01]]
    eigvals of hessian_by_M_M: [  5.42970744   5.42970744   7.07963285   7.07963285  15.38912276  15.38912276  18.88754827  18.88754827  46.76778369  46.76778369  71.81469903  71.81469903  93.25857792  93.25857792 173.00700423 173.00700423]
SNAG:
    iter_times, elapsed_time, sqdiff: 1, 0.00725102424621582, 1.46319703044965
    MSN: Tensor(
        [[-0.74164968+0.33069494j -0.4485951 +0.1364709j  -0.42763092+0.21030232j -0.37289919+1.20129481j]
         [-0.43400029-0.04218552j  0.4004581 +0.54076293j -0.79435211+0.87828593j  0.06643678+0.86330319j]
         [ 0.58353507+0.08010001j  0.53406008+1.16126116j -0.85550402+0.52901016j  0.95190563+0.21705105j]
         [ 0.66558608+0.0135733j  -0.10956376-0.49314366j  0.91158255-0.70728064j  0.26276925-1.14020649j]]
        labels=['kl', 'kr'],
        shape=(4, 4),
    )
    grad_by_reM_reM: Tensor(
        [-1.09657085-4.44089210e-16j -0.80122285-3.33066907e-16j  1.1319254 -8.32667268e-17j -0.19279079+2.22044605e-16j  1.04241973+4.44089210e-16j -0.51146185-4.57966998e-16j  0.98120274+8.88178420e-16j -1.02752668+0.00000000e+00j]
        labels=[('kl', 'gqgbHlTo')],
        shape=(8,),
    )
    grad_by_imM_imM: Tensor(
        [-4.09163263-1.22124533e-15j  0.98878742-3.88578059e-16j  0.47001241-5.55111512e-16j  0.78438938+2.77555756e-17j -2.14590225-7.77156117e-16j -0.07289546+3.88578059e-16j -2.84250021-7.77156117e-16j  1.20878994-3.33066907e-16j]
        labels=[('kl', 'gqgbHlTo')],
        shape=(8,),
    )
    hessian_by_M_M: [[ 90.81280732  -8.16832747  -5.8561245  -10.39013965  -3.59902592  -9.80855384  14.40725893  -8.64062168   0.           0.78917335  19.53885863  -8.8022752  -15.52740613  -1.00698031  20.38212407 -15.50740739]
     [ -8.16832747  26.12273014 -11.5962703    4.39439503   4.2367205    2.24257208   2.08950491  -1.9391502   -0.78917335   0.           3.78337629  -4.42498573  -7.10509375   4.21179591  -4.57326594   1.7387519 ]
     [ -5.8561245  -11.5962703   81.26801767  -5.82841588 -23.81636158  -7.54525591   7.67338389  12.43019484 -19.53885863  -3.78337629   0.          11.58544531   5.50617314  10.36102082 -15.80601361  -0.72928547]
     [-10.39013965   4.39439503  -5.82841588  32.99290794  -1.27360578   1.70739892  -6.06963577  -1.8193251    8.8022752    4.42498573 -11.58544531   0.          -3.37127484  -2.26855377   7.54730689   1.49679481]
     [ -3.59902592   4.2367205  -23.81636158  -1.27360578  75.63865593   6.26209953  -9.04382843   0.16382172  15.52740613   7.10509375  -5.50617314   3.37127484   0.           4.80570156   2.07490277  -2.65447503]
     [ -9.80855384   2.24257208  -7.54525591   1.70739892   6.26209953  19.20233682 -13.26720606   0.7496173    1.00698031  -4.21179591 -10.36102082   2.26855377  -4.80570156   0.          -8.13344545   2.03870788]
     [ 14.40725893   2.08950491   7.67338389  -6.06963577  -9.04382843 -13.26720606  49.37811455 -17.85567836 -20.38212407   4.57326594  15.80601361  -7.54730689  -2.07490277   8.13344545   0.           4.71303458]
     [ -8.64062168  -1.9391502   12.43019484  -1.8193251    0.16382172   0.7496173  -17.85567836  28.44397363  15.50740739  -1.7387519    0.72928547  -1.49679481   2.65447503  -2.03870788  -4.71303458   0.        ]
     [  0.          -0.78917335 -19.53885863   8.8022752   15.52740613   1.00698031 -20.38212407  15.50740739  90.81280732  -8.16832747  -5.8561245  -10.39013965  -3.59902592  -9.80855384  14.40725893  -8.64062168]
     [  0.78917335   0.          -3.78337629   4.42498573   7.10509375  -4.21179591   4.57326594  -1.7387519   -8.16832747  26.12273014 -11.5962703    4.39439503   4.2367205    2.24257208   2.08950491  -1.9391502 ]
     [ 19.53885863   3.78337629   0.         -11.58544531  -5.50617314 -10.36102082  15.80601361   0.72928547  -5.8561245  -11.5962703   81.26801767  -5.82841588 -23.81636158  -7.54525591   7.67338389  12.43019484]
     [ -8.8022752   -4.42498573  11.58544531   0.           3.37127484   2.26855377  -7.54730689  -1.49679481 -10.39013965   4.39439503  -5.82841588  32.99290794  -1.27360578   1.70739892  -6.06963577  -1.8193251 ]
     [-15.52740613  -7.10509375   5.50617314  -3.37127484   0.          -4.80570156  -2.07490277   2.65447503  -3.59902592   4.2367205  -23.81636158  -1.27360578  75.63865593   6.26209953  -9.04382843   0.16382172]
     [ -1.00698031   4.21179591  10.36102082  -2.26855377   4.80570156   0.           8.13344545  -2.03870788  -9.80855384   2.24257208  -7.54525591   1.70739892   6.26209953  19.20233682 -13.26720606   0.7496173 ]
     [ 20.38212407  -4.57326594 -15.80601361   7.54730689   2.07490277  -8.13344545   0.          -4.71303458  14.40725893   2.08950491   7.67338389  -6.06963577  -9.04382843 -13.26720606  49.37811455 -17.85567836]
     [-15.50740739   1.7387519   -0.72928547   1.49679481  -2.65447503   2.03870788   4.71303458   0.          -8.64062168  -1.9391502   12.43019484  -1.8193251    0.16382172   0.7496173  -17.85567836  28.44397363]]
    eigvals of hessian_by_M_M: [  7.93776351   7.93776351   9.50789596   9.50789596  22.41170864  22.41170864  27.23291845  27.23291845  44.87406774  44.87406774  63.7856213   63.7856213   86.51824938  86.51824938 141.59131901 141.59131901]
SSpiral(8):
    iter_times, elapsed_time, sqdiff: 1, 0.009396791458129883, 0.9478107374313863
    MSN: Tensor(
        [[-0.71246238+0.35783568j -0.36309274+0.19748693j -0.47382786+0.2499403j  -0.29314431+1.28049214j]
         [-0.47073648-0.06853085j  0.40514611+0.53252741j -0.76874942+0.83035905j  0.06664928+0.95200442j]
         [ 0.6762712 +0.08202243j  0.45916833+1.27934654j -0.90402751+0.49366498j  1.05542948+0.33282643j]
         [ 0.64627945+0.15030557j -0.0989521 -0.42935535j  0.87311342-0.52327922j  0.42043769-1.05693585j]]
        labels=['kl', 'kr'],
        shape=(4, 4),
    )
    grad_by_reM_reM: Tensor(
        [-0.04760652-1.66533454e-16j -0.24779482+1.11022302e-16j  0.21077758-1.38777878e-16j -0.36920766-3.88578059e-16j  0.37715312+7.49400542e-16j -0.17156486+1.73472348e-17j  0.41846697-7.77156117e-16j -0.89213145-4.44089210e-16j]
        labels=[('kl', 'gqgbHlTo')],
        shape=(8,),
    )
    grad_by_imM_imM: Tensor(
        [-0.98302651+1.27675648e-15j  0.68999608-2.49800181e-16j  0.39066459+3.88578059e-16j  0.68404276+2.22044605e-16j -0.31819856-1.27675648e-15j -0.02918146+9.71445147e-17j -0.36969758+3.05311332e-16j  0.96212637+4.99600361e-16j]
        labels=[('kl', 'gqgbHlTo')],
        shape=(8,),
    )
    hessian_by_M_M: [[ 9.53147762e+01 -5.35782665e+00 -7.72967067e+00 -1.33290003e+01 -5.10157025e+00 -1.00245493e+01  1.53245325e+01 -1.07127045e+01  0.00000000e+00  6.19027175e+00  1.86022355e+01 -1.18039087e+01 -1.78470757e+01 -2.13099729e+00  2.02322360e+01 -1.76070565e+01]
     [-5.35782665e+00  3.65421165e+01 -1.16167577e+01  3.96188516e+00  2.27653733e+00  3.61151924e+00  3.57705626e+00 -3.51145708e+00 -6.19027175e+00  0.00000000e+00  6.55772268e+00 -6.85922998e+00 -8.76571446e+00  6.92499513e+00 -6.88980534e+00  3.45963312e+00]
     [-7.72967067e+00 -1.16167577e+01  8.19546034e+01 -2.79920427e+00 -2.77520703e+01 -9.87826239e+00  8.97577852e+00  1.68824049e+01 -1.86022355e+01 -6.55772268e+00  0.00000000e+00  1.78500417e+01  6.60618739e+00  8.86135000e+00 -1.55152013e+01  1.72297227e+00]
     [-1.33290003e+01  3.96188516e+00 -2.79920427e+00  4.91116803e+01 -1.70729439e-02  2.14743701e+00 -7.71294344e+00 -3.13925212e+00  1.18039087e+01  6.85922998e+00 -1.78500417e+01  0.00000000e+00 -9.94641423e-01 -2.51578256e+00  8.63025898e+00  1.53068879e-01]
     [-5.10157025e+00  2.27653733e+00 -2.77520703e+01 -1.70729439e-02  8.02580340e+01  1.00641769e+01 -1.06795472e+01 -8.39001519e-01  1.78470757e+01  8.76571446e+00 -6.60618739e+00  9.94641423e-01  0.00000000e+00  1.10530555e+01  4.23625777e+00 -4.22980975e+00]
     [-1.00245493e+01  3.61151924e+00 -9.87826239e+00  2.14743701e+00  1.00641769e+01  2.92119745e+01 -1.64273149e+01  1.56004950e+00  2.13099729e+00 -6.92499513e+00 -8.86135000e+00  2.51578256e+00 -1.10530555e+01  0.00000000e+00 -8.38252570e+00  8.57604453e-01]
     [ 1.53245325e+01  3.57705626e+00  8.97577852e+00 -7.71294344e+00 -1.06795472e+01 -1.64273149e+01  5.07082601e+01 -1.92801125e+01 -2.02322360e+01  6.88980534e+00  1.55152013e+01 -8.63025898e+00 -4.23625777e+00  8.38252570e+00  0.00000000e+00  7.41626497e+00]
     [-1.07127045e+01 -3.51145708e+00  1.68824049e+01 -3.13925212e+00 -8.39001519e-01  1.56004950e+00 -1.92801125e+01  3.95541549e+01  1.76070565e+01 -3.45963312e+00 -1.72297227e+00 -1.53068879e-01  4.22980975e+00 -8.57604453e-01 -7.41626497e+00  0.00000000e+00]
     [ 0.00000000e+00 -6.19027175e+00 -1.86022355e+01  1.18039087e+01  1.78470757e+01  2.13099729e+00 -2.02322360e+01  1.76070565e+01  9.53147762e+01 -5.35782665e+00 -7.72967067e+00 -1.33290003e+01 -5.10157025e+00 -1.00245493e+01  1.53245325e+01 -1.07127045e+01]
