b=4, chi=2, seed=619, 
NOR:
    iter_times, elapsed_time, sqdiff: 300, 0.4012758731842041, 1.7995856807016979
    MSN: Tensor(
        [[-0.30952976+0.1045814j   0.31942341+0.24021432j  0.33990768+0.02239566j  0.44925372-0.22262128j]
         [-0.3663323 +0.45483987j  0.69413941+0.57218835j  0.34528957-0.17699585j  0.28794951-0.49792189j]
         [-0.40348099+0.66466161j -0.67484352+0.39200991j  0.11115928-0.95520139j -0.52997157-1.37988156j]
         [-0.32287933+0.03576217j -1.09795435-0.5445833j   0.3068895 -0.59031228j  0.03360859-1.00708653j]]
        labels=['kl', 'kr'],
        shape=(4, 4),
    )
    grad_by_M: [-1.05332409e-14 -9.38138456e-15 -3.70189990e-15 -8.52096171e-15  1.27675648e-15  1.02140518e-14 -3.02535774e-15 -9.52016244e-15 -1.66533454e-16 -3.63598041e-15  1.99926881e-16 -5.13478149e-15 -1.24761312e-14  3.08086889e-15  8.43769499e-15  5.38458167e-15]
    hessian_by_M_M: [[ 66.49240811  17.65190091   8.21390994  -2.52825266  -0.344943    -6.10724124   5.37882607   3.67443466   0.          -1.87689999  -8.85332169   8.44410906  -8.23434717  -0.54910421  -6.49877678   3.21022087]
     [ 17.65190091  38.1982199    0.3567553   -2.32463406  -7.91408077  -6.67928316  -2.6844295    8.89427685   1.87689999   0.          -6.4226769   -5.25392307   2.97126646  -0.48890739 -19.14121019  -8.81495867]
     [  8.21390994   0.3567553   51.32955449   6.07157982  -6.8588007   -1.80826398   5.09952945  -6.88730953   8.85332169   6.4226769    0.          -2.87877101   8.40462865   0.47284923  11.38886883  14.48726803]
     [ -2.52825266  -2.32463406   6.07157982  41.88572667  -2.25958866 -11.80650858  -4.33004512   0.10316286  -8.44410906   5.25392307   2.87877101   0.           0.97487949  -2.14509722   5.57377836 -10.34775129]
     [ -0.344943    -7.91408077  -6.8588007   -2.25958866  53.47954824  12.58108448 -20.73018083 -16.8041087    8.23434717  -2.97126646  -8.40462865  -0.97487949   0.           5.71579122   5.18212536  -5.98550926]
     [ -6.10724124  -6.67928316  -1.80826398 -11.80650858  12.58108448  37.04562071   3.47879021  -4.20436744   0.54910421   0.48890739  -0.47284923   2.14509722  -5.71579122   0.           6.69751051   9.54704281]
     [  5.37882607  -2.6844295    5.09952945  -4.33004512 -20.73018083   3.47879021  65.22334829  19.51961554   6.49877678  19.14121019 -11.38886883  -5.57377836  -5.18212536  -6.69751051   0.          23.82243817]
     [  3.67443466   8.89427685  -6.88730953   0.10316286 -16.8041087   -4.20436744  19.51961554  38.5819941   -3.21022087   8.81495867 -14.48726803  10.34775129   5.98550926  -9.54704281 -23.82243817   0.        ]
     [  0.           1.87689999   8.85332169  -8.44410906   8.23434717   0.54910421   6.49877678  -3.21022087  66.49240811  17.65190091   8.21390994  -2.52825266  -0.344943    -6.10724124   5.37882607   3.67443466]
     [ -1.87689999   0.           6.4226769    5.25392307  -2.97126646   0.48890739  19.14121019   8.81495867  17.65190091  38.1982199    0.3567553   -2.32463406  -7.91408077  -6.67928316  -2.6844295    8.89427685]
     [ -8.85332169  -6.4226769    0.           2.87877101  -8.40462865  -0.47284923 -11.38886883 -14.48726803   8.21390994   0.3567553   51.32955449   6.07157982  -6.8588007   -1.80826398   5.09952945  -6.88730953]
     [  8.44410906  -5.25392307  -2.87877101   0.          -0.97487949   2.14509722  -5.57377836  10.34775129  -2.52825266  -2.32463406   6.07157982  41.88572667  -2.25958866 -11.80650858  -4.33004512   0.10316286]
     [ -8.23434717   2.97126646   8.40462865   0.97487949   0.          -5.71579122  -5.18212536   5.98550926  -0.344943    -7.91408077  -6.8588007   -2.25958866  53.47954824  12.58108448 -20.73018083 -16.8041087 ]
     [ -0.54910421  -0.48890739   0.47284923  -2.14509722   5.71579122   0.          -6.69751051  -9.54704281  -6.10724124  -6.67928316  -1.80826398 -11.80650858  12.58108448  37.04562071   3.47879021  -4.20436744]
     [ -6.49877678 -19.14121019  11.38886883   5.57377836   5.18212536   6.69751051   0.         -23.82243817   5.37882607  -2.6844295    5.09952945  -4.33004512 -20.73018083   3.47879021  65.22334829  19.51961554]
     [  3.21022087  -8.81495867  14.48726803 -10.34775129  -5.98550926   9.54704281  23.82243817   0.           3.67443466   8.89427685  -6.88730953   0.10316286 -16.8041087   -4.20436744  19.51961554  38.5819941 ]]
    hessian: [[ 66.49240811+3.55271368e-15j  17.65190091-1.44328993e-15j   8.21390994+0.00000000e+00j ...   1.11060316-2.22044605e-16j -32.6267211 +0.00000000e+00j  18.59152865+1.77635684e-15j]
     [ 17.65190091-1.44328993e-15j  38.1982199 -1.77635684e-15j   0.3567553 +0.00000000e+00j ...   7.34062793-4.44089210e-16j  -1.09141665+1.33226763e-15j   6.39788718+0.00000000e+00j]
     [  8.21390994+0.00000000e+00j   0.3567553 +0.00000000e+00j  51.32955449+0.00000000e+00j ...  13.90205521+4.44089210e-16j  -6.00144802+0.00000000e+00j  24.48741514+8.88178420e-16j]
     ...
     [  1.11060316-2.22044605e-16j   7.34062793-4.44089210e-16j  13.90205521+4.44089210e-16j ...  43.75348237-1.77635684e-15j  -1.57638553-8.88178420e-16j  -6.62739459+2.22044605e-16j]
     [-32.6267211 +0.00000000e+00j  -1.09141665+1.33226763e-15j  -6.00144802+0.00000000e+00j ...  -1.57638553-8.88178420e-16j  46.56114235+8.88178420e-16j -12.43697545+8.88178420e-16j]
     [ 18.59152865+1.77635684e-15j   6.39788718+0.00000000e+00j  24.48741514+8.88178420e-16j ...  -6.62739459+2.22044605e-16j -12.43697545+8.88178420e-16j  44.56516722+0.00000000e+00j]]
    eigvals of hessian_by_M_M: [  9.3964378    9.3964378   13.47948704  13.47948704  22.25503325  22.25503325  33.14474211  33.14474211  48.63873574  48.63873574  70.06499229  70.06499229  76.45665482  76.45665482 118.80033745 118.80033745]
WCOR:
    iter_times, elapsed_time, sqdiff: 300, 0.5787210464477539, 1.7995856807016954
    MSN: Tensor(
        [[-0.30952976+0.1045814j   0.31942341+0.24021432j  0.33990768+0.02239566j  0.44925372-0.22262128j]
         [-0.3663323 +0.45483987j  0.69413941+0.57218835j  0.34528957-0.17699585j  0.28794951-0.49792189j]
         [-0.40348099+0.66466161j -0.67484352+0.39200991j  0.11115928-0.95520139j -0.52997157-1.37988156j]
         [-0.32287933+0.03576217j -1.09795435-0.5445833j   0.3068895 -0.59031228j  0.03360859-1.00708653j]]
        labels=['kl', 'kr'],
        shape=(4, 4),
    )
    grad_by_M: [ 5.41233725e-15  7.93809463e-15  1.94289029e-15  6.48092691e-15 -4.94049246e-15  3.33066907e-15  7.13318293e-15  4.30211422e-15 -1.11022302e-15  3.33066907e-15  1.33742843e-14  1.80411242e-15 -1.14352972e-14 -1.82631688e-14 -5.74540415e-15 -6.66133815e-15]
    hessian_by_M_M: [[ 5.84397595e+01  1.19216681e+01  7.47881879e+00 -4.18204324e+00 -3.65616521e-01 -6.02418751e+00  5.11642248e+00  1.80180051e+00  0.00000000e+00 -8.01935765e+00 -7.74052125e+00  6.00269411e+00 -7.27460817e+00 -6.70644076e-01 -5.82816588e+00  2.63716934e+00]
     [ 1.19216681e+01  2.97395623e+01  4.62398434e-01 -3.25848396e+00 -5.20335121e+00 -4.08051217e+00 -3.34625401e+00  4.37914443e+00  8.01935765e+00  0.00000000e+00 -3.82893465e+00 -4.71015057e+00  3.50484208e+00 -4.64142826e-01 -1.46860050e+01 -5.44218800e+00]
     [ 7.47881879e+00  4.62398434e-01  4.50686746e+01  3.06652498e+00 -6.04595387e+00 -1.14697064e-01  4.63839021e+00 -5.46775280e+00  7.74052125e+00  3.82893465e+00  0.00000000e+00 -7.79189307e+00  7.38489614e+00  5.91937742e-01  1.00584938e+01  1.02570078e+01]
     [-4.18204324e+00 -3.25848396e+00  3.06652498e+00  3.37058246e+01 -2.59575720e+00 -9.06271293e+00 -4.96740903e+00 -2.80799868e-01 -6.00269411e+00  4.71015057e+00  7.79189307e+00  0.00000000e+00 -4.60234723e-02 -1.51570435e+00  5.18127059e+00 -9.13316540e+00]
     [-3.65616521e-01 -5.20335121e+00 -6.04595387e+00 -2.59575720e+00  4.72518658e+01  7.63349841e+00 -1.84537194e+01 -1.19384988e+01  7.27460817e+00 -3.50484208e+00 -7.38489614e+00  4.60234723e-02  0.00000000e+00 -5.54020669e-01  4.90826980e+00 -3.94900562e+00]
     [-6.02418751e+00 -4.08051217e+00 -1.14697064e-01 -9.06271293e+00  7.63349841e+00  2.73210331e+01  3.73576508e+00 -1.54662002e+00  6.70644076e-01  4.64142826e-01 -5.91937742e-01  1.51570435e+00  5.54020669e-01  0.00000000e+00  2.36390680e+00  5.13789900e+00]
     [ 5.11642248e+00 -3.34625401e+00  4.63839021e+00 -4.96740903e+00 -1.84537194e+01  3.73576508e+00  5.82016110e+01  1.13443161e+01  5.82816588e+00  1.46860050e+01 -1.00584938e+01 -5.18127059e+00 -4.90826980e+00 -2.36390680e+00  0.00000000e+00  1.33924672e+01]
     [ 1.80180051e+00  4.37914443e+00 -5.46775280e+00 -2.80799868e-01 -1.19384988e+01 -1.54662002e+00  1.13443161e+01  2.38379790e+01 -2.63716934e+00  5.44218800e+00 -1.02570078e+01  9.13316540e+00  3.94900562e+00 -5.13789900e+00 -1.33924672e+01  0.00000000e+00]
     [ 0.00000000e+00  8.01935765e+00  7.74052125e+00 -6.00269411e+00  7.27460817e+00  6.70644076e-01  5.82816588e+00 -2.63716934e+00  5.84397595e+01  1.19216681e+01  7.47881879e+00 -4.18204324e+00 -3.65616521e-01 -6.02418751e+00  5.11642248e+00  1.80180051e+00]
     [-8.01935765e+00  0.00000000e+00  3.82893465e+00  4.71015057e+00 -3.50484208e+00  4.64142826e-01  1.46860050e+01  5.44218800e+00  1.19216681e+01  2.97395623e+01  4.62398434e-01 -3.25848396e+00 -5.20335121e+00 -4.08051217e+00 -3.34625401e+00  4.37914443e+00]
     [-7.74052125e+00 -3.82893465e+00  0.00000000e+00  7.79189307e+00 -7.38489614e+00 -5.91937742e-01 -1.00584938e+01 -1.02570078e+01  7.47881879e+00  4.62398434e-01  4.50686746e+01  3.06652498e+00 -6.04595387e+00 -1.14697064e-01  4.63839021e+00 -5.46775280e+00]
     [ 6.00269411e+00 -4.71015057e+00 -7.79189307e+00  0.00000000e+00  4.60234723e-02  1.51570435e+00 -5.18127059e+00  9.13316540e+00 -4.18204324e+00 -3.25848396e+00  3.06652498e+00  3.37058246e+01 -2.59575720e+00 -9.06271293e+00 -4.96740903e+00 -2.80799868e-01]
     [-7.27460817e+00  3.50484208e+00  7.38489614e+00 -4.60234723e-02  0.00000000e+00  5.54020669e-01 -4.90826980e+00  3.94900562e+00 -3.65616521e-01 -5.20335121e+00 -6.04595387e+00 -2.59575720e+00  4.72518658e+01  7.63349841e+00 -1.84537194e+01 -1.19384988e+01]
     [-6.70644076e-01 -4.64142826e-01  5.91937742e-01 -1.51570435e+00 -5.54020669e-01  0.00000000e+00 -2.36390680e+00 -5.13789900e+00 -6.02418751e+00 -4.08051217e+00 -1.14697064e-01 -9.06271293e+00  7.63349841e+00  2.73210331e+01  3.73576508e+00 -1.54662002e+00]
     [-5.82816588e+00 -1.46860050e+01  1.00584938e+01  5.18127059e+00  4.90826980e+00  2.36390680e+00  0.00000000e+00 -1.33924672e+01  5.11642248e+00 -3.34625401e+00  4.63839021e+00 -4.96740903e+00 -1.84537194e+01  3.73576508e+00  5.82016110e+01  1.13443161e+01]
     [ 2.63716934e+00 -5.44218800e+00  1.02570078e+01 -9.13316540e+00 -3.94900562e+00  5.13789900e+00  1.33924672e+01  0.00000000e+00  1.80180051e+00  4.37914443e+00 -5.46775280e+00 -2.80799868e-01 -1.19384988e+01 -1.54662002e+00  1.13443161e+01  2.38379790e+01]]
    hessian: [[ 58.43975954+0.00000000e+00j  11.92166809-8.88178420e-16j   7.47881879+4.44089210e-16j ...   1.20656689+5.55111512e-17j -29.14476683+0.00000000e+00j  19.6945314 +1.77635684e-15j]
     [ 11.92166809-8.88178420e-16j  29.73956226+1.77635684e-15j   0.46239843+0.00000000e+00j ...   8.07610727-4.44089210e-16j   2.50638718+0.00000000e+00j   7.33256454-8.88178420e-16j]
     [  7.47881879+4.44089210e-16j   0.46239843+0.00000000e+00j  45.06867457+0.00000000e+00j ...  14.53021346+0.00000000e+00j  -3.78122112+1.77635684e-15j  26.27674423+0.00000000e+00j]
     ...
     [  1.20656689+5.55111512e-17j   8.07610727-4.44089210e-16j  14.53021346+0.00000000e+00j ...  55.51076179+2.66453526e-15j  -1.80456271+8.88178420e-16j  -8.48469251+6.66133815e-16j]
     [-29.14476683+0.00000000e+00j   2.50638718+0.00000000e+00j  -3.78122112+1.77635684e-15j ...  -1.80456271+8.88178420e-16j  50.40692136+8.88178420e-16j -11.50519725+1.33226763e-15j]
     [ 19.6945314 +1.77635684e-15j   7.33256454-8.88178420e-16j  26.27674423+0.00000000e+00j ...  -8.48469251+6.66133815e-16j -11.50519725+1.33226763e-15j  57.22238608+0.00000000e+00j]]
    eigvals of hessian_by_M_M: [ 7.97540646  7.97540646 10.70592419 10.70592419 18.59917944 18.59917944 28.87447776 28.87447776 38.21874206 38.21874206 59.05353021 59.05353021 68.42486793 68.42486793 91.71418179 91.71418179]
WROR:
    iter_times, elapsed_time, sqdiff: 300, 0.6571969985961914, 1.6479845862152342
    MSN: Tensor(
        [[-0.42274472-0.43375433j -0.50801393-0.0782895j   0.03844625-0.44951428j  0.27247237-1.37565503j]
         [-0.63116049+0.91705112j  0.47736075+0.21837108j -0.20376931-0.17590145j  0.352714  -0.19851131j]
         [-1.2257266 +0.36430525j -0.25920055+0.47913694j -0.36952118-0.58887748j -0.41897063-1.54456657j]
         [ 0.25673003+0.0124673j  -0.09923964-0.42267962j  0.07625519-0.1736889j   0.61072002-0.8847505j ]]
        labels=['kl', 'kr'],
        shape=(4, 4),
    )
    grad_by_M: [ 2.68673972e-14  2.60902411e-15 -3.30568906e-14 -2.37032616e-14 -1.12410081e-14 -3.44169138e-14 -4.19178581e-14 -1.08940634e-14 -5.62744296e-15 -1.55778168e-14 -7.04991621e-15 -2.67980083e-14 -3.00176550e-14 -1.90403249e-14 -6.49480469e-15 -1.35169653e-14]
    hessian_by_M_M: [[ 54.08561318  18.55463035   3.41560031  -6.60954348 -14.59163385 -11.05991912   6.04160323   1.20991322   0.         -27.25562615  -4.9964826   -1.80607774  -5.54226407   5.49763092 -13.95791958  -3.80344794]
     [ 18.55463035  29.93464834   1.25290565  -4.66682618  -1.90041269  -5.61455365  11.81693434   2.51827831  27.25562615   0.          -1.98052591  -5.38277111  -4.61702033  -1.61840215  -8.02326641  -6.56227615]
     [  3.41560031   1.25290565  45.52626149  10.56167116  -0.97252771   4.33414615  -4.06222922   4.92001462   4.9964826    1.98052591   0.         -25.28522146   8.15114674   5.36829385   8.06465813  13.33799966]
     [ -6.60954348  -4.66682618  10.56167116  28.27724789  -3.43360046  -3.68609953  -8.53890858  -3.66432838   1.80607774   5.38277111  25.28522146   0.          -0.58809306   3.89471789   6.19687861   6.70646112]
     [-14.59163385  -1.90041269  -0.97252771  -3.43360046  38.43406414  12.34818977 -16.44259044  -2.17197518   5.54226407   4.61702033  -8.15114674   0.58809306   0.         -18.20900078   1.21930288   7.24599939]
     [-11.05991912  -5.61455365   4.33414615  -3.68609953  12.34818977  22.6023993    1.96956201  -0.3647976   -5.49763092   1.61840215  -5.36829385  -3.89471789  18.20900078   0.          -1.26890244  -0.58126672]
     [  6.04160323  11.81693434  -4.06222922  -8.53890858 -16.44259044   1.96956201  55.02171505  12.33744736  13.95791958   8.02326641  -8.06465813  -6.19687861  -1.21930288   1.26890244   0.         -26.99868938]
     [  1.20991322   2.51827831   4.92001462  -3.66432838  -2.17197518  -0.3647976   12.33744736  28.26439406   3.80344794   6.56227615 -13.33799966  -6.70646112  -7.24599939   0.58126672  26.99868938   0.        ]
     [  0.          27.25562615   4.9964826    1.80607774   5.54226407  -5.49763092  13.95791958   3.80344794  54.08561318  18.55463035   3.41560031  -6.60954348 -14.59163385 -11.05991912   6.04160323   1.20991322]
     [-27.25562615   0.           1.98052591   5.38277111   4.61702033   1.61840215   8.02326641   6.56227615  18.55463035  29.93464834   1.25290565  -4.66682618  -1.90041269  -5.61455365  11.81693434   2.51827831]
     [ -4.9964826   -1.98052591   0.          25.28522146  -8.15114674  -5.36829385  -8.06465813 -13.33799966   3.41560031   1.25290565  45.52626149  10.56167116  -0.97252771   4.33414615  -4.06222922   4.92001462]
     [ -1.80607774  -5.38277111 -25.28522146   0.           0.58809306  -3.89471789  -6.19687861  -6.70646112  -6.60954348  -4.66682618  10.56167116  28.27724789  -3.43360046  -3.68609953  -8.53890858  -3.66432838]
     [ -5.54226407  -4.61702033   8.15114674  -0.58809306   0.          18.20900078  -1.21930288  -7.24599939 -14.59163385  -1.90041269  -0.97252771  -3.43360046  38.43406414  12.34818977 -16.44259044  -2.17197518]
     [  5.49763092  -1.61840215   5.36829385   3.89471789 -18.20900078   0.           1.26890244   0.58126672 -11.05991912  -5.61455365   4.33414615  -3.68609953  12.34818977  22.6023993    1.96956201  -0.3647976 ]
     [-13.95791958  -8.02326641   8.06465813   6.19687861   1.21930288  -1.26890244   0.          26.99868938   6.04160323  11.81693434  -4.06222922  -8.53890858 -16.44259044   1.96956201  55.02171505  12.33744736]
     [ -3.80344794  -6.56227615  13.33799966   6.70646112   7.24599939  -0.58126672 -26.99868938   0.           1.20991322   2.51827831   4.92001462  -3.66432838  -2.17197518  -0.3647976   12.33744736  28.26439406]]
    hessian: [[ 54.08561318+0.00000000e+00j  18.55463035-1.77635684e-15j   3.41560031-4.44089210e-16j ...  -6.68148005+1.77635684e-15j  -3.56358071+0.00000000e+00j -19.79143977-8.88178420e-16j]
     [ 18.55463035-1.77635684e-15j  29.93464834+0.00000000e+00j   1.25290565-4.44089210e-16j ...  -9.1123399 +1.33226763e-15j  20.98949781-4.44089210e-16j   3.44536108+2.66453526e-15j]
     [  3.41560031-4.44089210e-16j   1.25290565-4.44089210e-16j  45.52626149+0.00000000e+00j ...   5.80856789-1.77635684e-15j  -2.98013549+0.00000000e+00j  50.29263139+8.88178420e-16j]
     ...
     [ -6.68148005+1.77635684e-15j  -9.1123399 +1.33226763e-15j   5.80856789-1.77635684e-15j ... 208.7788491 -8.88178420e-15j  -5.30203906+3.55271368e-15j  -6.19724445-1.06581410e-14j]
     [ -3.56358071+0.00000000e+00j  20.98949781-4.44089210e-16j  -2.98013549+0.00000000e+00j ...  -5.30203906+3.55271368e-15j 114.78408002+1.77635684e-15j  -0.56247865+0.00000000e+00j]
     [-19.79143977-8.88178420e-16j   3.44536108+2.66453526e-15j  50.29263139+8.88178420e-16j ...  -6.19724445-1.06581410e-14j  -0.56247865+0.00000000e+00j 176.83841305+3.55271368e-15j]]
    eigvals of hessian_by_M_M: [  2.61096007   2.61096007   4.07164962   4.07164962   6.96271639   6.96271639  11.52424617  11.52424617  24.33063753  24.33063753  66.36854827  66.36854827  78.25145445  78.25145445 108.02613095 108.02613095]
IWROR:
    iter_times, elapsed_time, sqdiff: 300, 0.5851128101348877, 1.7995856807016959
    MSN: Tensor(
        [[-0.30952976+0.1045814j   0.31942341+0.24021432j  0.33990768+0.02239566j  0.44925372-0.22262128j]
         [-0.3663323 +0.45483987j  0.69413941+0.57218835j  0.34528957-0.17699585j  0.28794951-0.49792189j]
         [-0.40348099+0.66466161j -0.67484352+0.39200991j  0.11115928-0.95520139j -0.52997157-1.37988156j]
         [-0.32287933+0.03576217j -1.09795435-0.5445833j   0.3068895 -0.59031228j  0.03360859-1.00708653j]]
        labels=['kl', 'kr'],
        shape=(4, 4),
    )
    grad_by_M: [-2.96845881e-14 -5.88418203e-15 -3.16795201e-14 -9.15933995e-15  1.84574578e-14 -1.29757316e-14  2.99066327e-15 -1.14352972e-14  1.94844141e-14  4.32709424e-14 -3.89584198e-14 -1.04916076e-14 -9.99200722e-15 -2.18020046e-14 -1.84297022e-14  2.13717932e-15]
    hessian_by_M_M: [[ 43.31881328  15.74600605   4.33891009  -5.48085167  -1.6848945   -5.27776113   3.08267644  -1.31849049   0.         -18.83959825  -5.12727772  -1.40794742  -4.56934139  -1.92005225  -5.48477739  -0.65123763]
     [ 15.74600605  24.32462411   1.51896162  -2.60936247  -0.07778034  -0.36896121  -2.48076543  -1.59422238  18.83959825   0.          -0.91904146  -4.36888278   1.85998813  -1.55691073  -5.9960656   -1.47444597]
     [  4.33891009   1.51896162  32.17697782  10.54736473  -4.63794237   0.69800211   1.7291721   -0.99112897   5.12727772   0.91904146   0.         -15.95883181   5.046847     2.43439269   8.48764487   2.74959605]
     [ -5.48085167  -2.60936247  10.54736473  24.62845593  -4.96278365  -4.82931765  -4.93244951  -0.32252912   1.40794742   4.36888278  15.95883181   0.          -0.5934681    1.00823063   4.71259366  -3.15721261]
     [ -1.6848945   -0.07778034  -4.63794237  -4.96278365  34.41250439  10.43436474 -13.39720794  -5.19044179   4.56934139  -1.85998813  -5.046847     0.5934681    0.         -12.5682284    2.98145649   1.72089965]
     [ -5.27776113  -0.36896121   0.69800211  -4.82931765  10.43436474  18.29632511  -0.48569199  -1.47766316   1.92005225   1.55691073  -2.43439269  -1.00823063  12.5682284    0.          -4.97980975  -0.88990869]
     [  3.08267644  -2.48076543   1.7291721   -4.93244951 -13.39720794  -0.48569199  42.19548889   9.05942282   5.48477739   5.9960656   -8.48764487  -4.71259366  -2.98145649   4.97980975   0.          -8.61011416]
     [ -1.31849049  -1.59422238  -0.99112897  -0.32252912  -5.19044179  -1.47766316   9.05942282  11.23208628   0.65123763   1.47444597  -2.74959605   3.15721261  -1.72089965   0.88990869   8.61011416   0.        ]
     [  0.          18.83959825   5.12727772   1.40794742   4.56934139   1.92005225   5.48477739   0.65123763  43.31881328  15.74600605   4.33891009  -5.48085167  -1.6848945   -5.27776113   3.08267644  -1.31849049]
     [-18.83959825   0.           0.91904146   4.36888278  -1.85998813   1.55691073   5.9960656    1.47444597  15.74600605  24.32462411   1.51896162  -2.60936247  -0.07778034  -0.36896121  -2.48076543  -1.59422238]
     [ -5.12727772  -0.91904146   0.          15.95883181  -5.046847    -2.43439269  -8.48764487  -2.74959605   4.33891009   1.51896162  32.17697782  10.54736473  -4.63794237   0.69800211   1.7291721   -0.99112897]
     [ -1.40794742  -4.36888278 -15.95883181   0.           0.5934681   -1.00823063  -4.71259366   3.15721261  -5.48085167  -2.60936247  10.54736473  24.62845593  -4.96278365  -4.82931765  -4.93244951  -0.32252912]
     [ -4.56934139   1.85998813   5.046847    -0.5934681    0.          12.5682284   -2.98145649  -1.72089965  -1.6848945   -0.07778034  -4.63794237  -4.96278365  34.41250439  10.43436474 -13.39720794  -5.19044179]
     [ -1.92005225  -1.55691073   2.43439269   1.00823063 -12.5682284    0.           4.97980975   0.88990869  -5.27776113  -0.36896121   0.69800211  -4.82931765  10.43436474  18.29632511  -0.48569199  -1.47766316]
     [ -5.48477739  -5.9960656    8.48764487   4.71259366   2.98145649  -4.97980975   0.           8.61011416   3.08267644  -2.48076543   1.7291721   -4.93244951 -13.39720794  -0.48569199  42.19548889   9.05942282]
     [ -0.65123763  -1.47444597   2.74959605  -3.15721261   1.72089965  -0.88990869  -8.61011416   0.          -1.31849049  -1.59422238  -0.99112897  -0.32252912  -5.19044179  -1.47766316   9.05942282  11.23208628]]
