b=4, chi=2, seed=465, 
NOR:
    iter_times, elapsed_time, sqdiff: 300, 0.4066658020019531, 1.81480281743116
    MSN: Tensor(
        [[-0.11252181-0.21022235j  0.20628523+0.38566037j -0.51006824-1.43164791j -0.72316905+0.77497685j]
         [ 0.26828645-0.58523213j  0.41141958-0.54381026j  0.65422741+0.76189587j -0.32848213-1.04173975j]
         [ 0.60470815-0.11698149j  0.69045783+0.09431396j -0.34783033+0.76255333j  0.59075898-0.71931712j]
         [-0.29820127+1.02016735j -0.85629984+0.04990874j -0.16468508+1.0453311j   1.39216573+0.35872453j]]
        labels=['kl', 'kr'],
        shape=(4, 4),
    )
    grad_by_M: [-4.35762537e-15  8.32667268e-16  7.66053887e-15 -6.43929354e-15 -4.86416463e-15 -2.35922393e-15  1.17406085e-14  2.42861287e-15 -2.41473508e-15  2.83106871e-15  6.16520723e-15 -1.31838984e-15 -1.22124533e-15  1.33226763e-14  1.38500322e-14 -7.16093851e-15]
    hessian_by_M_M: [[ 49.8326111  -16.43219271  14.06810277 -18.09795189   3.77988564   0.94528127  -4.50654018  16.86988514   0.           6.13883432  -9.66384573 -14.01816174  -5.91364024  -4.71807803   4.43180989  -7.26489631]
     [-16.43219271  37.26504145 -14.29325904  13.50521141  -0.15047165   4.09277436   3.91301557  -9.50149213  -6.13883432   0.         -10.45798926  11.36325592   0.66213358  -6.22907809  -7.39173024   2.25435507]
     [ 14.06810277 -14.29325904  29.51439875  -4.95169158  -0.19164956   4.6718801    4.42537162   6.83446589   9.66384573  10.45798926   0.          -3.03831346  -3.23453129   5.45828675  -1.1604651   -2.97964582]
     [-18.09795189  13.50521141  -4.95169158  45.31510933   2.93557914 -10.23271639   2.56245825  -6.79241644  14.01816174 -11.36325592   3.03831346   0.          -3.42511612  -6.90919979 -23.40230844   8.84026443]
     [  3.77988564  -0.15047165  -0.19164956   2.93557914  38.92261216  11.34817989  16.63373362  -1.32545061   5.91364024  -0.66213358   3.23453129   3.42511612   0.           4.62412411   7.46470293   7.65256845]
     [  0.94528127   4.09277436   4.6718801  -10.23271639  11.34817989  58.13695862  22.3977132    5.87636266   4.71807803   6.22907809  -5.45828675   6.90919979  -4.62412411   0.          -7.63382124   7.8657419 ]
     [ -4.50654018   3.91301557   4.42537162   2.56245825  16.63373362  22.3977132   50.57130424  -4.50198351  -4.43180989   7.39173024   1.1604651   23.40230844  -7.46470293   7.63382124   0.           5.22326363]
     [ 16.86988514  -9.50149213   6.83446589  -6.79241644  -1.32545061   5.87636266  -4.50198351  25.18861552   7.26489631  -2.25435507   2.97964582  -8.84026443  -7.65256845  -7.8657419   -5.22326363   0.        ]
     [  0.          -6.13883432   9.66384573  14.01816174   5.91364024   4.71807803  -4.43180989   7.26489631  49.8326111  -16.43219271  14.06810277 -18.09795189   3.77988564   0.94528127  -4.50654018  16.86988514]
     [  6.13883432   0.          10.45798926 -11.36325592  -0.66213358   6.22907809   7.39173024  -2.25435507 -16.43219271  37.26504145 -14.29325904  13.50521141  -0.15047165   4.09277436   3.91301557  -9.50149213]
     [ -9.66384573 -10.45798926   0.           3.03831346   3.23453129  -5.45828675   1.1604651    2.97964582  14.06810277 -14.29325904  29.51439875  -4.95169158  -0.19164956   4.6718801    4.42537162   6.83446589]
     [-14.01816174  11.36325592  -3.03831346   0.           3.42511612   6.90919979  23.40230844  -8.84026443 -18.09795189  13.50521141  -4.95169158  45.31510933   2.93557914 -10.23271639   2.56245825  -6.79241644]
     [ -5.91364024   0.66213358  -3.23453129  -3.42511612   0.          -4.62412411  -7.46470293  -7.65256845   3.77988564  -0.15047165  -0.19164956   2.93557914  38.92261216  11.34817989  16.63373362  -1.32545061]
     [ -4.71807803  -6.22907809   5.45828675  -6.90919979   4.62412411   0.           7.63382124  -7.8657419    0.94528127   4.09277436   4.6718801  -10.23271639  11.34817989  58.13695862  22.3977132    5.87636266]
     [  4.43180989  -7.39173024  -1.1604651  -23.40230844   7.46470293  -7.63382124   0.          -5.22326363  -4.50654018   3.91301557   4.42537162   2.56245825  16.63373362  22.3977132   50.57130424  -4.50198351]
     [ -7.26489631   2.25435507  -2.97964582   8.84026443   7.65256845   7.8657419    5.22326363   0.          16.86988514  -9.50149213   6.83446589  -6.79241644  -1.32545061   5.87636266  -4.50198351  25.18861552]]
    hessian: [[ 49.8326111  -16.43219271  14.06810277 ...  22.66739124  -6.228391    19.41196229]
     [-16.43219271  37.26504145 -14.29325904 ... -25.0334131    4.39392086  -4.64948361]
     [ 14.06810277 -14.29325904  29.51439875 ...  20.28980675  -0.92124075  -6.37951668]
     ...
     [ 22.66739124 -25.0334131   20.28980675 ...  82.85619262   2.04296246  -0.55589871]
     [ -6.228391     4.39392086  -0.92124075 ...   2.04296246  52.63314817  17.6419635 ]
     [ 19.41196229  -4.64948361  -6.37951668 ...  -0.55589871  17.6419635   76.1971508 ]]
    eigvals of hessian_by_M_M: [  7.92130834   7.92130834  10.19601062  10.19601062  14.4526035   14.4526035   20.6850342   20.6850342   37.21954941  37.21954941  44.72789378  44.72789378  90.70120808  90.70120808 108.84304324 108.84304324]
WCOR:
    iter_times, elapsed_time, sqdiff: 300, 0.6940832138061523, 1.8148028174311583
    MSN: Tensor(
        [[-0.11252181-0.21022235j  0.20628523+0.38566037j -0.51006824-1.43164791j -0.72316905+0.77497685j]
         [ 0.26828645-0.58523213j  0.41141958-0.54381026j  0.65422741+0.76189587j -0.32848213-1.04173975j]
         [ 0.60470815-0.11698149j  0.69045783+0.09431396j -0.34783033+0.76255333j  0.59075898-0.71931712j]
         [-0.29820127+1.02016735j -0.85629984+0.04990874j -0.16468508+1.0453311j   1.39216573+0.35872453j]]
        labels=['kl', 'kr'],
        shape=(4, 4),
    )
    grad_by_M: [-2.71588307e-14  2.35644837e-14  9.93649607e-15 -2.22044605e-14 -1.76525461e-14  2.22044605e-16  2.54796184e-14  3.08086889e-15 -1.91791028e-14  2.16493490e-15  2.20934382e-14 -1.80411242e-15 -2.06501483e-14  1.84297022e-14  8.54871729e-15  4.19109192e-15]
    hessian_by_M_M: [[ 50.14339843 -28.72735143  14.71829277 -23.98689266   2.75054156  -0.27637142  -5.64676706  14.47319529   0.          11.67095616  -6.43618736  -5.44209872  -5.44309424  -1.75450798   3.22211662 -11.12204654]
     [-28.72735143  41.26552088 -13.10161235  20.22451954  -1.89962304   3.71588938   6.72653307 -13.13591537 -11.67095616   0.         -11.00733678  14.12560095   1.85829887  -4.38052299  -5.32153317   6.62263497]
     [ 14.71829277 -13.10161235  27.83308749 -14.37563138   0.31677768   5.89167666   6.10216487   2.30824505   6.43618736  11.00733678   0.           3.82800476  -3.49390568   3.54805423   0.24471408  -5.10672104]
     [-23.98689266  20.22451954 -14.37563138  41.44079873   2.38789217 -10.62955273   5.76596831  -8.66906672   5.44209872 -14.12560095  -3.82800476   0.           0.35873438  -6.17802241 -18.16476772  13.79315149]
     [  2.75054156  -1.89962304   0.31677768   2.38789217  36.80040732  -2.64581865  16.09690489  -5.58017633   5.44309424  -1.85829887   3.49390568  -0.35873438   0.           8.87305369  10.29882909   3.59330162]
     [ -0.27637142   3.71588938   5.89167666 -10.62955273  -2.64581865  43.37578877  15.65026161  -0.13821301   1.75450798   4.38052299  -3.54805423   6.17802241  -8.87305369   0.          -6.13807785   5.40710065]
     [ -5.64676706   6.72653307   6.10216487   5.76596831  16.09690489  15.65026161  48.74279944 -18.21575593  -3.22211662   5.32153317  -0.24471408  18.16476772 -10.29882909   6.13807785   0.           7.21925505]
     [ 14.47319529 -13.13591537   2.30824505  -8.66906672  -5.58017633  -0.13821301 -18.21575593  25.86404686  11.12204654  -6.62263497   5.10672104 -13.79315149  -3.59330162  -5.40710065  -7.21925505   0.        ]
     [  0.         -11.67095616   6.43618736   5.44209872   5.44309424   1.75450798  -3.22211662  11.12204654  50.14339843 -28.72735143  14.71829277 -23.98689266   2.75054156  -0.27637142  -5.64676706  14.47319529]
     [ 11.67095616   0.          11.00733678 -14.12560095  -1.85829887   4.38052299   5.32153317  -6.62263497 -28.72735143  41.26552088 -13.10161235  20.22451954  -1.89962304   3.71588938   6.72653307 -13.13591537]
     [ -6.43618736 -11.00733678   0.          -3.82800476   3.49390568  -3.54805423  -0.24471408   5.10672104  14.71829277 -13.10161235  27.83308749 -14.37563138   0.31677768   5.89167666   6.10216487   2.30824505]
     [ -5.44209872  14.12560095   3.82800476   0.          -0.35873438   6.17802241  18.16476772 -13.79315149 -23.98689266  20.22451954 -14.37563138  41.44079873   2.38789217 -10.62955273   5.76596831  -8.66906672]
     [ -5.44309424   1.85829887  -3.49390568   0.35873438   0.          -8.87305369 -10.29882909  -3.59330162   2.75054156  -1.89962304   0.31677768   2.38789217  36.80040732  -2.64581865  16.09690489  -5.58017633]
     [ -1.75450798  -4.38052299   3.54805423  -6.17802241   8.87305369   0.           6.13807785  -5.40710065  -0.27637142   3.71588938   5.89167666 -10.62955273  -2.64581865  43.37578877  15.65026161  -0.13821301]
     [  3.22211662  -5.32153317   0.24471408 -18.16476772  10.29882909  -6.13807785   0.          -7.21925505  -5.64676706   6.72653307   6.10216487   5.76596831  16.09690489  15.65026161  48.74279944 -18.21575593]
     [-11.12204654   6.62263497  -5.10672104  13.79315149   3.59330162   5.40710065   7.21925505   0.          14.47319529 -13.13591537   2.30824505  -8.66906672  -5.58017633  -0.13821301 -18.21575593  25.86404686]]
    hessian: [[ 50.14339843 -28.72735143  14.71829277 ...  27.13825073  -3.4073244   23.36784652]
     [-28.72735143  41.26552088 -13.10161235 ... -32.90050909   5.41778649 -14.60519917]
     [ 14.71829277 -13.10161235  27.83308749 ...  19.19932074  -3.9224364   -6.16750235]
     ...
     [ 27.13825073 -32.90050909  19.19932074 ... 133.01269212   3.44036535   2.84937228]
     [ -3.4073244    5.41778649  -3.9224364  ...   3.44036535  75.50169654  50.21271499]
     [ 23.36784652 -14.60519917  -6.16750235 ...   2.84937228  50.21271499 111.73676708]]
    eigvals of hessian_by_M_M: [  5.14508513   5.14508513   9.32316871   9.32316871  10.81102626  10.81102626  17.56650002  17.56650002  26.88627894  26.88627894  43.48432824  43.48432824  78.98770555  78.98770555 123.26175506 123.26175506]
WROR:
    iter_times, elapsed_time, sqdiff: 300, 0.6271748542785645, 1.8148028174311617
    MSN: Tensor(
        [[-0.11252181-0.21022235j  0.20628523+0.38566037j -0.51006824-1.43164791j -0.72316905+0.77497685j]
         [ 0.26828645-0.58523213j  0.41141958-0.54381026j  0.65422741+0.76189587j -0.32848213-1.04173975j]
         [ 0.60470815-0.11698149j  0.69045783+0.09431396j -0.34783033+0.76255333j  0.59075898-0.71931712j]
         [-0.29820127+1.02016735j -0.85629984+0.04990874j -0.16468508+1.0453311j   1.39216573+0.35872453j]]
        labels=['kl', 'kr'],
        shape=(4, 4),
    )
    grad_by_M: [-3.01564329e-14 -1.65457925e-14  2.90045765e-14 -7.12763182e-14  3.70259379e-14 -7.74935671e-14 -3.89618893e-14  1.41552568e-13  7.91033905e-14 -9.53681578e-14  8.53761506e-14 -8.54871729e-14  7.32747196e-15 -7.18869408e-14 -1.00613962e-14 -6.71684930e-14]
    hessian_by_M_M: [[ 16.14873563 -19.40904778   5.3548657  -11.98213839   0.98588165  -2.37820267  -2.17710456   0.94450807   0.           6.30104053  -1.68201859   7.87971448  -1.60893258   1.79094359   1.62707712  -7.64883063]
     [-19.40904778  34.22258838  -3.64796473  15.24892074  -1.6752445    4.88763725   5.0846795   -6.94694323  -6.30104053   0.          -2.55438245  -0.77880865   1.85099383  -3.90980377  -0.78825339   8.94048676]
     [  5.3548657   -3.64796473   9.09138522 -12.35448694  -0.25494528   2.17765322   1.24603903  -2.82554578   1.68201859   2.55438245   0.           3.13227651  -1.0913061   -0.33018007   0.67940463  -3.15999641]
     [-11.98213839  15.24892074 -12.35448694  30.47763426   0.99130161  -6.82115646   5.57965015  -7.85903192  -7.87971448   0.77880865  -3.13227651   0.           2.54251398  -3.1003816   -0.28634915   5.92749078]
     [  0.98588165  -1.6752445   -0.25494528   0.99130161  10.89740498 -11.87237508   4.29807899  -3.6598655    1.60893258  -1.85099383   1.0913061   -2.54251398   0.          -0.98500409   2.6496669   -2.62859389]
     [ -2.37820267   4.88763725   2.17765322  -6.82115646 -11.87237508  30.07137085  -2.49954244   2.49535193  -1.79094359   3.90980377   0.33018007   3.1003816    0.98500409   0.           2.86467031  -2.58842727]
     [ -2.17710456   5.0846795    1.24603903   5.57965015   4.29807899  -2.49954244  15.31112626 -18.46053129  -1.62707712   0.78825339  -0.67940463   0.28634915  -2.6496669   -2.86467031   0.           2.2615886 ]
     [  0.94450807  -6.94694323  -2.82554578  -7.85903192  -3.6598655    2.49535193 -18.46053129  29.63445983   7.64883063  -8.94048676   3.15999641  -5.92749078   2.62859389   2.58842727  -2.2615886    0.        ]
     [  0.          -6.30104053   1.68201859  -7.87971448   1.60893258  -1.79094359  -1.62707712   7.64883063  16.14873563 -19.40904778   5.3548657  -11.98213839   0.98588165  -2.37820267  -2.17710456   0.94450807]
     [  6.30104053   0.           2.55438245   0.77880865  -1.85099383   3.90980377   0.78825339  -8.94048676 -19.40904778  34.22258838  -3.64796473  15.24892074  -1.6752445    4.88763725   5.0846795   -6.94694323]
     [ -1.68201859  -2.55438245   0.          -3.13227651   1.0913061    0.33018007  -0.67940463   3.15999641   5.3548657   -3.64796473   9.09138522 -12.35448694  -0.25494528   2.17765322   1.24603903  -2.82554578]
     [  7.87971448  -0.77880865   3.13227651   0.          -2.54251398   3.1003816    0.28634915  -5.92749078 -11.98213839  15.24892074 -12.35448694  30.47763426   0.99130161  -6.82115646   5.57965015  -7.85903192]
     [ -1.60893258   1.85099383  -1.0913061    2.54251398   0.           0.98500409  -2.6496669    2.62859389   0.98588165  -1.6752445   -0.25494528   0.99130161  10.89740498 -11.87237508   4.29807899  -3.6598655 ]
     [  1.79094359  -3.90980377  -0.33018007  -3.1003816   -0.98500409   0.          -2.86467031   2.58842727  -2.37820267   4.88763725   2.17765322  -6.82115646 -11.87237508  30.07137085  -2.49954244   2.49535193]
     [  1.62707712  -0.78825339   0.67940463  -0.28634915   2.6496669    2.86467031   0.          -2.2615886   -2.17710456   5.0846795    1.24603903   5.57965015   4.29807899  -2.49954244  15.31112626 -18.46053129]
     [ -7.64883063   8.94048676  -3.15999641   5.92749078  -2.62859389  -2.58842727   2.2615886    0.           0.94450807  -6.94694323  -2.82554578  -7.85903192  -3.6598655    2.49535193 -18.46053129  29.63445983]]
    hessian: [[ 16.14873563 -19.40904778   5.3548657  ...   6.6902077   32.7181098   25.33824719]
     [-19.40904778  34.22258838  -3.64796473 ... -19.74120562 -42.93282084 -43.68892196]
     [  5.3548657   -3.64796473   9.09138522 ...  12.03506215  -5.80465909  -4.06068127]
     ...
     [  6.6902077  -19.74120562  12.03506215 ... 341.77015515  -5.61935352  -8.77497746]
     [ 32.7181098  -42.93282084  -5.80465909 ...  -5.61935352 439.43213567 283.85517631]
     [ 25.33824719 -43.68892196  -4.06068127 ...  -8.77497746 283.85517631 280.34521707]]
    eigvals of hessian_by_M_M: [ 1.13482734  1.13482734  1.2609202   1.2609202   2.08538378  2.08538378  4.75612799  4.75612799 15.93337117 15.93337117 31.91166424 31.91166424 43.92953978 43.92953978 74.84287093 74.84287093]
IWROR:
    iter_times, elapsed_time, sqdiff: 300, 0.6128242015838623, 1.8148028174311597
    MSN: Tensor(
        [[-0.11252181-0.21022235j  0.20628523+0.38566037j -0.51006824-1.43164791j -0.72316905+0.77497685j]
         [ 0.26828645-0.58523213j  0.41141958-0.54381026j  0.65422741+0.76189587j -0.32848213-1.04173975j]
         [ 0.60470815-0.11698149j  0.69045783+0.09431396j -0.34783033+0.76255333j  0.59075898-0.71931712j]
         [-0.29820127+1.02016735j -0.85629984+0.04990874j -0.16468508+1.0453311j   1.39216573+0.35872453j]]
        labels=['kl', 'kr'],
        shape=(4, 4),
    )
    grad_by_M: [-4.44852488e-14  3.86322918e-14 -1.90958360e-14  1.62647673e-14  2.04281037e-14 -2.88657986e-14  2.17603713e-14 -3.49026363e-15  1.32394096e-14 -1.87350135e-14  2.98094882e-14 -5.63438185e-14 -1.06442632e-14  2.64788191e-14 -9.68669589e-15  1.80688797e-14]
    hessian_by_M_M: [[ 20.65557079 -19.72379706   7.498599   -16.09628996   0.70086261  -1.12889894  -3.84962047   2.63201033   0.          10.64702967   0.83927289   6.38094578  -1.7924065    1.18562368   1.43025851  -9.41189862]
     [-19.72379706  34.71533611  -3.42357265  17.88191304  -1.51911554   4.1315807    6.79126378  -9.55484512 -10.64702967   0.          -7.66055087   4.87165552   0.87778325  -3.12161877   0.30670401   9.2140119 ]
     [  7.498599    -3.42357265  11.60401616 -10.63250744  -0.58031605   3.15034523   1.94125719  -4.32274597  -0.83927289   7.66055087   0.           7.72382697  -1.74334119  -1.3088132    2.35012643  -5.91706274]
     [-16.09628996  17.88191304 -10.63250744  30.45085876   0.29807366  -7.84880903   6.97303076  -8.60846053  -6.38094578  -4.87165552  -7.72382697   0.           3.60997208  -3.56022091  -2.336642     9.68696888]
     [  0.70086261  -1.51911554  -0.58031605   0.29807366  13.58800646  -7.11045735   4.56063933  -2.88355895   1.7924065   -0.87778325   1.74334119  -3.60997208   0.           4.75115511   5.02770423  -3.10539326]
     [ -1.12889894   4.1315807    3.15034523  -7.84880903  -7.11045735  26.92607108   1.45424095  -0.88085287  -1.18562368   3.12161877   1.3088132    3.56022091  -4.75115511   0.           1.54416052  -1.20257103]
     [ -3.84962047   6.79126378   1.94125719   6.97303076   4.56063933   1.45424095  17.5751124  -16.29221138  -1.43025851  -0.30670401  -2.35012643   2.336642    -5.02770423  -1.54416052   0.           4.63293505]
     [  2.63201033  -9.55484512  -4.32274597  -8.60846053  -2.88355895  -0.88085287 -16.29221138  25.9922247    9.41189862  -9.2140119    5.91706274  -9.68696888   3.10539326   1.20257103  -4.63293505   0.        ]
     [  0.         -10.64702967  -0.83927289  -6.38094578   1.7924065   -1.18562368  -1.43025851   9.41189862  20.65557079 -19.72379706   7.498599   -16.09628996   0.70086261  -1.12889894  -3.84962047   2.63201033]
     [ 10.64702967   0.           7.66055087  -4.87165552  -0.87778325   3.12161877  -0.30670401  -9.2140119  -19.72379706  34.71533611  -3.42357265  17.88191304  -1.51911554   4.1315807    6.79126378  -9.55484512]
     [  0.83927289  -7.66055087   0.          -7.72382697   1.74334119   1.3088132   -2.35012643   5.91706274   7.498599    -3.42357265  11.60401616 -10.63250744  -0.58031605   3.15034523   1.94125719  -4.32274597]
     [  6.38094578   4.87165552   7.72382697   0.          -3.60997208   3.56022091   2.336642    -9.68696888 -16.09628996  17.88191304 -10.63250744  30.45085876   0.29807366  -7.84880903   6.97303076  -8.60846053]
     [ -1.7924065    0.87778325  -1.74334119   3.60997208   0.          -4.75115511  -5.02770423   3.10539326   0.70086261  -1.51911554  -0.58031605   0.29807366  13.58800646  -7.11045735   4.56063933  -2.88355895]
     [  1.18562368  -3.12161877  -1.3088132   -3.56022091   4.75115511   0.          -1.54416052   1.20257103  -1.12889894   4.1315807    3.15034523  -7.84880903  -7.11045735  26.92607108   1.45424095  -0.88085287]
     [  1.43025851   0.30670401   2.35012643  -2.336642     5.02770423   1.54416052   0.          -4.63293505  -3.84962047   6.79126378   1.94125719   6.97303076   4.56063933   1.45424095  17.5751124  -16.29221138]
     [ -9.41189862   9.2140119   -5.91706274   9.68696888  -3.10539326  -1.20257103   4.63293505   0.           2.63201033  -9.55484512  -4.32274597  -8.60846053  -2.88355895  -0.88085287 -16.29221138  25.9922247 ]]
    hessian: [[ 20.65557079 -19.72379706   7.498599   ...   8.4073439   14.04219457  13.68986766]
     [-19.72379706  34.71533611  -3.42357265 ... -25.35713025 -15.51214102 -30.54805153]
     [  7.498599    -3.42357265  11.60401616 ...   4.90410688  -1.40745594  -4.7575578 ]
     ...
     [  8.4073439  -25.35713025   4.90410688 ... 342.01792573   4.92869415   0.95102805]
     [ 14.04219457 -15.51214102  -1.40745594 ...   4.92869415 286.14588765 186.76260478]
     [ 13.68986766 -30.54805153  -4.7575578  ...   0.95102805 186.76260478 238.26175733]]
    eigvals of hessian_by_M_M: [ 1.53998731  1.53998731  2.37023968  2.37023968  4.23841489  4.23841489  7.72470047  7.72470047 12.72267719 12.72267719 30.69767784 30.69767784 36.61219738 36.61219738 85.6013017  85.6013017 ]
WLBOR:
    iter_times, elapsed_time, sqdiff: 300, 1.7323009967803955, 1.8148028174311601
    MSN: Tensor(
        [[-0.11252181-0.21022235j  0.20628522+0.38566037j -0.51006823-1.43164791j -0.72316905+0.77497685j]
         [ 0.26828646-0.58523213j  0.41141959-0.54381025j  0.6542274 +0.76189587j -0.32848213-1.04173976j]
         [ 0.60470815-0.11698149j  0.69045783+0.09431396j -0.34783034+0.76255333j  0.59075899-0.71931712j]
         [-0.29820126+1.02016734j -0.85629984+0.04990874j -0.16468507+1.0453311j   1.39216572+0.35872452j]]
        labels=['kl', 'kr'],
        shape=(4, 4),
    )
    grad_by_M: [-1.74864082e-08  5.83214882e-09 -2.45204753e-08  1.01979754e-08 -3.04968359e-08 -7.82823653e-09 -1.80367041e-08 -4.58215400e-09  5.67750041e-09  1.30585743e-08 -2.79270276e-08  9.59774590e-09  2.47779050e-08 -8.43749831e-09  1.20435273e-08  7.57074818e-09]
    hessian_by_M_M: [[ 49.81787299 -16.41229037  14.06577483 -18.09087524   3.78210244   0.94209236  -4.50456662  16.87048034   0.           6.10888647  -9.66619091 -14.03093487  -5.91262796  -4.72400154   4.43658321  -7.25878378]
     [-16.41229037  37.25950133 -14.29056607  13.49791736  -0.14426372   4.09551011   3.90915863  -9.4964607   -6.10888647   0.         -10.45189292  11.35633845   0.66260014  -6.23184162  -7.39604939   2.25303567]
     [ 14.06577483 -14.29056607  29.51291064  -4.93837824  -0.1954616    4.66747816   4.41541872   6.83987203   9.66619091  10.45189292   0.          -3.06819888  -3.23312095   5.46177791  -1.16006573  -2.97786347]
     [-18.09087524  13.49791736  -4.93837824  45.32468359   2.93942858 -10.23490461   2.56112576  -6.79609714  14.03093487 -11.35633845   3.06819888   0.          -3.43188507  -6.90977507 -23.40560998   8.83412929]
     [  3.78210244  -0.14426372  -0.1954616    2.93942858  38.91467184  11.36727749  16.62556087  -1.31284744   5.91262796  -0.66260014   3.23312095   3.43188507   0.           4.58495802   7.45208177   7.64913465]
     [  0.94209236   4.09551011   4.66747816 -10.23490461  11.36727749  58.15754254  22.40017886   5.88146102   4.72400154   6.23184162  -5.46177791   6.90977507  -4.58495802   0.          -7.62245649   7.86155674]
     [ -4.50456662   3.90915863   4.41541872   2.56112576  16.62556087  22.40017886  50.55904412  -4.48196654  -4.43658321   7.39604939   1.16006573  23.40560998  -7.45208177   7.62245649   0.           5.19827124]
     [ 16.87048034  -9.4964607    6.83987203  -6.79609714  -1.31284744   5.88146102  -4.48196654  25.18907194   7.25878378  -2.25303567   2.97786347  -8.83412929  -7.64913465  -7.86155674  -5.19827124   0.        ]
     [  0.          -6.10888647   9.66619091  14.03093487   5.91262796   4.72400154  -4.43658321   7.25878378  49.81787299 -16.41229037  14.06577483 -18.09087524   3.78210244   0.94209236  -4.50456662  16.87048034]
     [  6.10888647   0.          10.45189292 -11.35633845  -0.66260014   6.23184162   7.39604939  -2.25303567 -16.41229037  37.25950133 -14.29056607  13.49791736  -0.14426372   4.09551011   3.90915863  -9.4964607 ]
     [ -9.66619091 -10.45189292   0.           3.06819888   3.23312095  -5.46177791   1.16006573   2.97786347  14.06577483 -14.29056607  29.51291064  -4.93837824  -0.1954616    4.66747816   4.41541872   6.83987203]
     [-14.03093487  11.35633845  -3.06819888   0.           3.43188507   6.90977507  23.40560998  -8.83412929 -18.09087524  13.49791736  -4.93837824  45.32468359   2.93942858 -10.23490461   2.56112576  -6.79609714]
     [ -5.91262796   0.66260014  -3.23312095  -3.43188507   0.          -4.58495802  -7.45208177  -7.64913465   3.78210244  -0.14426372  -0.1954616    2.93942858  38.91467184  11.36727749  16.62556087  -1.31284744]
     [ -4.72400154  -6.23184162   5.46177791  -6.90977507   4.58495802   0.           7.62245649  -7.86155674   0.94209236   4.09551011   4.66747816 -10.23490461  11.36727749  58.15754254  22.40017886   5.88146102]
     [  4.43658321  -7.39604939  -1.16006573 -23.40560998   7.45208177  -7.62245649   0.          -5.19827124  -4.50456662   3.90915863   4.41541872   2.56112576  16.62556087  22.40017886  50.55904412  -4.48196654]
     [ -7.25878378   2.25303567  -2.97786347   8.83412929   7.64913465   7.86155674   5.19827124   0.          16.87048034  -9.4964607    6.83987203  -6.79609714  -1.31284744   5.88146102  -4.48196654  25.18907194]]
    hessian: [[ 49.81787299 -16.41229037  14.06577483 ...  22.65942477  -6.2298337   19.39541161]
     [-16.41229037  37.25950133 -14.29056607 ... -25.01031027   4.38154804  -4.64430929]
     [ 14.06577483 -14.29056607  29.51291064 ...  20.29545336  -0.91689102  -6.3815424 ]
     ...
     [ 22.65942477 -25.01031027  20.29545336 ...  82.7909439    2.03006285  -0.56969918]
     [ -6.2298337    4.38154804  -0.91689102 ...   2.03006285  52.6142939   17.60820678]
     [ 19.39541161  -4.64430929  -6.3815424  ...  -0.56969918  17.60820678  76.15094277]]
    eigvals of hessian_by_M_M: [  7.92389582   7.92389582  10.19378403  10.19378403  14.45247117  14.45247117  20.6964744   20.6964744   37.20968877  37.20968877  44.74900474  44.74900474  90.67951623  90.67951623 108.83046384 108.83046384]
WNAG:
    iter_times, elapsed_time, sqdiff: 300, 0.6138849258422852, 1.49233410391015
    MSN: Tensor(
        [[-0.38609464+0.262777j   -0.00165041+0.11524013j -0.38951844-0.64763439j -0.06758334+0.42216453j]
         [ 0.29523017-0.75968982j  0.80540127+0.5420857j   0.47868444-0.37134365j  0.10506438-1.3918222j ]
         [ 0.73307914+0.02231418j  1.20288907+0.38660475j -1.0413296 +0.39539446j  0.75801486-1.30308026j]
         [ 0.45829117+0.41927384j -0.57064219+0.1882987j   0.03866537+0.66243547j  0.78915627+0.45315058j]]
        labels=['kl', 'kr'],
        shape=(4, 4),
    )
    grad_by_M: [ 0.31516953  0.00639346 -0.29899295 -0.3056626   1.33034511  0.1589521   0.17711457 -0.38939447  0.31213889  0.07481226 -0.23191931  0.00828558 -0.67081765  0.12323582 -0.09183022 -0.23417072]
    hessian_by_M_M: [[ 56.76077719  12.84494883  13.65461999  -9.7945175    9.45318304   7.87755244  -8.18413004 -12.51840885   0.           0.91745286 -17.13283465   4.03512159 -27.15976811  -4.54639621  13.04657859   9.53838757]
     [ 12.84494883  52.81808409  10.31052399  16.50755639  15.97294793   1.83904133   0.7142925  -11.01398882  -0.91745286   0.         -19.39220891  -8.92087677   3.30636944  -3.43576098  37.76495013   8.71444952]
     [ 13.65461999  10.31052399  94.27031509  21.96261434 -14.05518207  -9.31776448  -8.36687407 -18.47969526  17.13283465  19.39220891   0.           7.88173425  20.33222753 -19.50232258   5.01939311 -20.38308528]
     [ -9.7945175   16.50755639  21.96261434  32.28119705  -8.92427758 -10.4386297   -3.97996757  -7.92582087  -4.03512159   8.92087677  -7.88173425   0.          11.01437851  -6.29274627  14.56145001  -2.94152065]
     [  9.45318304  15.97294793 -14.05518207  -8.92427758 151.70377905  13.89670072  14.54950342 -18.47765318  27.15976811  -3.30636944 -20.33222753 -11.01437851   0.          -7.28841089  21.66807391 -33.00942129]
     [  7.87755244   1.83904133  -9.31776448 -10.4386297   13.89670072  33.96591077 -15.51113383   8.14527054   4.54639621   3.43576098  19.50232258   6.29274627   7.28841089   0.           6.94610428   4.16886524]
     [ -8.18413004   0.7142925   -8.36687407  -3.97996757  14.54950342 -15.51113383 101.82640063  11.20982719 -13.04657859 -37.76495013  -5.01939311 -14.56145001 -21.66807391  -6.94610428   0.          11.85502988]
     [-12.51840885 -11.01398882 -18.47969526  -7.92582087 -18.47765318   8.14527054  11.20982719  55.31922925  -9.53838757  -8.71444952  20.38308528   2.94152065  33.00942129  -4.16886524 -11.85502988   0.        ]
     [  0.          -0.91745286  17.13283465  -4.03512159  27.15976811   4.54639621 -13.04657859  -9.53838757  56.76077719  12.84494883  13.65461999  -9.7945175    9.45318304   7.87755244  -8.18413004 -12.51840885]
     [  0.91745286   0.          19.39220891   8.92087677  -3.30636944   3.43576098 -37.76495013  -8.71444952  12.84494883  52.81808409  10.31052399  16.50755639  15.97294793   1.83904133   0.7142925  -11.01398882]
     [-17.13283465 -19.39220891   0.          -7.88173425 -20.33222753  19.50232258  -5.01939311  20.38308528  13.65461999  10.31052399  94.27031509  21.96261434 -14.05518207  -9.31776448  -8.36687407 -18.47969526]
     [  4.03512159  -8.92087677   7.88173425   0.         -11.01437851   6.29274627 -14.56145001   2.94152065  -9.7945175   16.50755639  21.96261434  32.28119705  -8.92427758 -10.4386297   -3.97996757  -7.92582087]
     [-27.15976811   3.30636944  20.33222753  11.01437851   0.           7.28841089 -21.66807391  33.00942129   9.45318304  15.97294793 -14.05518207  -8.92427758 151.70377905  13.89670072  14.54950342 -18.47765318]
     [ -4.54639621  -3.43576098 -19.50232258  -6.29274627  -7.28841089   0.          -6.94610428  -4.16886524   7.87755244   1.83904133  -9.31776448 -10.4386297   13.89670072  33.96591077 -15.51113383   8.14527054]
     [ 13.04657859  37.76495013   5.01939311  14.56145001  21.66807391   6.94610428   0.         -11.85502988  -8.18413004   0.7142925   -8.36687407  -3.97996757  14.54950342 -15.51113383 101.82640063  11.20982719]
     [  9.53838757   8.71444952 -20.38308528  -2.94152065 -33.00942129   4.16886524  11.85502988   0.         -12.51840885 -11.01398882 -18.47969526  -7.92582087 -18.47765318   8.14527054  11.20982719  55.31922925]]
    hessian: [[ 56.76077719  12.84494883  13.65461999 ... -15.54971134   6.2079943   -6.0583632 ]
     [ 12.84494883  52.81808409  10.31052399 ...  10.72952867   6.36300418 -19.91878075]
     [ 13.65461999  10.31052399  94.27031509 ...  34.57323467   5.0754256  -12.2618867 ]
     ...
     [-15.54971134  10.72952867  34.57323467 ... 117.77979519  10.58714013 -13.1236334 ]
     [  6.2079943    6.36300418   5.0754256  ...  10.58714013  20.13862091  -8.85149714]
     [ -6.0583632  -19.91878075 -12.2618867  ... -13.1236334   -8.85149714  52.28611637]]
    eigvals of hessian_by_M_M: [  7.61400534   7.61400534  10.80505096  10.80505096  23.55494988  23.55494988  32.72720365  32.72720365  58.20682972  58.20682972 104.67594892 104.67594892 146.66212605 146.66212605 194.69957859 194.69957859]
SNAG:
    iter_times, elapsed_time, sqdiff: 300, 0.4712400436401367, 1.8148028174311617
    MSN: Tensor(
        [[-0.11252181-0.21022235j  0.20628523+0.38566037j -0.51006824-1.43164791j -0.72316905+0.77497685j]
         [ 0.26828645-0.58523213j  0.41141958-0.54381026j  0.65422741+0.76189587j -0.32848213-1.04173975j]
         [ 0.60470815-0.11698149j  0.69045783+0.09431396j -0.34783033+0.76255333j  0.59075898-0.71931712j]
         [-0.29820127+1.02016735j -0.85629984+0.04990874j -0.16468508+1.0453311j   1.39216573+0.35872453j]]
        labels=['kl', 'kr'],
        shape=(4, 4),
    )
    grad_by_M: [ 3.26128013e-15  3.82333054e-15 -5.20417043e-16  1.49186219e-15 -2.35922393e-15  5.35682609e-15  2.44249065e-15  5.89805982e-16 -7.42461648e-15  4.99600361e-16  9.71445147e-17  1.38777878e-15 -4.93355357e-15 -3.01147995e-15 -4.18415302e-15  1.56819002e-15]
    hessian_by_M_M: [[ 3.63024019e+00 -3.13333270e+00  8.28207788e-01 -2.35006717e+00  9.44034649e-02 -1.09949825e-01 -4.25256140e-01  2.12873404e-01  0.00000000e+00  1.41793936e+00 -3.17177360e-02  1.30145394e+00 -4.78027297e-01  1.54867129e-01 -2.11061115e-01 -1.12068699e+00]
     [-3.13333270e+00  5.56284803e+00 -7.86093452e-03  2.64697010e+00 -3.04762866e-02  5.28874637e-01  8.17117867e-01 -1.31177886e+00 -1.41793936e+00  0.00000000e+00 -8.98396989e-01  2.89184217e-01  2.29435030e-01 -4.46807330e-01  4.84952772e-01  1.28098241e+00]
     [ 8.28207788e-01 -7.86093452e-03  2.32455085e+00 -1.16550957e+00  3.57974247e-02  8.94190646e-02  7.40591253e-01 -1.43700501e+00  3.17177360e-02  8.98396989e-01  0.00000000e+00  9.22854425e-01 -3.89316511e-01 -2.11938538e-01 -9.38802890e-05 -5.08016840e-01]
     [-2.35006717e+00  2.64697010e+00 -1.16550957e+00  3.97923110e+00 -3.15179723e-01 -8.08524666e-01  5.21700866e-01 -7.64714596e-01 -1.30145394e+00 -2.89184217e-01 -9.22854425e-01  0.00000000e+00  5.15760178e-01 -4.49580076e-01  1.65445966e-02  1.17452225e+00]
     [ 9.44034649e-02 -3.04762866e-02  3.57974247e-02 -3.15179723e-01  3.67279517e+00 -1.12894251e+00  1.46947732e+00 -1.05534986e+00  4.78027297e-01 -2.29435030e-01  3.89316511e-01 -5.15760178e-01  0.00000000e+00  2.76482940e-01  1.37378617e+00 -1.18526690e+00]
     [-1.09949825e-01  5.28874637e-01  8.94190646e-02 -8.08524666e-01 -1.12894251e+00  3.47398414e+00 -3.28231025e-01  2.57299729e-01 -1.54867129e-01  4.46807330e-01  2.11938538e-01  4.49580076e-01 -2.76482940e-01  0.00000000e+00 -1.14562392e-01  8.14319387e-02]
     [-4.25256140e-01  8.17117867e-01  7.40591253e-01  5.21700866e-01  1.46947732e+00 -3.28231025e-01  3.30828812e+00 -2.87075514e+00  2.11061115e-01 -4.84952772e-01  9.38802890e-05 -1.65445966e-02 -1.37378617e+00  1.14562392e-01  0.00000000e+00  3.77256344e-01]
     [ 2.12873404e-01 -1.31177886e+00 -1.43700501e+00 -7.64714596e-01 -1.05534986e+00  2.57299729e-01 -2.87075514e+00  4.53567258e+00  1.12068699e+00 -1.28098241e+00  5.08016840e-01 -1.17452225e+00  1.18526690e+00 -8.14319387e-02 -3.77256344e-01  0.00000000e+00]
     [ 0.00000000e+00 -1.41793936e+00  3.17177360e-02 -1.30145394e+00  4.78027297e-01 -1.54867129e-01  2.11061115e-01  1.12068699e+00  3.63024019e+00 -3.13333270e+00  8.28207788e-01 -2.35006717e+00  9.44034649e-02 -1.09949825e-01 -4.25256140e-01  2.12873404e-01]
     [ 1.41793936e+00  0.00000000e+00  8.98396989e-01 -2.89184217e-01 -2.29435030e-01  4.46807330e-01 -4.84952772e-01 -1.28098241e+00 -3.13333270e+00  5.56284803e+00 -7.86093452e-03  2.64697010e+00 -3.04762866e-02  5.28874637e-01  8.17117867e-01 -1.31177886e+00]
     [-3.17177360e-02 -8.98396989e-01  0.00000000e+00 -9.22854425e-01  3.89316511e-01  2.11938538e-01  9.38802890e-05  5.08016840e-01  8.28207788e-01 -7.86093452e-03  2.32455085e+00 -1.16550957e+00  3.57974247e-02  8.94190646e-02  7.40591253e-01 -1.43700501e+00]
     [ 1.30145394e+00  2.89184217e-01  9.22854425e-01  0.00000000e+00 -5.15760178e-01  4.49580076e-01 -1.65445966e-02 -1.17452225e+00 -2.35006717e+00  2.64697010e+00 -1.16550957e+00  3.97923110e+00 -3.15179723e-01 -8.08524666e-01  5.21700866e-01 -7.64714596e-01]
     [-4.78027297e-01  2.29435030e-01 -3.89316511e-01  5.15760178e-01  0.00000000e+00 -2.76482940e-01 -1.37378617e+00  1.18526690e+00  9.44034649e-02 -3.04762866e-02  3.57974247e-02 -3.15179723e-01  3.67279517e+00 -1.12894251e+00  1.46947732e+00 -1.05534986e+00]
     [ 1.54867129e-01 -4.46807330e-01 -2.11938538e-01 -4.49580076e-01  2.76482940e-01  0.00000000e+00  1.14562392e-01 -8.14319387e-02 -1.09949825e-01  5.28874637e-01  8.94190646e-02 -8.08524666e-01 -1.12894251e+00  3.47398414e+00 -3.28231025e-01  2.57299729e-01]
     [-2.11061115e-01  4.84952772e-01 -9.38802890e-05  1.65445966e-02  1.37378617e+00 -1.14562392e-01  0.00000000e+00 -3.77256344e-01 -4.25256140e-01  8.17117867e-01  7.40591253e-01  5.21700866e-01  1.46947732e+00 -3.28231025e-01  3.30828812e+00 -2.87075514e+00]
     [-1.12068699e+00  1.28098241e+00 -5.08016840e-01  1.17452225e+00 -1.18526690e+00  8.14319387e-02  3.77256344e-01  0.00000000e+00  2.12873404e-01 -1.31177886e+00 -1.43700501e+00 -7.64714596e-01 -1.05534986e+00  2.57299729e-01 -2.87075514e+00  4.53567258e+00]]
    hessian: [[ 3.63024019e+00 -3.13333270e+00  8.28207788e-01 ... -2.42528680e+01  2.04361328e+01  1.41695819e+00]
     [-3.13333270e+00  5.56284803e+00 -7.86093452e-03 ...  9.95791419e+00 -1.49190439e+01 -9.32689987e+00]
     [ 8.28207788e-01 -7.86093452e-03  2.32455085e+00 ... -1.13231262e+01 -2.93617491e-01 -1.77287896e+00]
     ...
     [-2.42528680e+01  9.95791419e+00 -1.13231262e+01 ...  1.66127800e+03  2.09399406e+02  2.02517014e+02]
     [ 2.04361328e+01 -1.49190439e+01 -2.93617491e-01 ...  2.09399406e+02  1.29144132e+03  9.25880575e+02]
     [ 1.41695819e+00 -9.32689987e+00 -1.77287896e+00 ...  2.02517014e+02  9.25880575e+02  1.20840634e+03]]
    eigvals of hessian_by_M_M: [ 0.41012788  0.41012788  0.65316693  0.65316693  0.70253974  0.70253974  1.81485069  1.81485069  2.29740088  2.29740088  4.35208954  4.35208954  8.18126397  8.18126397 12.07617056 12.07617056]
SSpiral(8):
    iter_times, elapsed_time, sqdiff: 300, 1.1751768589019775, 1.8148028174311612
    MSN: Tensor(
        [[-0.11252181-0.21022235j  0.20628523+0.38566037j -0.51006824-1.43164791j -0.72316905+0.77497685j]
         [ 0.26828645-0.58523213j  0.41141958-0.54381026j  0.65422741+0.76189587j -0.32848213-1.04173975j]
         [ 0.60470815-0.11698149j  0.69045783+0.09431396j -0.34783033+0.76255333j  0.59075898-0.71931712j]
         [-0.29820127+1.02016735j -0.85629984+0.04990874j -0.16468508+1.0453311j   1.39216573+0.35872453j]]
        labels=['kl', 'kr'],
        shape=(4, 4),
    )
    grad_by_M: [ 1.99007477e-14 -5.49282841e-14  2.83106871e-14 -3.84137167e-14 -3.43024220e-14 -5.05984143e-14  8.63198402e-15 -4.29517533e-14 -2.11219930e-14  2.66869860e-14 -4.55746552e-14 -8.32667268e-16  6.77236045e-15  5.07927034e-15 -5.63438185e-15  1.51267887e-14]
    hessian_by_M_M: [[ 49.48413857 -12.70520855  13.20013226 -15.74654753   4.01693681   0.73061663  -3.8034153   15.15668681   0.           2.33147437 -10.91554224 -13.54715872  -6.20006043  -4.83915342   4.22111436  -5.82988716]
     [-12.70520855  28.88193291 -12.01081201  10.47874879   0.49224709   3.52486177   2.79000511  -7.28781817  -2.33147437   0.          -8.18167935   8.51316367   0.5294561   -5.01213835  -6.91502523   2.13907119]
     [ 13.20013226 -12.01081201  30.00952055  -2.28597675  -0.09634969   3.50689783   4.46644454   6.10350785  10.91554224   8.18167935   0.          -5.02311535  -3.20535577   4.87174311  -2.1320117   -2.41418496]
     [-15.74654753  10.47874879  -2.28597675  36.41099577   2.51313729  -8.44272227   1.78551247  -6.14636109  13.54715872  -8.51316367   5.02311535   0.          -3.61784772  -5.42605518 -20.7906771    6.83420155]
     [  4.01693681   0.49224709  -0.09634969   2.51313729  40.64026013  12.96827502  17.54970312  -0.29849922   6.20006043  -0.5294561    3.20535577   3.61784772   0.           1.38180646   7.16267153   6.36526934]
     [  0.73061663   3.52486177   3.50689783  -8.44272227  12.96827502  46.54107767  20.15998864   4.41697857   4.83915342   5.01213835  -4.87174311   5.42605518  -1.38180646   0.          -5.84982547   5.29232828]
     [ -3.8034153    2.79000511   4.46644454   1.78551247  17.54970312  20.15998864  51.20377215  -2.32206587  -4.22111436   6.91502523   2.1320117   20.7906771   -7.16267153   5.84982547   0.           1.79612352]
     [ 15.15668681  -7.28781817   6.10350785  -6.14636109  -0.29849922   4.41697857  -2.32206587  19.681203     5.82988716  -2.13907119   2.41418496  -6.83420155  -6.36526934  -5.29232828  -1.79612352   0.        ]
     [  0.          -2.33147437  10.91554224  13.54715872   6.20006043   4.83915342  -4.22111436   5.82988716  49.48413857 -12.70520855  13.20013226 -15.74654753   4.01693681   0.73061663  -3.8034153   15.15668681]
     [  2.33147437   0.           8.18167935  -8.51316367  -0.5294561    5.01213835   6.91502523  -2.13907119 -12.70520855  28.88193291 -12.01081201  10.47874879   0.49224709   3.52486177   2.79000511  -7.28781817]
     [-10.91554224  -8.18167935   0.           5.02311535   3.20535577  -4.87174311   2.1320117    2.41418496  13.20013226 -12.01081201  30.00952055  -2.28597675  -0.09634969   3.50689783   4.46644454   6.10350785]
