b=4, chi=2, seed=83, 
NOR:
    iter_times, elapsed_time, sqdiff: 300, 0.40599894523620605, 0.9499629113701422
    MSN: Tensor(
        [[-0.53889934-0.81164364j -0.10618585-0.42836966j  1.14185675-1.25907526j -0.23923555-0.6630133j ]
         [ 1.18453626+0.18441545j -0.3585592 +0.49421215j -0.72042692+0.6642879j   0.66472382+0.29806031j]
         [ 0.00540344-0.67441679j  0.03659225+0.65785644j -0.65164569+0.13475887j  0.03326256-0.34643758j]
         [-1.21136112-1.08436187j  0.80356154+0.92849285j -0.95016045+0.53646198j -0.63154861-0.65583715j]]
        labels=['kl', 'kr'],
        shape=(4, 4),
    )
    grad_by_M: [ 7.06379399e-15  1.66255898e-14 -3.05554193e-14  1.33781874e-14 -1.43218770e-14 -2.05876982e-14 -1.48017449e-14  2.47579734e-14  1.26010313e-14  9.29811783e-15 -9.43689571e-16  2.99760217e-15  2.77555756e-16 -1.49880108e-15  3.88578059e-16  4.26048086e-15]
    hessian_by_M_M: [[ 7.28671464e+01  2.03967286e+01  1.88180500e+01  2.18564662e+01  2.50940858e+00 -4.64866866e+00  4.88099824e+00 -1.15157431e+01  0.00000000e+00 -7.42936028e+00  5.16725169e+00  2.70307820e+01  3.13214626e+00 -2.48000674e+00 -8.50509553e+00  1.30498908e+01]
     [ 2.03967286e+01  5.20030776e+01 -1.24119073e+01 -1.15215179e+01 -1.33861573e+01 -3.79187000e+00 -2.22237115e+01 -7.72479464e+00  7.42936028e+00  0.00000000e+00  9.17302338e+00  1.23021221e+01 -6.16162249e+00  6.48978892e+00  3.32957190e-01  3.54028009e+00]
     [ 1.88180500e+01 -1.24119073e+01  5.10402514e+01  6.04683280e+00  1.41045129e+01  1.43396145e+01  1.59005296e+01 -4.49902393e+00 -5.16725169e+00 -9.17302338e+00  0.00000000e+00  1.95010028e+01  1.74650065e+01  6.08251070e+00 -3.06718298e-02 -2.50514284e-01]
     [ 2.18564662e+01 -1.15215179e+01  6.04683280e+00  8.82184207e+01  1.87203513e+01 -6.48498096e+00  6.29890491e+00  5.53235355e+00 -2.70307820e+01 -1.23021221e+01 -1.95010028e+01  0.00000000e+00  2.07913905e+01 -1.27647583e+01  6.27084484e+00 -1.56331282e+00]
     [ 2.50940858e+00 -1.33861573e+01  1.41045129e+01  1.87203513e+01  7.20448285e+01 -2.85850914e+00  1.15033813e+01 -1.33838326e+01 -3.13214626e+00  6.16162249e+00 -1.74650065e+01 -2.07913905e+01  0.00000000e+00  3.00773768e+00 -1.87939184e-02 -5.76958018e+00]
     [-4.64866866e+00 -3.79187000e+00  1.43396145e+01 -6.48498096e+00 -2.85850914e+00  6.84472984e+01 -8.48369753e-01 -1.62783688e+01  2.48000674e+00 -6.48978892e+00 -6.08251070e+00  1.27647583e+01 -3.00773768e+00  0.00000000e+00 -1.28635275e+01  6.89944807e+00]
     [ 4.88099824e+00 -2.22237115e+01  1.59005296e+01  6.29890491e+00  1.15033813e+01 -8.48369753e-01  6.10286917e+01  6.34306605e-02  8.50509553e+00 -3.32957190e-01  3.06718298e-02 -6.27084484e+00  1.87939184e-02  1.28635275e+01  0.00000000e+00 -4.18861053e+00]
     [-1.15157431e+01 -7.72479464e+00 -4.49902393e+00  5.53235355e+00 -1.33838326e+01 -1.62783688e+01  6.34306605e-02  3.70826878e+01 -1.30498908e+01 -3.54028009e+00  2.50514284e-01  1.56331282e+00  5.76958018e+00 -6.89944807e+00  4.18861053e+00  0.00000000e+00]
     [ 0.00000000e+00  7.42936028e+00 -5.16725169e+00 -2.70307820e+01 -3.13214626e+00  2.48000674e+00  8.50509553e+00 -1.30498908e+01  7.28671464e+01  2.03967286e+01  1.88180500e+01  2.18564662e+01  2.50940858e+00 -4.64866866e+00  4.88099824e+00 -1.15157431e+01]
     [-7.42936028e+00  0.00000000e+00 -9.17302338e+00 -1.23021221e+01  6.16162249e+00 -6.48978892e+00 -3.32957190e-01 -3.54028009e+00  2.03967286e+01  5.20030776e+01 -1.24119073e+01 -1.15215179e+01 -1.33861573e+01 -3.79187000e+00 -2.22237115e+01 -7.72479464e+00]
     [ 5.16725169e+00  9.17302338e+00  0.00000000e+00 -1.95010028e+01 -1.74650065e+01 -6.08251070e+00  3.06718298e-02  2.50514284e-01  1.88180500e+01 -1.24119073e+01  5.10402514e+01  6.04683280e+00  1.41045129e+01  1.43396145e+01  1.59005296e+01 -4.49902393e+00]
     [ 2.70307820e+01  1.23021221e+01  1.95010028e+01  0.00000000e+00 -2.07913905e+01  1.27647583e+01 -6.27084484e+00  1.56331282e+00  2.18564662e+01 -1.15215179e+01  6.04683280e+00  8.82184207e+01  1.87203513e+01 -6.48498096e+00  6.29890491e+00  5.53235355e+00]
     [ 3.13214626e+00 -6.16162249e+00  1.74650065e+01  2.07913905e+01  0.00000000e+00 -3.00773768e+00  1.87939184e-02  5.76958018e+00  2.50940858e+00 -1.33861573e+01  1.41045129e+01  1.87203513e+01  7.20448285e+01 -2.85850914e+00  1.15033813e+01 -1.33838326e+01]
     [-2.48000674e+00  6.48978892e+00  6.08251070e+00 -1.27647583e+01  3.00773768e+00  0.00000000e+00  1.28635275e+01 -6.89944807e+00 -4.64866866e+00 -3.79187000e+00  1.43396145e+01 -6.48498096e+00 -2.85850914e+00  6.84472984e+01 -8.48369753e-01 -1.62783688e+01]
     [-8.50509553e+00  3.32957190e-01 -3.06718298e-02  6.27084484e+00 -1.87939184e-02 -1.28635275e+01  0.00000000e+00  4.18861053e+00  4.88099824e+00 -2.22237115e+01  1.59005296e+01  6.29890491e+00  1.15033813e+01 -8.48369753e-01  6.10286917e+01  6.34306605e-02]
     [ 1.30498908e+01  3.54028009e+00 -2.50514284e-01 -1.56331282e+00 -5.76958018e+00  6.89944807e+00 -4.18861053e+00  0.00000000e+00 -1.15157431e+01 -7.72479464e+00 -4.49902393e+00  5.53235355e+00 -1.33838326e+01 -1.62783688e+01  6.34306605e-02  3.70826878e+01]]
    hessian: [[ 72.86714641+0.00000000e+00j  20.39672862+4.44089210e-16j  18.81804998+8.88178420e-16j ...  25.07552115+1.77635684e-15j   2.18610621-1.77635684e-15j  -4.35946422+0.00000000e+00j]
     [ 20.39672862+4.44089210e-16j  52.00307762-1.33226763e-15j -12.41190731+8.88178420e-16j ...  19.8166452 +8.88178420e-16j   1.46906004+0.00000000e+00j  19.84719577-4.44089210e-16j]
     [ 18.81804998+8.88178420e-16j -12.41190731+8.88178420e-16j  51.04025138+0.00000000e+00j ...   2.93358872-1.33226763e-15j  -4.54957228-8.88178420e-16j  -6.67531038+8.88178420e-16j]
     ...
     [ 25.07552115+1.77635684e-15j  19.8166452 +8.88178420e-16j   2.93358872-1.33226763e-15j ...  36.3258259 +3.55271368e-15j  -8.69906587-4.44089210e-16j   4.17261588+6.66133815e-16j]
     [  2.18610621-1.77635684e-15j   1.46906004+0.00000000e+00j  -4.54957228-8.88178420e-16j ...  -8.69906587-4.44089210e-16j  48.359418  -8.88178420e-16j   2.61920975+0.00000000e+00j]
     [ -4.35946422+0.00000000e+00j  19.84719577-4.44089210e-16j  -6.67531038+8.88178420e-16j ...   4.17261588+6.66133815e-16j   2.61920975+0.00000000e+00j  39.20015369-2.22044605e-16j]]
    eigvals of hessian_by_M_M: [ 11.31053427  11.31053427  19.02575703  19.02575703  23.16281783  23.16281783  45.52903542  45.52903542  62.6558739   62.6558739   84.63938434  84.63938434 107.76881381 107.76881381 148.64018597 148.64018597]
WCOR:
    iter_times, elapsed_time, sqdiff: 300, 0.64111328125, 0.9499629113701427
    MSN: Tensor(
        [[-0.53889934-0.81164364j -0.10618585-0.42836966j  1.14185675-1.25907526j -0.23923555-0.6630133j ]
         [ 1.18453626+0.18441545j -0.3585592 +0.49421215j -0.72042692+0.6642879j   0.66472382+0.29806031j]
         [ 0.00540344-0.67441679j  0.03659225+0.65785644j -0.65164569+0.13475887j  0.03326256-0.34643758j]
         [-1.21136112-1.08436187j  0.80356154+0.92849285j -0.95016045+0.53646198j -0.63154861-0.65583715j]]
        labels=['kl', 'kr'],
        shape=(4, 4),
    )
    grad_by_M: [-3.48887585e-14  8.32667268e-17  8.30238656e-15  3.45973250e-14  3.82471832e-14 -3.49234530e-14 -8.12093177e-15  1.40651379e-14 -5.21804822e-15  2.39530618e-14 -9.99200722e-15 -1.25455202e-14 -4.16333634e-15  3.86357613e-14 -9.70057368e-15 -3.55132590e-14]
    hessian_by_M_M: [[ 84.45059169  27.41139507  21.89978912  21.63710776   2.36371548  -4.28659882   4.67273892 -13.31648504   0.         -12.37599544   6.75116553  27.86014829   3.27697202  -2.71107811  -9.40105428  11.52759262]
     [ 27.41139507  51.32759355 -11.40353526 -11.23891198 -14.18946564  -4.67488073 -21.67006796  -9.80816054  12.37599544   0.          12.72233863  16.01793248  -4.71770679   6.19374011   1.91084308   4.72846852]
     [ 21.89978912 -11.40353526  59.0359439   10.3836625   16.99118695  16.66622848  18.1948541   -3.32689695  -6.75116553 -12.72233863   0.          16.19985407  20.77266634   6.67184612   0.21000503  -2.00634536]
     [ 21.63710776 -11.23891198  10.3836625   77.81716404  19.54639977  -2.72254926   7.99926835   5.83315702 -27.86014829 -16.01793248 -16.19985407   0.          22.01251887 -10.31622694   7.28174236  -2.01021927]
     [  2.36371548 -14.18946564  16.99118695  19.54639977  82.30149044   3.3721859   12.77089951 -12.92943782  -3.27697202   4.71770679 -20.77266634 -22.01251887   0.          -3.16370936  -0.47829503  -7.80126922]
     [ -4.28659882  -4.67488073  16.66622848  -2.72254926   3.3721859   61.98320789  -1.37207152 -15.97371413   2.71107811  -6.19374011  -6.67184612  10.31622694   3.16370936   0.         -11.69947597   4.20166616]
     [  4.67273892 -21.67006796  18.1948541    7.99926835  12.77089951  -1.37207152  69.75780919   5.32980147   9.40105428  -1.91084308  -0.21000503  -7.28174236   0.47829503  11.69947597   0.          -9.49632487]
     [-13.31648504  -9.80816054  -3.32689695   5.83315702 -12.92943782 -15.97371413   5.32980147  34.97737431 -11.52759262  -4.72846852   2.00634536   2.01021927   7.80126922  -4.20166616   9.49632487   0.        ]
     [  0.          12.37599544  -6.75116553 -27.86014829  -3.27697202   2.71107811   9.40105428 -11.52759262  84.45059169  27.41139507  21.89978912  21.63710776   2.36371548  -4.28659882   4.67273892 -13.31648504]
     [-12.37599544   0.         -12.72233863 -16.01793248   4.71770679  -6.19374011  -1.91084308  -4.72846852  27.41139507  51.32759355 -11.40353526 -11.23891198 -14.18946564  -4.67488073 -21.67006796  -9.80816054]
     [  6.75116553  12.72233863   0.         -16.19985407 -20.77266634  -6.67184612  -0.21000503   2.00634536  21.89978912 -11.40353526  59.0359439   10.3836625   16.99118695  16.66622848  18.1948541   -3.32689695]
     [ 27.86014829  16.01793248  16.19985407   0.         -22.01251887  10.31622694  -7.28174236   2.01021927  21.63710776 -11.23891198  10.3836625   77.81716404  19.54639977  -2.72254926   7.99926835   5.83315702]
     [  3.27697202  -4.71770679  20.77266634  22.01251887   0.           3.16370936   0.47829503   7.80126922   2.36371548 -14.18946564  16.99118695  19.54639977  82.30149044   3.3721859   12.77089951 -12.92943782]
     [ -2.71107811   6.19374011   6.67184612 -10.31622694  -3.16370936   0.          11.69947597  -4.20166616  -4.28659882  -4.67488073  16.66622848  -2.72254926   3.3721859   61.98320789  -1.37207152 -15.97371413]
     [ -9.40105428   1.91084308   0.21000503   7.28174236  -0.47829503 -11.69947597   0.           9.49632487   4.67273892 -21.67006796  18.1948541    7.99926835  12.77089951  -1.37207152  69.75780919   5.32980147]
     [ 11.52759262   4.72846852  -2.00634536  -2.01021927  -7.80126922   4.20166616  -9.49632487   0.         -13.31648504  -9.80816054  -3.32689695   5.83315702 -12.92943782 -15.97371413   5.32980147  34.97737431]]
