b=4, chi=2, seed=81, 
NOR:
    iter_times, elapsed_time, sqdiff: 300, 0.4469928741455078, 2.6885768864140305
    MSN: Tensor(
        [[ 0.79937093-0.11432062j  0.05309174-0.72648219j  0.71320095-0.23819409j  0.23253565-0.40603004j]
         [-1.01612947+0.62503413j -1.63488752+0.11045343j -2.04608938-1.29799679j -1.11181624+0.37422471j]
         [ 0.75537669+1.07441165j -0.01402279-0.1070166j  -0.33540219+0.48865694j  0.24085944+0.2829902j ]
         [-0.40939198-0.71244628j  0.58009212+1.59592984j -0.19207774+1.43840561j  0.24988506+0.52134678j]]
        labels=['kl', 'kr'],
        shape=(4, 4),
    )
    grad_by_M: [ 2.71787801e-15  1.67227343e-14  1.44675938e-15 -1.26565425e-14  1.85407245e-14 -4.53803661e-15 -3.85802501e-15 -9.92261828e-15 -1.50990331e-14 -1.94289029e-16 -3.08086889e-15  4.99600361e-15  1.34996181e-14  1.31006317e-14 -1.23095978e-14 -7.88258347e-15]
    hessian_by_M_M: [[ 56.43742222   6.51642881  -4.68464132   0.17090682  18.19929699  17.02267943  12.8022153   -0.50419629   0.          23.1888249   11.30116169 -11.50075482   5.30956644   6.42831941   9.65518432   3.12618349]
     [  6.51642881  51.08744077  11.4656761   -8.89621595   6.9619177   -0.92289435   0.27062908  -0.80975503 -23.1888249    0.           3.81552095   4.68531529  -4.57163551  -6.28756529 -11.89636774   4.2603932 ]
     [ -4.68464132  11.4656761   53.95526084  -9.33848393  -4.80994531 -16.32640549  -4.58701039 -11.54531581 -11.30116169  -3.81552095   0.          14.71196186 -13.59342129   0.2272354   -6.77969668  -1.04195116]
     [  0.17090682  -8.89621595  -9.33848393  31.62255962  -7.83806259   9.23241513   5.0148221   13.80896255  11.50075482  -4.68531529 -14.71196186   0.           7.2527794    6.76702408   6.17020528  24.46735173]
     [ 18.19929699   6.9619177   -4.80994531  -7.83806259  47.08077903   5.90885533   2.08852225  -0.36219411  -5.30956644   4.57163551  13.59342129  -7.2527794    0.           4.05719737   4.46717943 -10.5691692 ]
     [ 17.02267943  -0.92289435 -16.32640549   9.23241513   5.90885533  47.81875322  12.92113184   5.30397417  -6.42831941   6.28756529  -0.2272354   -6.76702408  -4.05719737   0.           1.342415    11.92344805]
     [ 12.8022153    0.27062908  -4.58701039   5.0148221    2.08852225  12.92113184  38.81619212   4.35419635  -9.65518432  11.89636774   6.77969668  -6.17020528  -4.46717943  -1.342415     0.          23.12537997]
     [ -0.50419629  -0.80975503 -11.54531581  13.80896255  -0.36219411   5.30397417   4.35419635  59.41225381  -3.12618349  -4.2603932    1.04195116 -24.46735173  10.5691692  -11.92344805 -23.12537997   0.        ]
     [  0.         -23.1888249  -11.30116169  11.50075482  -5.30956644  -6.42831941  -9.65518432  -3.12618349  56.43742222   6.51642881  -4.68464132   0.17090682  18.19929699  17.02267943  12.8022153   -0.50419629]
     [ 23.1888249    0.          -3.81552095  -4.68531529   4.57163551   6.28756529  11.89636774  -4.2603932    6.51642881  51.08744077  11.4656761   -8.89621595   6.9619177   -0.92289435   0.27062908  -0.80975503]
     [ 11.30116169   3.81552095   0.         -14.71196186  13.59342129  -0.2272354    6.77969668   1.04195116  -4.68464132  11.4656761   53.95526084  -9.33848393  -4.80994531 -16.32640549  -4.58701039 -11.54531581]
     [-11.50075482   4.68531529  14.71196186   0.          -7.2527794   -6.76702408  -6.17020528 -24.46735173   0.17090682  -8.89621595  -9.33848393  31.62255962  -7.83806259   9.23241513   5.0148221   13.80896255]
     [  5.30956644  -4.57163551 -13.59342129   7.2527794    0.          -4.05719737  -4.46717943  10.5691692   18.19929699   6.9619177   -4.80994531  -7.83806259  47.08077903   5.90885533   2.08852225  -0.36219411]
     [  6.42831941  -6.28756529   0.2272354    6.76702408   4.05719737   0.          -1.342415   -11.92344805  17.02267943  -0.92289435 -16.32640549   9.23241513   5.90885533  47.81875322  12.92113184   5.30397417]
     [  9.65518432 -11.89636774  -6.77969668   6.17020528   4.46717943   1.342415     0.         -23.12537997  12.8022153    0.27062908  -4.58701039   5.0148221    2.08852225  12.92113184  38.81619212   4.35419635]
     [  3.12618349   4.2603932   -1.04195116  24.46735173 -10.5691692   11.92344805  23.12537997   0.          -0.50419629  -0.80975503 -11.54531581  13.80896255  -0.36219411   5.30397417   4.35419635  59.41225381]]
    eigvals of hessian_by_M_M: [  7.27250017   7.27250017  15.18426142  15.18426142  22.58757825  22.58757825  28.8333393   28.8333393   39.24948254  39.24948254  55.27941453  55.27941453  96.86732724  96.86732724 120.95675819 120.95675819]
WCOR:
    iter_times, elapsed_time, sqdiff: 300, 0.5049819946289062, 2.688576886414035
    MSN: Tensor(
        [[ 0.79937093-0.11432062j  0.05309174-0.72648219j  0.71320095-0.23819409j  0.23253565-0.40603004j]
         [-1.01612947+0.62503413j -1.63488752+0.11045343j -2.04608938-1.29799679j -1.11181624+0.37422471j]
         [ 0.75537669+1.07441165j -0.01402279-0.1070166j  -0.33540219+0.48865694j  0.24085944+0.2829902j ]
         [-0.40939198-0.71244628j  0.58009212+1.59592984j -0.19207774+1.43840561j  0.24988506+0.52134678j]]
        labels=['kl', 'kr'],
        shape=(4, 4),
    )
    grad_by_M: [-5.07233144e-14  1.99562589e-14  2.61179967e-14  2.68118860e-14 -8.38218384e-15 -9.81159598e-15  3.49720253e-15 -1.42628964e-14  1.39610545e-14 -2.11636264e-14 -5.14310816e-14  2.73114864e-14  1.68198788e-14 -4.44089210e-15 -2.26173247e-14  3.61932706e-14]
    hessian_by_M_M: [[ 78.75635066  -8.21561581 -16.36590395  -1.58381017  11.41917864  17.3082612   17.35894298  -2.61266875   0.          39.09854949  19.3445685  -15.74178335   0.31194729   4.19526584  15.05992268   1.68393704]
     [ -8.21561581  42.1183369   14.88069936  -8.37842709   4.6119028   -1.36899606   4.42074003   0.15891408 -39.09854949   0.           7.14013018   4.70249735  -1.04273616  -5.49330782 -12.71819345   3.92181806]
     [-16.36590395  14.88069936  80.13132111 -17.63472275   5.74398099 -17.86992118  -0.4815154  -21.6292975  -19.3445685   -7.14013018   0.          29.25961503 -13.21920331   5.37353425   1.57379921  -1.4799151 ]
     [ -1.58381017  -8.37842709 -17.63472275  27.64370685  -9.76963427   8.20120796   6.63860851  10.86683735  15.74178335  -4.70249735 -29.25961503   0.          -0.1413511    5.24983211  -5.27522636  19.75139509]
     [ 11.41917864   4.6119028    5.74398099  -9.76963427  58.07324358 -10.76281421  -5.20502682  -8.47575921  -0.31194729   1.04273616  13.21920331   0.1413511    0.          20.80373881  15.30423293 -11.65556759]
     [ 17.3082612   -1.36899606 -17.86992118   8.20120796 -10.76281421  37.75399279  13.95029045   2.97099538  -4.19526584   5.49330782  -5.37353425  -5.24983211 -20.80373881   0.          -1.70867001  10.54076235]
     [ 17.35894298   4.42074003  -0.4815154    6.63860851  -5.20502682  13.95029045  64.41150548 -11.84270418 -15.05992268  12.71819345  -1.57379921   5.27522636 -15.30423293   1.70867001   0.          41.1480766 ]
     [ -2.61266875   0.15891408 -21.6292975   10.86683735  -8.47575921   2.97099538 -11.84270418  48.79338716  -1.68393704  -3.92181806   1.4799151  -19.75139509  11.65556759 -10.54076235 -41.1480766    0.        ]
     [  0.         -39.09854949 -19.3445685   15.74178335  -0.31194729  -4.19526584 -15.05992268  -1.68393704  78.75635066  -8.21561581 -16.36590395  -1.58381017  11.41917864  17.3082612   17.35894298  -2.61266875]
     [ 39.09854949   0.          -7.14013018  -4.70249735   1.04273616   5.49330782  12.71819345  -3.92181806  -8.21561581  42.1183369   14.88069936  -8.37842709   4.6119028   -1.36899606   4.42074003   0.15891408]
     [ 19.3445685    7.14013018   0.         -29.25961503  13.21920331  -5.37353425  -1.57379921   1.4799151  -16.36590395  14.88069936  80.13132111 -17.63472275   5.74398099 -17.86992118  -0.4815154  -21.6292975 ]
     [-15.74178335   4.70249735  29.25961503   0.           0.1413511   -5.24983211   5.27522636 -19.75139509  -1.58381017  -8.37842709 -17.63472275  27.64370685  -9.76963427   8.20120796   6.63860851  10.86683735]
     [  0.31194729  -1.04273616 -13.21920331  -0.1413511    0.         -20.80373881 -15.30423293  11.65556759  11.41917864   4.6119028    5.74398099  -9.76963427  58.07324358 -10.76281421  -5.20502682  -8.47575921]
     [  4.19526584  -5.49330782   5.37353425   5.24983211  20.80373881   0.           1.70867001 -10.54076235  17.3082612   -1.36899606 -17.86992118   8.20120796 -10.76281421  37.75399279  13.95029045   2.97099538]
     [ 15.05992268 -12.71819345   1.57379921  -5.27522636  15.30423293  -1.70867001   0.         -41.1480766   17.35894298   4.42074003  -0.4815154    6.63860851  -5.20502682  13.95029045  64.41150548 -11.84270418]
     [  1.68393704   3.92181806  -1.4799151   19.75139509 -11.65556759  10.54076235  41.1480766    0.          -2.61266875   0.15891408 -21.6292975   10.86683735  -8.47575921   2.97099538 -11.84270418  48.79338716]]
    eigvals of hessian_by_M_M: [  4.27812924   4.27812924   9.44893069   9.44893069  12.85491021  12.85491021  18.78988123  18.78988123  48.28945837  48.28945837  60.03082469  60.03082469 136.90626663 136.90626663 147.08344347 147.08344347]
WROR:
    iter_times, elapsed_time, sqdiff: 300, 0.6524050235748291, 2.6885768864140362
    MSN: Tensor(
        [[ 0.79937093-0.11432062j  0.05309174-0.72648219j  0.71320095-0.23819409j  0.23253565-0.40603004j]
         [-1.01612947+0.62503413j -1.63488752+0.11045343j -2.04608938-1.29799679j -1.11181624+0.37422471j]
         [ 0.75537669+1.07441165j -0.01402279-0.1070166j  -0.33540219+0.48865694j  0.24085944+0.2829902j ]
         [-0.40939198-0.71244628j  0.58009212+1.59592984j -0.19207774+1.43840561j  0.24988506+0.52134678j]]
        labels=['kl', 'kr'],
        shape=(4, 4),
    )
    grad_by_M: [-1.11782111e-13  1.81382687e-14  3.92380572e-13 -1.45494727e-13  1.48547841e-13 -6.02573547e-14  2.26485497e-14 -8.19344592e-14 -1.13714593e-13 -6.74356404e-14  1.38222767e-13  1.00842945e-13 -2.35367281e-14  4.41313652e-14  2.58126853e-13 -3.87467836e-14]
    hessian_by_M_M: [[ 1.38777133e+02 -2.88478172e+01 -3.29668074e+01 -1.61570229e-01  9.55258988e+00  1.20296255e+01  2.02822226e+01 -6.95842558e+00  0.00000000e+00  5.96840189e+01  2.67656841e+01 -1.91561225e+01 -1.39347364e+01  8.28929060e+00  1.67906153e+01  1.38664312e+00]
     [-2.88478172e+01  3.48245804e+01  1.82116828e+01 -7.40135724e+00 -3.29392461e+00  1.11911666e-02  2.95130645e+00  1.54544470e+00 -5.96840189e+01  0.00000000e+00  7.09069119e+00  4.55753239e+00 -4.53625528e-02 -4.61835587e+00 -1.12701652e+01  3.16330013e+00]
     [-3.29668074e+01  1.82116828e+01  1.11465600e+02 -2.60109431e+01  1.39380215e+01 -1.55427091e+01  1.20528115e+01 -2.98076991e+01 -2.67656841e+01 -7.09069119e+00  0.00000000e+00  4.08155399e+01  3.42241101e+00  3.60321656e+00  3.92529252e+01 -4.19506526e+00]
     [-1.61570229e-01 -7.40135724e+00 -2.60109431e+01  2.34108845e+01 -3.56260706e+00  5.47722632e+00  1.55110653e+01  7.20052391e+00  1.91561225e+01 -4.55753239e+00 -4.08155399e+01  0.00000000e+00 -6.13032713e+00  4.05310904e+00 -1.86523661e+01  1.52361178e+01]
     [ 9.55258988e+00 -3.29392461e+00  1.39380215e+01 -3.56260706e+00  9.66973126e+01 -2.31566904e+01 -7.15978641e+00 -1.26083521e+01  1.39347364e+01  4.53625528e-02 -3.42241101e+00  6.13032713e+00  0.00000000e+00  4.25060045e+01  3.40400438e+01 -1.04542765e+01]
     [ 1.20296255e+01  1.11911666e-02 -1.55427091e+01  5.47722632e+00 -2.31566904e+01  2.85617290e+01  1.62664841e+01  1.12912459e+00 -8.28929060e+00  4.61835587e+00 -3.60321656e+00 -4.05310904e+00 -4.25060045e+01  0.00000000e+00 -8.75493810e+00  8.76549872e+00]
     [ 2.02822226e+01  2.95130645e+00  1.20528115e+01  1.55110653e+01 -7.15978641e+00  1.62664841e+01  1.39637144e+02 -3.27608723e+01 -1.67906153e+01  1.12701652e+01 -3.92529252e+01  1.86523661e+01 -3.40400438e+01  8.75493810e+00  0.00000000e+00  6.38468913e+01]
     [-6.95842558e+00  1.54544470e+00 -2.98076991e+01  7.20052391e+00 -1.26083521e+01  1.12912459e+00 -3.27608723e+01  3.92684969e+01 -1.38664312e+00 -3.16330013e+00  4.19506526e+00 -1.52361178e+01  1.04542765e+01 -8.76549872e+00 -6.38468913e+01  0.00000000e+00]
     [ 0.00000000e+00 -5.96840189e+01 -2.67656841e+01  1.91561225e+01  1.39347364e+01 -8.28929060e+00 -1.67906153e+01 -1.38664312e+00  1.38777133e+02 -2.88478172e+01 -3.29668074e+01 -1.61570229e-01  9.55258988e+00  1.20296255e+01  2.02822226e+01 -6.95842558e+00]
     [ 5.96840189e+01  0.00000000e+00 -7.09069119e+00 -4.55753239e+00  4.53625528e-02  4.61835587e+00  1.12701652e+01 -3.16330013e+00 -2.88478172e+01  3.48245804e+01  1.82116828e+01 -7.40135724e+00 -3.29392461e+00  1.11911666e-02  2.95130645e+00  1.54544470e+00]
     [ 2.67656841e+01  7.09069119e+00  0.00000000e+00 -4.08155399e+01 -3.42241101e+00 -3.60321656e+00 -3.92529252e+01  4.19506526e+00 -3.29668074e+01  1.82116828e+01  1.11465600e+02 -2.60109431e+01  1.39380215e+01 -1.55427091e+01  1.20528115e+01 -2.98076991e+01]
     [-1.91561225e+01  4.55753239e+00  4.08155399e+01  0.00000000e+00  6.13032713e+00 -4.05310904e+00  1.86523661e+01 -1.52361178e+01 -1.61570229e-01 -7.40135724e+00 -2.60109431e+01  2.34108845e+01 -3.56260706e+00  5.47722632e+00  1.55110653e+01  7.20052391e+00]
     [-1.39347364e+01 -4.53625528e-02  3.42241101e+00 -6.13032713e+00  0.00000000e+00 -4.25060045e+01 -3.40400438e+01  1.04542765e+01  9.55258988e+00 -3.29392461e+00  1.39380215e+01 -3.56260706e+00  9.66973126e+01 -2.31566904e+01 -7.15978641e+00 -1.26083521e+01]
     [ 8.28929060e+00 -4.61835587e+00  3.60321656e+00  4.05310904e+00  4.25060045e+01  0.00000000e+00  8.75493810e+00 -8.76549872e+00  1.20296255e+01  1.11911666e-02 -1.55427091e+01  5.47722632e+00 -2.31566904e+01  2.85617290e+01  1.62664841e+01  1.12912459e+00]
     [ 1.67906153e+01 -1.12701652e+01  3.92529252e+01 -1.86523661e+01  3.40400438e+01 -8.75493810e+00  0.00000000e+00 -6.38468913e+01  2.02822226e+01  2.95130645e+00  1.20528115e+01  1.55110653e+01 -7.15978641e+00  1.62664841e+01  1.39637144e+02 -3.27608723e+01]
     [ 1.38664312e+00  3.16330013e+00 -4.19506526e+00  1.52361178e+01 -1.04542765e+01  8.76549872e+00  6.38468913e+01  0.00000000e+00 -6.95842558e+00  1.54544470e+00 -2.98076991e+01  7.20052391e+00 -1.26083521e+01  1.12912459e+00 -3.27608723e+01  3.92684969e+01]]
    eigvals of hessian_by_M_M: [  0.84986868   0.84986868   1.44286723   1.44286723   2.13626934   2.13626934   3.10955683   3.10955683  59.29015872  59.29015872 100.82902416 100.82902416 209.34908176 209.34908176 235.63605386 235.63605386]
IWROR:
    iter_times, elapsed_time, sqdiff: 300, 0.4559640884399414, 2.688576886414031
    MSN: Tensor(
        [[ 0.79937093-0.11432062j  0.05309174-0.72648219j  0.71320095-0.23819409j  0.23253565-0.40603004j]
         [-1.01612947+0.62503413j -1.63488752+0.11045343j -2.04608938-1.29799679j -1.11181624+0.37422471j]
         [ 0.75537669+1.07441165j -0.01402279-0.1070166j  -0.33540219+0.48865694j  0.24085944+0.2829902j ]
         [-0.40939198-0.71244628j  0.58009212+1.59592984j -0.19207774+1.43840561j  0.24988506+0.52134678j]]
        labels=['kl', 'kr'],
        shape=(4, 4),
    )
    grad_by_M: [ 3.05727665e-14  1.15962795e-13  1.65173430e-13 -1.74860126e-14 -9.32587341e-14 -1.62966862e-13  3.77475828e-15 -8.72635297e-14 -1.32810429e-13  5.70897496e-14 -5.51780843e-14  1.08808795e-13  5.35113620e-13 -3.16968674e-14  1.38819511e-13 -1.59317004e-14]
    hessian_by_M_M: [[150.77325106 -24.89196632 -34.26150179  -0.59991778  11.77917001  10.81781263  20.24801335  -5.94473922   0.          57.6758918   26.84254106 -16.9167396  -16.21507711   8.16885758  15.98044375   1.56313097]
     [-24.89196632  28.26300733  15.81263743  -5.6810656   -3.90426075   0.45938184   2.76594164   1.14969894 -57.6758918    0.           7.06164183   3.44545136  -0.68151791  -3.70334648  -9.37210436   2.32730772]
     [-34.26150179  15.81263743 114.24242617 -21.4329794   12.80241651 -14.11505458  14.05512413 -28.7431025  -26.84254106  -7.06164183   0.          37.93536353   7.45313364   2.56751579  46.94123853  -3.02655318]
     [ -0.59991778  -5.6810656  -21.4329794   18.29803763  -1.41515117   3.93547154  16.44450898   5.75060331  16.9167396   -3.44545136 -37.93536353   0.          -5.87787419   3.50095237 -17.84803475  12.49291227]
     [ 11.77917001  -3.90426075  12.80241651  -1.41515117 105.67797364 -19.80185131  -5.49918568 -12.14880606  16.21507711   0.68151791  -7.45313364   5.87787419   0.          42.06551644  36.15507577  -8.02031635]
     [ 10.81781263   0.45938184 -14.11505458   3.93547154 -19.80185131  23.30381201  14.88147728   1.24446437  -8.16885758   3.70334648  -2.56751579  -3.50095237 -42.06551644   0.          -8.33343684   6.85547451]
     [ 20.24801335   2.76594164  14.05512413  16.44450898  -5.49918568  14.88147728 154.20545172 -28.56784316 -15.98044375   9.37210436 -46.94123853  17.84803475 -36.15507577   8.33343684   0.          62.09393148]
     [ -5.94473922   1.14969894 -28.7431025    5.75060331 -12.14880606   1.24446437 -28.56784316  31.85105489  -1.56313097  -2.32730772   3.02655318 -12.49291227   8.02031635  -6.85547451 -62.09393148   0.        ]
     [  0.         -57.6758918  -26.84254106  16.9167396   16.21507711  -8.16885758 -15.98044375  -1.56313097 150.77325106 -24.89196632 -34.26150179  -0.59991778  11.77917001  10.81781263  20.24801335  -5.94473922]
     [ 57.6758918    0.          -7.06164183  -3.44545136   0.68151791   3.70334648   9.37210436  -2.32730772 -24.89196632  28.26300733  15.81263743  -5.6810656   -3.90426075   0.45938184   2.76594164   1.14969894]
     [ 26.84254106   7.06164183   0.         -37.93536353  -7.45313364  -2.56751579 -46.94123853   3.02655318 -34.26150179  15.81263743 114.24242617 -21.4329794   12.80241651 -14.11505458  14.05512413 -28.7431025 ]
     [-16.9167396    3.44545136  37.93536353   0.           5.87787419  -3.50095237  17.84803475 -12.49291227  -0.59991778  -5.6810656  -21.4329794   18.29803763  -1.41515117   3.93547154  16.44450898   5.75060331]
     [-16.21507711  -0.68151791   7.45313364  -5.87787419   0.         -42.06551644 -36.15507577   8.02031635  11.77917001  -3.90426075  12.80241651  -1.41515117 105.67797364 -19.80185131  -5.49918568 -12.14880606]
     [  8.16885758  -3.70334648   2.56751579   3.50095237  42.06551644   0.           8.33343684  -6.85547451  10.81781263   0.45938184 -14.11505458   3.93547154 -19.80185131  23.30381201  14.88147728   1.24446437]
     [ 15.98044375  -9.37210436  46.94123853 -17.84803475  36.15507577  -8.33343684   0.         -62.09393148  20.24801335   2.76594164  14.05512413  16.44450898  -5.49918568  14.88147728 154.20545172 -28.56784316]
     [  1.56313097   2.32730772  -3.02655318  12.49291227  -8.02031635   6.85547451  62.09393148   0.          -5.94473922   1.14969894 -28.7431025    5.75060331 -12.14880606   1.24446437 -28.56784316  31.85105489]]
    eigvals of hessian_by_M_M: [  0.60804261   0.60804261   1.01060394   1.01060394   1.49069101   1.49069101   2.17371334   2.17371334  58.40786323  58.40786323 106.25460541 106.25460541 212.98390464 212.98390464 243.68559028 243.68559028]
WLBOR:
    iter_times, elapsed_time, sqdiff: 300, 1.4798798561096191, 2.688576886414028
    MSN: Tensor(
        [[ 0.79937093-0.11432062j  0.05309174-0.72648219j  0.71320095-0.23819409j  0.23253566-0.40603004j]
         [-1.01612947+0.62503412j -1.63488752+0.11045343j -2.04608937-1.29799679j -1.11181624+0.37422471j]
         [ 0.75537669+1.07441165j -0.01402279-0.1070166j  -0.33540219+0.48865694j  0.24085944+0.2829902j ]
         [-0.40939198-0.71244628j  0.58009212+1.59592984j -0.19207774+1.43840561j  0.24988506+0.52134678j]]
        labels=['kl', 'kr'],
        shape=(4, 4),
    )
    grad_by_M: [-6.30375311e-09 -8.33953157e-09 -5.70577672e-09  3.07344922e-09 -3.11051324e-10 -6.77392764e-09 -4.64607647e-09 -4.19467621e-09  4.90460064e-09 -1.32759604e-08  1.75550488e-09 -9.03593839e-10 -3.73194853e-09  1.09273835e-08 -2.03906490e-09 -3.64541453e-10]
    hessian_by_M_M: [[ 57.19751668   6.25059492  -4.86564272   0.15453295  18.32258064  17.13617625  13.0108432   -0.56682658   0.          23.75593427  11.51585611 -11.67043419   5.3127846    6.5402677    9.81046214   3.15416264]
     [  6.25059492  51.35224883  11.64961896  -8.98216663   6.98629999  -0.91486313   0.32409162  -0.76085247 -23.75593427   0.           3.86946136   4.74327593  -4.62631148  -6.3384972  -12.04812064   4.28321138]
     [ -4.86564272  11.64961896  54.77708958  -9.61321878  -4.76740887 -16.46182652  -4.63475981 -11.77595732 -11.51585611  -3.86946136   0.          15.14147121 -13.74319263   0.24808676  -6.80560622  -1.11251485]
     [  0.15453295  -8.98216663  -9.61321878  31.81911203  -7.95480936   9.25810632   5.06259047  13.82527364  11.67043419  -4.74327593 -15.14147121   0.           7.2491781    6.80325672   6.04988853  24.57603069]
     [ 18.32258064   6.98629999  -4.76740887  -7.95480936  47.57348853   5.65025194   1.99280958  -0.47200232  -5.3127846    4.62631148  13.74319263  -7.2491781    0.           4.45087567   4.62426418 -10.67600543]
     [ 17.13617625  -0.91486313 -16.46182652   9.25810632   5.65025194  47.94848579  13.04471699   5.26270053  -6.5402677    6.3384972   -0.24808676  -6.80325672  -4.45087567   0.           1.26504081  12.00715887]
     [ 13.0108432    0.32409162  -4.63475981   5.06259047   1.99280958  13.04471699  39.4055968    4.050427    -9.81046214  12.04812064   6.80560622  -6.04988853  -4.62426418  -1.26504081   0.          23.67166563]
     [ -0.56682658  -0.76085247 -11.77595732  13.82527364  -0.47200232   5.26270053   4.050427    59.70131397  -3.15416264  -4.28321138   1.11251485 -24.57603069  10.67600543 -12.00715887 -23.67166563   0.        ]
     [  0.         -23.75593427 -11.51585611  11.67043419  -5.3127846   -6.5402677   -9.81046214  -3.15416264  57.19751668   6.25059492  -4.86564272   0.15453295  18.32258064  17.13617625  13.0108432   -0.56682658]
     [ 23.75593427   0.          -3.86946136  -4.74327593   4.62631148   6.3384972   12.04812064  -4.28321138   6.25059492  51.35224883  11.64961896  -8.98216663   6.98629999  -0.91486313   0.32409162  -0.76085247]
     [ 11.51585611   3.86946136   0.         -15.14147121  13.74319263  -0.24808676   6.80560622   1.11251485  -4.86564272  11.64961896  54.77708958  -9.61321878  -4.76740887 -16.46182652  -4.63475981 -11.77595732]
     [-11.67043419   4.74327593  15.14147121   0.          -7.2491781   -6.80325672  -6.04988853 -24.57603069   0.15453295  -8.98216663  -9.61321878  31.81911203  -7.95480936   9.25810632   5.06259047  13.82527364]
     [  5.3127846   -4.62631148 -13.74319263   7.2491781    0.          -4.45087567  -4.62426418  10.67600543  18.32258064   6.98629999  -4.76740887  -7.95480936  47.57348853   5.65025194   1.99280958  -0.47200232]
     [  6.5402677   -6.3384972    0.24808676   6.80325672   4.45087567   0.          -1.26504081 -12.00715887  17.13617625  -0.91486313 -16.46182652   9.25810632   5.65025194  47.94848579  13.04471699   5.26270053]
     [  9.81046214 -12.04812064  -6.80560622   6.04988853   4.62426418   1.26504081   0.         -23.67166563  13.0108432    0.32409162  -4.63475981   5.06259047   1.99280958  13.04471699  39.4055968    4.050427  ]
     [  3.15416264   4.28321138  -1.11251485  24.57603069 -10.67600543  12.00715887  23.67166563   0.          -0.56682658  -0.76085247 -11.77595732  13.82527364  -0.47200232   5.26270053   4.050427    59.70131397]]
    eigvals of hessian_by_M_M: [  7.27016095   7.27016095  15.26988681  15.26988681  22.62241519  22.62241519  29.04014495  29.04014495  39.59598181  39.59598181  55.69752655  55.69752655  98.12025317  98.12025317 122.15848278 122.15848278]
WNAG:
    iter_times, elapsed_time, sqdiff: 300, 0.49173998832702637, 2.8361759802940334
    MSN: Tensor(
        [[ 0.30407857-0.33479578j  0.57090491-0.91521284j  0.49383858-0.46976293j -0.04352078-1.24765293j]
         [-0.20127026-0.37877545j -1.29240747+0.03949151j -0.86176697-0.35559571j -1.09204145+0.58715953j]
         [ 0.49568645+1.50256726j -1.01469523+0.08427765j  0.10626353-0.2309585j   0.11360092+1.43817646j]
         [-1.17761404-0.83289223j -0.18921713+0.89397724j -0.87596384+0.7371796j  -0.60282293+0.53638799j]]
        labels=['kl', 'kr'],
        shape=(4, 4),
    )
    grad_by_M: [ 0.39167943  0.15498054  0.40808499 -0.05180946  0.5487476  -0.06766879 -0.02225114  0.47214775  0.28547538  0.32210023 -0.05942579 -0.45561503  0.03143701 -0.33789657  0.09122006 -0.38179778]
    hessian_by_M_M: [[ 85.09419938  12.39568992 -21.76871958   5.44656955  37.14804608   9.15419576   6.9712021   16.91517142   0.         -19.48828127   1.05041341   6.15522421  20.52265156  -1.27462071  18.7729396  -13.59127526]
     [ 12.39568992  71.07226006   3.6734073  -10.01904928 -11.29223405  -2.25819052  -3.47973473   5.5615192   19.48828127   0.         -28.21364369  14.61521285  -3.71557498   4.29885225 -15.56232242  11.56415254]
     [-21.76871958   3.6734073   95.3379676  -12.83850189  -6.70222069  -8.39031978  11.64631144 -11.78432415  -1.05041341  28.21364369   0.         -59.75155236 -19.98768329  -7.41955636 -24.15497515 -11.76792505]
     [  5.44656955 -10.01904928 -12.83850189  89.44011005  -0.44561876   3.16432391  10.27315399  27.81765725  -6.15522421 -14.61521285  59.75155236   0.           9.598156    17.45005858  29.40780534  18.25011795]
     [ 37.14804608 -11.29223405  -6.70222069  -0.44561876  92.8899979   13.99123397  29.13376231   9.79332876 -20.52265156   3.71557498  19.98768329  -9.598156     0.         -25.77103898  13.32255268 -29.22347554]
     [  9.15419576  -2.25819052  -8.39031978   3.16432391  13.99123397  53.6855242   10.03489178  11.39782007   1.27462071  -4.29885225   7.41955636 -17.45005858  25.77103898   0.           0.82731266 -12.72486744]
     [  6.9712021   -3.47973473  11.64631144  10.27315399  29.13376231  10.03489178  87.26775818  10.48330406 -18.7729396   15.56232242  24.15497515 -29.40780534 -13.32255268  -0.82731266   0.         -47.56598199]
     [ 16.91517142   5.5615192  -11.78432415  27.81765725   9.79332876  11.39782007  10.48330406  96.19741128  13.59127526 -11.56415254  11.76792505 -18.25011795  29.22347554  12.72486744  47.56598199   0.        ]
     [  0.          19.48828127  -1.05041341  -6.15522421 -20.52265156   1.27462071 -18.7729396   13.59127526  85.09419938  12.39568992 -21.76871958   5.44656955  37.14804608   9.15419576   6.9712021   16.91517142]
     [-19.48828127   0.          28.21364369 -14.61521285   3.71557498  -4.29885225  15.56232242 -11.56415254  12.39568992  71.07226006   3.6734073  -10.01904928 -11.29223405  -2.25819052  -3.47973473   5.5615192 ]
     [  1.05041341 -28.21364369   0.          59.75155236  19.98768329   7.41955636  24.15497515  11.76792505 -21.76871958   3.6734073   95.3379676  -12.83850189  -6.70222069  -8.39031978  11.64631144 -11.78432415]
     [  6.15522421  14.61521285 -59.75155236   0.          -9.598156   -17.45005858 -29.40780534 -18.25011795   5.44656955 -10.01904928 -12.83850189  89.44011005  -0.44561876   3.16432391  10.27315399  27.81765725]
     [ 20.52265156  -3.71557498 -19.98768329   9.598156     0.          25.77103898 -13.32255268  29.22347554  37.14804608 -11.29223405  -6.70222069  -0.44561876  92.8899979   13.99123397  29.13376231   9.79332876]
     [ -1.27462071   4.29885225  -7.41955636  17.45005858 -25.77103898   0.          -0.82731266  12.72486744   9.15419576  -2.25819052  -8.39031978   3.16432391  13.99123397  53.6855242   10.03489178  11.39782007]
     [ 18.7729396  -15.56232242 -24.15497515  29.40780534  13.32255268   0.82731266   0.          47.56598199   6.9712021   -3.47973473  11.64631144  10.27315399  29.13376231  10.03489178  87.26775818  10.48330406]
     [-13.59127526  11.56415254 -11.76792505  18.25011795 -29.22347554 -12.72486744 -47.56598199   0.          16.91517142   5.5615192  -11.78432415  27.81765725   9.79332876  11.39782007  10.48330406  96.19741128]]
    eigvals of hessian_by_M_M: [ 13.08936332  13.08936332  27.05499436  27.05499436  31.75513916  31.75513916  51.48169919  51.48169919  75.9542681   75.9542681   86.04354021  86.04354021 150.73927597 150.73927597 234.86694834 234.86694834]
SNAG:
    iter_times, elapsed_time, sqdiff: 300, 0.4709920883178711, 2.6885768864140287
    MSN: Tensor(
        [[ 0.79937093-0.11432062j  0.05309174-0.72648219j  0.71320095-0.23819409j  0.23253565-0.40603004j]
         [-1.01612947+0.62503413j -1.63488752+0.11045343j -2.04608938-1.29799679j -1.11181624+0.37422471j]
         [ 0.75537669+1.07441165j -0.01402279-0.1070166j  -0.33540219+0.48865694j  0.24085944+0.2829902j ]
         [-0.40939198-0.71244628j  0.58009212+1.59592984j -0.19207774+1.43840561j  0.24988506+0.52134678j]]
        labels=['kl', 'kr'],
        shape=(4, 4),
    )
    grad_by_M: [-1.71043735e-15  2.71657696e-15  1.11716192e-15 -1.66533454e-16  1.58206781e-15 -1.14838694e-15 -7.29971639e-15 -1.13312680e-15  8.42381720e-15  2.57259491e-15  1.27120536e-14 -1.08246745e-15  3.52495810e-15 -3.94129174e-15  3.40005801e-15  2.08166817e-16]
    hessian_by_M_M: [[12.22918889  1.27935609 -2.87593861 -1.03904227  1.09657636  1.45432288  2.4674688  -0.32752899  0.          3.60422595  3.00921248 -1.33227329 -0.31067819 -1.28374224  2.32161808 -0.10235784]
     [ 1.27935609  2.84207381  0.67344022 -0.50418562  0.12289786 -0.26789915  1.01704112 -0.16098538 -3.60422595  0.          1.39594949  0.26224325  0.45116369 -0.3089606  -0.62295235  0.3332307 ]
     [-2.87593861  0.67344022 12.32000926 -0.23320303  1.47470678 -1.09777039  0.39661095 -1.98571174 -3.00921248 -1.39594949  0.          3.42013441 -1.60846449  2.24064553  1.02488387  1.9198334 ]
     [-1.03904227 -0.50418562 -0.23320303  1.94888094 -0.59015829  0.78380108  1.28204421  0.96930003  1.33227329 -0.26224325 -3.42013441  0.         -0.73624375  0.28191258 -0.10116249  1.35619043]
     [ 1.09657636  0.12289786  1.47470678 -0.59015829  8.94243881 -0.02859226 -0.95687948 -1.52386743  0.31067819 -0.45116369  1.60846449  0.73624375  0.          2.7050864   2.74644478 -0.25235286]
     [ 1.45432288 -0.26789915 -1.09777039  0.78380108 -0.02859226  2.96858116  1.29894421  0.37071024  1.28374224  0.3089606  -2.24064553 -0.28191258 -2.7050864   0.          0.62051232  0.69905909]
     [ 2.4674688   1.01704112  0.39661095  1.28204421 -0.95687948  1.29894421 10.66865542  1.44863344 -2.32161808  0.62295235 -1.02488387  0.10116249 -2.74644478 -0.62051232  0.          4.29754638]
     [-0.32752899 -0.16098538 -1.98571174  0.96930003 -1.52386743  0.37071024  1.44863344  3.36347978  0.10235784 -0.3332307  -1.9198334  -1.35619043  0.25235286 -0.69905909 -4.29754638  0.        ]
     [ 0.         -3.60422595 -3.00921248  1.33227329  0.31067819  1.28374224 -2.32161808  0.10235784 12.22918889  1.27935609 -2.87593861 -1.03904227  1.09657636  1.45432288  2.4674688  -0.32752899]
     [ 3.60422595  0.         -1.39594949 -0.26224325 -0.45116369  0.3089606   0.62295235 -0.3332307   1.27935609  2.84207381  0.67344022 -0.50418562  0.12289786 -0.26789915  1.01704112 -0.16098538]
     [ 3.00921248  1.39594949  0.         -3.42013441  1.60846449 -2.24064553 -1.02488387 -1.9198334  -2.87593861  0.67344022 12.32000926 -0.23320303  1.47470678 -1.09777039  0.39661095 -1.98571174]
     [-1.33227329  0.26224325  3.42013441  0.          0.73624375 -0.28191258  0.10116249 -1.35619043 -1.03904227 -0.50418562 -0.23320303  1.94888094 -0.59015829  0.78380108  1.28204421  0.96930003]
     [-0.31067819  0.45116369 -1.60846449 -0.73624375  0.         -2.7050864  -2.74644478  0.25235286  1.09657636  0.12289786  1.47470678 -0.59015829  8.94243881 -0.02859226 -0.95687948 -1.52386743]
     [-1.28374224 -0.3089606   2.24064553  0.28191258  2.7050864   0.         -0.62051232 -0.69905909  1.45432288 -0.26789915 -1.09777039  0.78380108 -0.02859226  2.96858116  1.29894421  0.37071024]
     [ 2.32161808 -0.62295235  1.02488387 -0.10116249  2.74644478  0.62051232  0.         -4.29754638  2.4674688   1.01704112  0.39661095  1.28204421 -0.95687948  1.29894421 10.66865542  1.44863344]
     [-0.10235784  0.3332307   1.9198334   1.35619043 -0.25235286  0.69905909  4.29754638  0.         -0.32752899 -0.16098538 -1.98571174  0.96930003 -1.52386743  0.37071024  1.44863344  3.36347978]]
    eigvals of hessian_by_M_M: [ 0.37491918  0.37491918  0.85402799  0.85402799  1.15314085  1.15314085  1.73147833  1.73147833  6.37640655  6.37640655  7.57522517  7.57522517 17.71305487 17.71305487 19.50505512 19.50505512]
SSpiral(8):
    iter_times, elapsed_time, sqdiff: 300, 0.9608242511749268, 2.6885768864140367
    MSN: Tensor(
        [[ 0.79937093-0.11432062j  0.05309174-0.72648219j  0.71320095-0.23819409j  0.23253565-0.40603004j]
         [-1.01612947+0.62503413j -1.63488752+0.11045343j -2.04608938-1.29799679j -1.11181624+0.37422471j]
         [ 0.75537669+1.07441165j -0.01402279-0.1070166j  -0.33540219+0.48865694j  0.24085944+0.2829902j ]
         [-0.40939198-0.71244628j  0.58009212+1.59592984j -0.19207774+1.43840561j  0.24988506+0.52134678j]]
        labels=['kl', 'kr'],
        shape=(4, 4),
    )
    grad_by_M: [ 2.21662966e-14 -6.48786580e-14  1.03736464e-14 -7.79376563e-14 -4.62685446e-14 -1.25705002e-13 -6.83064716e-14 -1.49165402e-13  8.86235529e-14  6.12565554e-14  7.73270337e-14  1.07011622e-13 -3.66373598e-15 -4.19109192e-14  5.87307980e-14 -1.57096558e-14]
    hessian_by_M_M: [[ 58.78774465  12.87557969  -2.93541639  -1.08340091  22.15219418  13.66445937  12.08887751  -1.66571453   0.          25.78920947   9.18741227  -9.80594566   4.13491899   6.11384512   6.84387024   3.53801853]
     [ 12.87557969  43.19250277   8.90554274  -7.8808682    4.35889867  -0.96252206  -0.93971124  -0.39299626 -25.78920947   0.           3.69021446   4.24076062  -6.38279808  -5.44295997  -9.59233942   3.71618883]
     [ -2.93541639   8.90554274  47.13291169  -3.73991389  -9.60287949 -12.18400954  -5.09892827  -8.67687726  -9.18741227  -3.69021446   0.          15.10743428  -9.38539619   0.78323648  -2.31487699   4.28276875]
     [ -1.08340091  -7.8808682   -3.73991389  27.2121127   -3.38700532   7.96592866   9.9700941   11.4772411    9.80594566  -4.24076062 -15.10743428   0.           8.06771699   5.65111325   9.01534069  20.57965098]
     [ 22.15219418   4.35889867  -9.60287949  -3.38700532  47.8006413   13.83999      4.35484042   0.75711608  -4.13491899   6.38279808   9.38539619  -8.06771699   0.           8.89488173   3.3657647   -6.0759519 ]
     [ 13.66445937  -0.96252206 -12.18400954   7.96592866  13.83999     39.8011867   13.27571707   3.99451046  -6.11384512   5.44295997  -0.78323648  -5.65111325  -8.89488173   0.           1.80033849  10.32481616]
     [ 12.08887751  -0.93971124  -5.09892827   9.9700941    4.35484042  13.27571707  42.73964357  13.1714397   -6.84387024   9.59233942   2.31487699  -9.01534069  -3.3657647   -1.80033849   0.          25.91191583]
     [ -1.66571453  -0.39299626  -8.67687726  11.4772411    0.75711608   3.99451046  13.1714397   50.18275486  -3.53801853  -3.71618883  -4.28276875 -20.57965098   6.0759519  -10.32481616 -25.91191583   0.        ]
     [  0.         -25.78920947  -9.18741227   9.80594566  -4.13491899  -6.11384512  -6.84387024  -3.53801853  58.78774465  12.87557969  -2.93541639  -1.08340091  22.15219418  13.66445937  12.08887751  -1.66571453]
     [ 25.78920947   0.          -3.69021446  -4.24076062   6.38279808   5.44295997   9.59233942  -3.71618883  12.87557969  43.19250277   8.90554274  -7.8808682    4.35889867  -0.96252206  -0.93971124  -0.39299626]
     [  9.18741227   3.69021446   0.         -15.10743428   9.38539619  -0.78323648   2.31487699  -4.28276875  -2.93541639   8.90554274  47.13291169  -3.73991389  -9.60287949 -12.18400954  -5.09892827  -8.67687726]
     [ -9.80594566   4.24076062  15.10743428   0.          -8.06771699  -5.65111325  -9.01534069 -20.57965098  -1.08340091  -7.8808682   -3.73991389  27.2121127   -3.38700532   7.96592866   9.9700941   11.4772411 ]
     [  4.13491899  -6.38279808  -9.38539619   8.06771699   0.          -8.89488173  -3.3657647    6.0759519   22.15219418   4.35889867  -9.60287949  -3.38700532  47.8006413   13.83999      4.35484042   0.75711608]
     [  6.11384512  -5.44295997   0.78323648   5.65111325   8.89488173   0.          -1.80033849 -10.32481616  13.66445937  -0.96252206 -12.18400954   7.96592866  13.83999     39.8011867   13.27571707   3.99451046]
     [  6.84387024  -9.59233942  -2.31487699   9.01534069   3.3657647    1.80033849   0.         -25.91191583  12.08887751  -0.93971124  -5.09892827   9.9700941    4.35484042  13.27571707  42.73964357  13.1714397 ]
     [  3.53801853   3.71618883   4.28276875  20.57965098  -6.0759519   10.32481616  25.91191583   0.          -1.66571453  -0.39299626  -8.67687726  11.4772411    0.75711608   3.99451046  13.1714397   50.18275486]]
