b=4, chi=2, seed=593, 
NOR:
    iter_times, elapsed_time, sqdiff: 1, 0.0028018951416015625, 12.595879374726216
    MSN: Tensor(
        [[-0.79891912+1.04352096j -0.25108094+0.16651478j -0.67889233+0.46383386j  0.70061266-1.3305032j ]
         [ 0.5386472 -0.56491951j  0.34843774+0.28510998j -0.84154662+0.37425536j  0.30283441-0.26025272j]
         [-0.25485869+1.4974238j  -0.67783101-0.20935467j  1.36602675-0.84239178j -0.81463661+0.35986833j]
         [-1.1009753 -0.03240248j -0.30468684-0.52943975j  0.85897441-0.41891463j  0.08682658+0.57492758j]]
        labels=['kl', 'kr'],
        shape=(4, 4),
    )
    grad_by_reM_reM: Tensor(
        [ 0.89292263-1.11022302e-16j -2.81999319-9.99200722e-16j  5.18982948+4.44089210e-16j  2.06305623-1.11022302e-15j  2.11842473-3.33066907e-16j  0.8823889 +8.88178420e-16j  2.18440832+1.11022302e-16j -2.42262514-4.44089210e-16j]
        labels=[('kl', 'IGYjZVol')],
        shape=(8,),
    )
    grad_by_imM_imM: Tensor(
        [ 0.04401095-2.22044605e-16j -0.98929804-6.66133815e-16j -1.17168529-1.77635684e-15j -1.46706861-2.22044605e-16j  0.06838051+0.00000000e+00j -3.67013835+4.99600361e-16j -1.6213447 +6.66133815e-16j  3.30968087+6.66133815e-16j]
        labels=[('kl', 'IGYjZVol')],
        shape=(8,),
    )
    hessian_by_M_M: [[ 56.17032607  -4.92677952  -5.05722961   8.0493082    1.98110213   6.22417778  12.70443523   6.54126124   0.          -4.68352511   4.81533169  -9.26507153   5.72501084  -6.65850297  -9.68854411   1.34850438]
     [ -4.92677952  43.14212364   6.59916933  -8.54271354  -7.77186295   5.88410201  -2.72172821  -3.94939723   4.68352511   0.          -7.71403972  -9.33333764   3.25838669  17.20048481   1.49811995   8.43143291]
     [ -5.05722961   6.59916933  37.87202677   4.26611438 -10.04747747 -11.55666669  -5.64643746  -6.94309868  -4.81533169   7.71403972   0.          -8.91451663  -6.84299325  12.31926608  -2.69341674   2.78115134]
     [  8.0493082   -8.54271354   4.26611438  46.99510757 -12.39850506  -6.4604053   11.75274514  -6.22231695   9.26507153   9.33333764   8.91451663   0.          -3.4388975   -7.73059843  11.64936463  17.85387602]
     [  1.98110213  -7.77186295 -10.04747747 -12.39850506  42.74437084   2.68148435 -16.20535721   3.73999391  -5.72501084  -3.25838669   6.84299325   3.4388975    0.         -19.97674982  -9.32631263  -1.76059772]
     [  6.22417778   5.88410201 -11.55666669  -6.4604053    2.68148435  47.6391927    1.1562369   -6.43557436   6.65850297 -17.20048481 -12.31926608   7.73059843  19.97674982   0.          12.43301662   1.6844755 ]
     [ 12.70443523  -2.72172821  -5.64643746  11.75274514 -16.20535721   1.1562369   64.0879008   11.23556798   9.68854411  -1.49811995   2.69341674 -11.64936463   9.32631263 -12.43301662   0.           5.66903245]
     [  6.54126124  -3.94939723  -6.94309868  -6.22231695   3.73999391  -6.43557436  11.23556798  43.71336021  -1.34850438  -8.43143291  -2.78115134 -17.85387602   1.76059772  -1.6844755   -5.66903245   0.        ]
     [  0.           4.68352511  -4.81533169   9.26507153  -5.72501084   6.65850297   9.68854411  -1.34850438  56.17032607  -4.92677952  -5.05722961   8.0493082    1.98110213   6.22417778  12.70443523   6.54126124]
     [ -4.68352511   0.           7.71403972   9.33333764  -3.25838669 -17.20048481  -1.49811995  -8.43143291  -4.92677952  43.14212364   6.59916933  -8.54271354  -7.77186295   5.88410201  -2.72172821  -3.94939723]
     [  4.81533169  -7.71403972   0.           8.91451663   6.84299325 -12.31926608   2.69341674  -2.78115134  -5.05722961   6.59916933  37.87202677   4.26611438 -10.04747747 -11.55666669  -5.64643746  -6.94309868]
     [ -9.26507153  -9.33333764  -8.91451663   0.           3.4388975    7.73059843 -11.64936463 -17.85387602   8.0493082   -8.54271354   4.26611438  46.99510757 -12.39850506  -6.4604053   11.75274514  -6.22231695]
     [  5.72501084   3.25838669  -6.84299325  -3.4388975    0.          19.97674982   9.32631263   1.76059772   1.98110213  -7.77186295 -10.04747747 -12.39850506  42.74437084   2.68148435 -16.20535721   3.73999391]
     [ -6.65850297  17.20048481  12.31926608  -7.73059843 -19.97674982   0.         -12.43301662  -1.6844755    6.22417778   5.88410201 -11.55666669  -6.4604053    2.68148435  47.6391927    1.1562369   -6.43557436]
     [ -9.68854411   1.49811995  -2.69341674  11.64936463  -9.32631263  12.43301662   0.          -5.66903245  12.70443523  -2.72172821  -5.64643746  11.75274514 -16.20535721   1.1562369   64.0879008   11.23556798]
     [  1.34850438   8.43143291   2.78115134  17.85387602  -1.76059772   1.6844755    5.66903245   0.           6.54126124  -3.94939723  -6.94309868  -6.22231695   3.73999391  -6.43557436  11.23556798  43.71336021]]
    eigvals of hessian_by_M_M: [  9.86264402   9.86264402  14.19848173  14.19848173  24.78993535  24.78993535  35.11302937  35.11302937  45.52743034  45.52743034  54.29955603  54.29955603  94.06493898  94.06493898 104.50839279 104.50839279]
WCOR:
    iter_times, elapsed_time, sqdiff: 1, 0.003948211669921875, 13.01873500599114
    MSN: Tensor(
        [[-0.80833229+1.10843193j -0.09050291+0.16201737j -0.85252543+0.17718507j  0.60684524-1.27409074j]
         [ 0.43593887-0.27275523j  0.32029483+0.24507592j -0.76497408+0.0980015j   0.26510367-0.26867951j]
         [-0.33159791+1.26621654j -0.79324238-0.09873438j  1.26491084-0.67089081j -0.50252169+0.44401423j]
         [-1.12083424-0.17417261j -0.44067361-0.42942994j  0.9561335 -0.4008368j   0.20060445+0.64542861j]]
        labels=['kl', 'kr'],
        shape=(4, 4),
    )
    grad_by_reM_reM: Tensor(
        [ 0.59020593+5.55111512e-17j -5.24198161+1.33226763e-15j  6.87531229+1.33226763e-15j  2.63134302-4.44089210e-16j  7.15087697+1.77635684e-15j  2.61938009+0.00000000e+00j -0.58436509-1.11022302e-15j -4.78468309-1.33226763e-15j]
        labels=[('kl', 'IGYjZVol')],
        shape=(8,),
    )
    grad_by_imM_imM: Tensor(
        [-0.69721924-2.22044605e-16j -1.12199029+8.88178420e-16j -0.65555685-8.88178420e-16j -2.33523989-1.55431223e-15j -2.00803473+1.33226763e-15j -7.32208132+4.44089210e-16j -2.03774708-6.66133815e-16j  3.24424844+2.22044605e-15j]
        labels=[('kl', 'IGYjZVol')],
        shape=(8,),
    )
    hessian_by_M_M: [[ 45.16896151  -1.85802617  -1.4852143    5.44524535   3.31589187   7.19198382  10.08365985   4.32853544   0.         -11.97221969   2.09669281  -7.37782587   5.53304466  -5.27975011  -6.6609473    0.63930195]
     [ -1.85802617  29.64720313   5.87155138  -5.8207324   -7.91919482   3.99334467  -1.66988816  -1.23506774  11.97221969   0.          -7.31100218  -6.53831769   3.70906453  12.34436299   1.72918258   5.27283671]
     [ -1.4852143    5.87155138  34.34112405   7.21597634 -10.14560646  -8.99170517  -1.43936443  -3.52772365  -2.09669281   7.31100218   0.         -15.53664835  -5.33584662   8.68330157  -3.80501895   2.8726085 ]
     [  5.44524535  -5.8207324    7.21597634  35.1977735   -6.63630757  -4.82168887   8.92093075  -3.27964165   7.37782587   6.53831769  15.53664835   0.          -3.7243149   -5.33699216   8.42848073   9.9282829 ]
     [  3.31589187  -7.91919482 -10.14560646  -6.63630757  38.54465213   3.19057324 -12.35789074  -0.19998555  -5.53304466  -3.70906453   5.33584662   3.7243149    0.         -22.90148981  -6.02366022   2.95976442]
     [  7.19198382   3.99334467  -8.99170517  -4.82168887   3.19057324  36.11345938   0.53466691  -5.60279029   5.27975011 -12.34436299  -8.68330157   5.33699216  22.90148981   0.           6.00798871   0.40369587]
     [ 10.08365985  -1.66988816  -1.43936443   8.92093075 -12.35789074   0.53466691  51.19252239   8.79526046   6.6609473   -1.72918258   3.80501895  -8.42848073   6.02366022  -6.00798871   0.          -6.07221489]
     [  4.32853544  -1.23506774  -3.52772365  -3.27964165  -0.19998555  -5.60279029   8.79526046  25.72550014  -0.63930195  -5.27283671  -2.8726085   -9.9282829   -2.95976442  -0.40369587   6.07221489   0.        ]
     [  0.          11.97221969  -2.09669281   7.37782587  -5.53304466   5.27975011   6.6609473   -0.63930195  45.16896151  -1.85802617  -1.4852143    5.44524535   3.31589187   7.19198382  10.08365985   4.32853544]
     [-11.97221969   0.           7.31100218   6.53831769  -3.70906453 -12.34436299  -1.72918258  -5.27283671  -1.85802617  29.64720313   5.87155138  -5.8207324   -7.91919482   3.99334467  -1.66988816  -1.23506774]
     [  2.09669281  -7.31100218   0.          15.53664835   5.33584662  -8.68330157   3.80501895  -2.8726085   -1.4852143    5.87155138  34.34112405   7.21597634 -10.14560646  -8.99170517  -1.43936443  -3.52772365]
     [ -7.37782587  -6.53831769 -15.53664835   0.           3.7243149    5.33699216  -8.42848073  -9.9282829    5.44524535  -5.8207324    7.21597634  35.1977735   -6.63630757  -4.82168887   8.92093075  -3.27964165]
     [  5.53304466   3.70906453  -5.33584662  -3.7243149    0.          22.90148981   6.02366022  -2.95976442   3.31589187  -7.91919482 -10.14560646  -6.63630757  38.54465213   3.19057324 -12.35789074  -0.19998555]
     [ -5.27975011  12.34436299   8.68330157  -5.33699216 -22.90148981   0.          -6.00798871  -0.40369587   7.19198382   3.99334467  -8.99170517  -4.82168887   3.19057324  36.11345938   0.53466691  -5.60279029]
     [ -6.6609473    1.72918258  -3.80501895   8.42848073  -6.02366022   6.00798871   0.           6.07221489  10.08365985  -1.66988816  -1.43936443   8.92093075 -12.35789074   0.53466691  51.19252239   8.79526046]
     [  0.63930195   5.27283671   2.8726085    9.9282829    2.95976442   0.40369587  -6.07221489   0.           4.32853544  -1.23506774  -3.52772365  -3.27964165  -0.19998555  -5.60279029   8.79526046  25.72550014]]
    eigvals of hessian_by_M_M: [ 6.53823362  6.53823362  7.31879351  7.31879351 18.33098389 18.33098389 21.37376206 21.37376206 35.79053091 35.79053091 47.27905997 47.27905997 74.26937317 74.26937317 85.03045908 85.03045908]
WROR:
    iter_times, elapsed_time, sqdiff: 1, 0.007015228271484375, 16.662829135245982
    MSN: Tensor(
        [[-8.13105114e-01+1.15555885j -3.04473989e-04+0.12097336j -9.53031268e-01-0.12562533j  5.31756609e-01-1.1412027j ]
         [ 3.27865460e-01-0.09934732j  3.12291549e-01+0.21532476j -6.48090169e-01-0.06690411j  2.05830838e-01-0.28301433j]
         [-3.68869245e-01+1.00662794j -8.29211407e-01+0.00191112j  1.10286220e+00-0.46912777j -2.16762744e-01+0.45017971j]
         [-1.08383205e+00-0.3217347j  -4.94540928e-01-0.33400429j  9.96201618e-01-0.3569573j   2.83482145e-01+0.67854885j]]
        labels=['kl', 'kr'],
        shape=(4, 4),
    )
    grad_by_reM_reM: Tensor(
        [ 0.41568482-7.77156117e-16j -6.95331619+1.44328993e-15j  6.73854004+1.99840144e-15j  3.33960659+1.99840144e-15j 11.97437013+2.22044605e-16j  2.77675827+8.88178420e-16j -1.43481585+2.22044605e-16j -6.47061699+0.00000000e+00j]
        labels=[('kl', 'IGYjZVol')],
        shape=(8,),
    )
    grad_by_imM_imM: Tensor(
        [ -1.27431121+1.55431223e-15j  -0.61987184+1.77635684e-15j  -1.23104478+2.22044605e-15j  -3.42249502-2.22044605e-16j  -3.88797901-1.77635684e-15j -11.33896999+1.11022302e-15j  -2.73114342+1.11022302e-15j   2.98574627+4.44089210e-16j]
        labels=[('kl', 'IGYjZVol')],
        shape=(8,),
    )
    hessian_by_M_M: [[ 38.43445322  -0.47262912   0.09512488   3.48800973   3.95283183   7.48019993   8.04861174   2.81884684   0.         -15.2872584    0.50893605  -5.52312453   5.80003807  -4.55198684  -4.55565564  -0.34872491]
     [ -0.47262912  23.0890687    5.96650772  -4.21688447  -7.59460984   3.12271402  -1.13242604   0.51065716  15.2872584    0.          -6.41177893  -5.15103584   3.59250659   9.48332714   2.0690459    3.05105967]
     [  0.09512488   5.96650772  32.72586362   7.96916516  -9.53021884  -6.41991517   0.58368982  -1.82929368  -0.50893605   6.41177893   0.         -18.46573592  -4.54308762   6.62084622  -4.03573782   1.95687134]
     [  3.48800973  -4.21688447   7.96916516  28.29973138  -2.97977676  -4.03388502   6.7214421   -2.03822435   5.52312453   5.15103584  18.46573592   0.          -4.01251608  -3.76876923   5.89159271   5.65005009]
     [  3.95283183  -7.59460984  -9.53021884  -2.97977676  36.05071621   2.92474177 -10.22449868  -2.63340021  -5.80003807  -3.59250659   4.54308762   4.01251608   0.         -24.02272621  -4.16092819   5.02570706]
     [  7.48019993   3.12271402  -6.41991517  -4.03388502   2.92474177  30.01785809   0.63400668  -5.01834909   4.55198684  -9.48332714  -6.62084622   3.76876923  24.02272621   0.           2.13838405  -1.22782462]
     [  8.04861174  -1.13242604   0.58368982   6.7214421  -10.22449868   0.63400668  42.83419532   6.46119075   4.55565564  -2.0690459    4.03573782  -5.89159271   4.16092819  -2.13838405   0.         -11.65573888]
     [  2.81884684   0.51065716  -1.82929368  -2.03822435  -2.63340021  -5.01834909   6.46119075  18.31075796   0.34872491  -3.05105967  -1.95687134  -5.65005009  -5.02570706   1.22782462  11.65573888   0.        ]
     [  0.          15.2872584   -0.50893605   5.52312453  -5.80003807   4.55198684   4.55565564   0.34872491  38.43445322  -0.47262912   0.09512488   3.48800973   3.95283183   7.48019993   8.04861174   2.81884684]
     [-15.2872584    0.           6.41177893   5.15103584  -3.59250659  -9.48332714  -2.0690459   -3.05105967  -0.47262912  23.0890687    5.96650772  -4.21688447  -7.59460984   3.12271402  -1.13242604   0.51065716]
     [  0.50893605  -6.41177893   0.          18.46573592   4.54308762  -6.62084622   4.03573782  -1.95687134   0.09512488   5.96650772  32.72586362   7.96916516  -9.53021884  -6.41991517   0.58368982  -1.82929368]
     [ -5.52312453  -5.15103584 -18.46573592   0.           4.01251608   3.76876923  -5.89159271  -5.65005009   3.48800973  -4.21688447   7.96916516  28.29973138  -2.97977676  -4.03388502   6.7214421   -2.03822435]
     [  5.80003807   3.59250659  -4.54308762  -4.01251608   0.          24.02272621   4.16092819  -5.02570706   3.95283183  -7.59460984  -9.53021884  -2.97977676  36.05071621   2.92474177 -10.22449868  -2.63340021]
     [ -4.55198684   9.48332714   6.62084622  -3.76876923 -24.02272621   0.          -2.13838405   1.22782462   7.48019993   3.12271402  -6.41991517  -4.03388502   2.92474177  30.01785809   0.63400668  -5.01834909]
     [ -4.55565564   2.0690459   -4.03573782   5.89159271  -4.16092819   2.13838405   0.          11.65573888   8.04861174  -1.13242604   0.58368982   6.7214421  -10.22449868   0.63400668  42.83419532   6.46119075]
     [ -0.34872491   3.05105967   1.95687134   5.65005009   5.02570706  -1.22782462 -11.65573888   0.           2.81884684   0.51065716  -1.82929368  -2.03822435  -2.63340021  -5.01834909   6.46119075  18.31075796]]
    eigvals of hessian_by_M_M: [ 3.66073134  3.66073134  5.09783676  5.09783676 10.73359239 10.73359239 14.8534101  14.8534101  29.99487833 29.99487833 44.50074914 44.50074914 61.39607636 61.39607636 79.52537009 79.52537009]
IWROR:
    iter_times, elapsed_time, sqdiff: 1, 0.0038700103759765625, 15.71183492488771
    MSN: Tensor(
        [[-0.81284427+1.14118589j -0.016516  +0.11809454j -0.94245055-0.08137845j  0.53467972-1.16397553j]
         [ 0.33705549-0.11604988j  0.30562188+0.22072636j -0.66186638-0.05471477j  0.21722499-0.27835529j]
         [-0.36900334+1.04692312j -0.82698739-0.01319459j  1.12653641-0.50363485j -0.24909813+0.45053958j]
         [-1.09070269-0.29829212j -0.48292729-0.34978262j  0.9933983 -0.36803568j  0.27956124+0.67268044j]]
        labels=['kl', 'kr'],
        shape=(4, 4),
    )
    grad_by_reM_reM: Tensor(
        [ 0.33731732+0.00000000e+00j -6.72922898+1.11022302e-16j  6.48504534+0.00000000e+00j  3.11377299+0.00000000e+00j 11.14325168-2.22044605e-16j  2.79503372+0.00000000e+00j -1.3716429 -4.44089210e-16j -6.08899984+4.44089210e-16j]
        labels=[('kl', 'IGYjZVol')],
        shape=(8,),
    )
    grad_by_imM_imM: Tensor(
        [ -1.29506892+3.33066907e-16j  -0.6987089 -4.44089210e-16j  -0.98865415+1.77635684e-15j  -3.04033047-4.44089210e-16j  -3.6324391 -1.77635684e-15j -10.51353972+0.00000000e+00j  -2.56358097+1.11022302e-15j   2.84987594+0.00000000e+00j]
        labels=[('kl', 'IGYjZVol')],
        shape=(8,),
    )
    hessian_by_M_M: [[ 38.82418678  -0.77233609  -0.05600248   3.62943191   3.7970985    7.37622171   8.25146107   2.93312464   0.         -14.80197425   0.63587397  -5.70939208   5.74593838  -4.53522011  -4.74965454  -0.20836475]
     [ -0.77233609  23.3716205    5.91933942  -4.32766846  -7.55549392   3.18073867  -1.22100438   0.3289662   14.80197425   0.          -6.46685741  -5.21066965   3.58896935   9.63210765   2.07510255   3.26915122]
     [ -0.05600248   5.91933942  32.54184236   7.67662549  -9.61386656  -6.6250695    0.29493206  -1.98406464  -0.63587397   6.46685741   0.         -17.90973314  -4.52992399   6.83053399  -3.98629494   2.11843675]
     [  3.62943191  -4.32766846   7.67662549  28.43830607  -3.35488553  -4.02650892   6.86011561  -2.17363972   5.70939208   5.21066965  17.90973314   0.          -3.93584273  -3.88651931   6.05531269   5.96644578]
     [  3.7970985   -7.55549392  -9.61386656  -3.35488553  36.02845633   2.82619925 -10.2774953   -2.29497698  -5.74593838  -3.58896935   4.52992399   3.93584273   0.         -23.67944351  -4.33858444   4.72170603]
     [  7.37622171   3.18073867  -6.6250695   -4.02650892   2.82619925  30.1712465    0.66699865  -4.93732741   4.53522011  -9.63210765  -6.83053399   3.88651931  23.67944351   0.           2.63013833  -1.03415768]
     [  8.25146107  -1.22100438   0.29493206   6.86011561 -10.2774953    0.66699865  43.3964465    6.50480246   4.74965454  -2.07510255   3.98629494  -6.05531269   4.33858444  -2.63013833   0.         -10.9326368 ]
     [  2.93312464   0.3289662   -1.98406464  -2.17363972  -2.29497698  -4.93732741   6.50480246  18.58507416   0.20836475  -3.26915122  -2.11843675  -5.96644578  -4.72170603   1.03415768  10.9326368    0.        ]
     [  0.          14.80197425  -0.63587397   5.70939208  -5.74593838   4.53522011   4.74965454   0.20836475  38.82418678  -0.77233609  -0.05600248   3.62943191   3.7970985    7.37622171   8.25146107   2.93312464]
     [-14.80197425   0.           6.46685741   5.21066965  -3.58896935  -9.63210765  -2.07510255  -3.26915122  -0.77233609  23.3716205    5.91933942  -4.32766846  -7.55549392   3.18073867  -1.22100438   0.3289662 ]
     [  0.63587397  -6.46685741   0.          17.90973314   4.52992399  -6.83053399   3.98629494  -2.11843675  -0.05600248   5.91933942  32.54184236   7.67662549  -9.61386656  -6.6250695    0.29493206  -1.98406464]
     [ -5.70939208  -5.21066965 -17.90973314   0.           3.93584273   3.88651931  -6.05531269  -5.96644578   3.62943191  -4.32766846   7.67662549  28.43830607  -3.35488553  -4.02650892   6.86011561  -2.17363972]
     [  5.74593838   3.58896935  -4.52992399  -3.93584273   0.          23.67944351   4.33858444  -4.72170603   3.7970985   -7.55549392  -9.61386656  -3.35488553  36.02845633   2.82619925 -10.2774953   -2.29497698]
     [ -4.53522011   9.63210765   6.83053399  -3.88651931 -23.67944351   0.          -2.63013833   1.03415768   7.37622171   3.18073867  -6.6250695   -4.02650892   2.82619925  30.1712465    0.66699865  -4.93732741]
     [ -4.74965454   2.07510255  -3.98629494   6.05531269  -4.33858444   2.63013833   0.          10.9326368    8.25146107  -1.22100438   0.29493206   6.86011561 -10.2774953    0.66699865  43.3964465    6.50480246]
     [ -0.20836475   3.26915122   2.11843675   5.96644578   4.72170603  -1.03415768 -10.9326368    0.           2.93312464   0.3289662   -1.98406464  -2.17363972  -2.29497698  -4.93732741   6.50480246  18.58507416]]
    eigvals of hessian_by_M_M: [ 3.92843763  3.92843763  5.21406003  5.21406003 11.38598222 11.38598222 15.39612748 15.39612748 30.25779035 30.25779035 44.10962349 44.10962349 61.93779083 61.93779083 79.12736716 79.12736716]
WLBOR:
    iter_times, elapsed_time, sqdiff: 1, 0.00904393196105957, 12.511798111237663
    MSN: Tensor(
        [[-0.79914645+1.05228129j -0.21948159+0.18412033j -0.70316026+0.50534856j  0.70004419-1.3728873j ]
         [ 0.54106793-0.54404005j  0.34514324+0.29100817j -0.86182705+0.34743198j  0.32427229-0.26219234j]
         [-0.27395142+1.52499701j -0.70573113-0.21764927j  1.41531562-0.86848917j -0.82904125+0.39042184j]
         [-1.13091457-0.02394163j -0.33350866-0.5304683j   0.87611545-0.43425428j  0.09315175+0.58955064j]]
        labels=['kl', 'kr'],
        shape=(4, 4),
    )
    grad_by_reM_reM: Tensor(
        [ 0.66962548-9.99200722e-16j -1.73147942-1.11022302e-15j  6.17985278+8.88178420e-16j  2.67462758+5.55111512e-16j  1.41703452-1.99840144e-15j  0.39642802-2.22044605e-16j  1.36196497-1.44328993e-15j -3.30232829+0.00000000e+00j]
        labels=[('kl', 'IGYjZVol')],
        shape=(8,),
    )
    grad_by_imM_imM: Tensor(
        [-0.17215423-1.38777878e-15j -1.77415005+4.44089210e-16j -0.98713932-1.77635684e-15j -1.06256257+1.11022302e-15j  0.07088467+0.00000000e+00j -3.37377892+1.22124533e-15j -1.27018905+8.88178420e-16j  4.31837082-6.66133815e-16j]
        labels=[('kl', 'IGYjZVol')],
        shape=(8,),
    )
    hessian_by_M_M: [[ 56.25793467  -4.67012617  -4.95856158   8.19033989   2.18295359   6.33219405  12.69525944   6.61581057   0.          -4.91828866   4.79403904  -9.30346901   5.71564983  -6.81064707  -9.68309855   1.36278936]
     [ -4.67012617  43.40638643   6.49508472  -8.63700248  -7.93278623   5.8305383   -2.60823525  -4.02021524   4.91828866   0.          -7.81196209  -9.29786216   3.27158704  17.38942898   1.33781575   8.43945099]
     [ -4.95856158   6.49508472  38.02392001   4.57670865 -10.02498233 -11.75865965  -5.38693248  -6.89379931  -4.79403904   7.81196209   0.          -9.30522721  -6.94630267  12.23114579  -2.81584053   2.76705687]
     [  8.19033989  -8.63700248   4.57670865  47.72374443 -12.36975303  -6.58615715  11.97607131  -6.15538808   9.30346901   9.29786216   9.30522721   0.          -3.45662676  -7.82085284  11.83569609  18.00629718]
     [  2.18295359  -7.93278623 -10.02498233 -12.36975303  42.90946335   2.832679   -16.34133793   3.63280275  -5.71564983  -3.27158704   6.94630267   3.45662676   0.         -20.22788238  -9.29079031  -1.5375788 ]
     [  6.33219405   5.8305383  -11.75865965  -6.58615715   2.832679    48.03665359   1.02274046  -6.6507998    6.81064707 -17.38942898 -12.23114579   7.82085284  20.22788238   0.          12.2509404    1.82711171]
     [ 12.69525944  -2.60823525  -5.38693248  11.97607131 -16.34133793   1.02274046  64.10129882  11.45098169   9.68309855  -1.33781575   2.81584053 -11.83569609   9.29079031 -12.2509404    0.           5.36587975]
     [  6.61581057  -4.02021524  -6.89379931  -6.15538808   3.63280275  -6.6507998   11.45098169  44.007911    -1.36278936  -8.43945099  -2.76705687 -18.00629718   1.5375788   -1.82711171  -5.36587975   0.        ]
     [  0.           4.91828866  -4.79403904   9.30346901  -5.71564983   6.81064707   9.68309855  -1.36278936  56.25793467  -4.67012617  -4.95856158   8.19033989   2.18295359   6.33219405  12.69525944   6.61581057]
     [ -4.91828866   0.           7.81196209   9.29786216  -3.27158704 -17.38942898  -1.33781575  -8.43945099  -4.67012617  43.40638643   6.49508472  -8.63700248  -7.93278623   5.8305383   -2.60823525  -4.02021524]
     [  4.79403904  -7.81196209   0.           9.30522721   6.94630267 -12.23114579   2.81584053  -2.76705687  -4.95856158   6.49508472  38.02392001   4.57670865 -10.02498233 -11.75865965  -5.38693248  -6.89379931]
     [ -9.30346901  -9.29786216  -9.30522721   0.           3.45662676   7.82085284 -11.83569609 -18.00629718   8.19033989  -8.63700248   4.57670865  47.72374443 -12.36975303  -6.58615715  11.97607131  -6.15538808]
     [  5.71564983   3.27158704  -6.94630267  -3.45662676   0.          20.22788238   9.29079031   1.5375788    2.18295359  -7.93278623 -10.02498233 -12.36975303  42.90946335   2.832679   -16.34133793   3.63280275]
     [ -6.81064707  17.38942898  12.23114579  -7.82085284 -20.22788238   0.         -12.2509404   -1.82711171   6.33219405   5.8305383  -11.75865965  -6.58615715   2.832679    48.03665359   1.02274046  -6.6507998 ]
     [ -9.68309855   1.33781575  -2.81584053  11.83569609  -9.29079031  12.2509404    0.          -5.36587975  12.69525944  -2.60823525  -5.38693248  11.97607131 -16.34133793   1.02274046  64.10129882  11.45098169]
     [  1.36278936   8.43945099   2.76705687  18.00629718  -1.5375788    1.82711171   5.36587975   0.           6.61581057  -4.02021524  -6.89379931  -6.15538808   3.63280275  -6.6507998   11.45098169  44.007911  ]]
    eigvals of hessian_by_M_M: [  9.94805413   9.94805413  14.12241307  14.12241307  25.0050641   25.0050641   35.25295434  35.25295434  45.55909563  45.55909563  54.83969805  54.83969805  95.09907125  95.09907125 104.64096172 104.64096172]
WNAG:
    iter_times, elapsed_time, sqdiff: 1, 0.006654977798461914, 27.527663818766477
    MSN: Tensor(
        [[-0.81762345+1.21435664j  0.09484676+0.04844541j -1.05796832-0.55780472j  0.43655711-0.91347209j]
         [ 0.17216371+0.07790624j  0.31412558+0.1775426j  -0.46292106-0.23982865j  0.11522116-0.30711098j]
         [-0.39854916+0.62876256j -0.83866713+0.13764313j  0.84483728-0.17025133j  0.16743381+0.42053189j]
         [-1.00363088-0.53152702j -0.53056629-0.20075435j  1.02331096-0.28333232j  0.38077154+0.705655j  ]]
        labels=['kl', 'kr'],
        shape=(4, 4),
    )
    grad_by_reM_reM: Tensor(
        [ -0.48439935+2.22044605e-16j  -7.24680782-2.22044605e-16j   6.44409327+2.44249065e-15j   4.94555928-8.88178420e-16j  18.51551253+8.88178420e-16j   0.4588913 +1.77635684e-15j  -2.22223149+8.88178420e-16j -10.28812861-4.44089210e-16j]
        labels=[('kl', 'IGYjZVol')],
        shape=(8,),
    )
    grad_by_imM_imM: Tensor(
        [ -2.96139614-2.22044605e-16j  -0.38702956+4.44089210e-16j  -2.63413543-3.10862447e-15j  -4.70809395-8.88178420e-16j  -6.6517451 +1.77635684e-15j -17.07892087-2.22044605e-16j  -3.69017267-1.33226763e-15j   3.83369364+0.00000000e+00j]
        labels=[('kl', 'IGYjZVol')],
        shape=(8,),
    )
    hessian_by_M_M: [[ 32.25403021   0.58287495   0.9111765    1.28525487   4.47975176   7.50343421   5.66717285   1.16195353   0.         -17.59090067  -0.92880962  -2.89408802   6.49374515  -4.09217098  -2.29450647  -2.05678803]
     [  0.58287495  18.54699937   6.56772768  -2.80077051  -7.00235807   2.56506828  -0.62997501   2.37571132  17.59090067   0.          -4.87251995  -4.26944782   3.0086887    6.9668317    2.51628442   0.64287964]
     [  0.9111765    6.56772768  31.94131803   7.7556046   -8.24552854  -2.83887965   2.00786735  -0.59297151   0.92880962   4.87251995   0.         -20.40299714  -4.01484617   4.85825454  -3.75023077   0.15897625]
     [  1.28525487  -2.80077051   7.7556046   22.25260447   0.75858106  -3.83005377   4.145377    -1.29690781   2.89408802   4.26944782  20.40299714   0.          -4.63479397  -2.06324929   2.89015148   2.1909777 ]
     [  4.47975176  -7.00235807  -8.24552854   0.75858106  34.05098574   1.99012931  -8.51425122  -5.32078316  -6.49374515  -3.0086887    4.01484617   4.63479397   0.         -24.78562797  -2.59758575   6.21711285]
     [  7.50343421   2.56506828  -2.83887965  -3.83005377   1.99012931  25.52268378   1.11809153  -4.30951725   4.09217098  -6.9668317   -4.85825454   2.06324929  24.78562797   0.          -1.65717283  -3.66583318]
     [  5.66717285  -0.62997501   2.00786735   4.145377    -8.51425122   1.11809153  34.47292096   3.72629648   2.29450647  -2.51628442   3.75023077  -2.89015148   2.59758575   1.65717283   0.         -15.9007123 ]
     [  1.16195353   2.37571132  -0.59297151  -1.29690781  -5.32078316  -4.30951725   3.72629648  14.94059634   2.05678803  -0.64287964  -0.15897625  -2.1909777   -6.21711285   3.66583318  15.9007123    0.        ]
     [  0.          17.59090067   0.92880962   2.89408802  -6.49374515   4.09217098   2.29450647   2.05678803  32.25403021   0.58287495   0.9111765    1.28525487   4.47975176   7.50343421   5.66717285   1.16195353]
     [-17.59090067   0.           4.87251995   4.26944782  -3.0086887   -6.9668317   -2.51628442  -0.64287964   0.58287495  18.54699937   6.56772768  -2.80077051  -7.00235807   2.56506828  -0.62997501   2.37571132]
     [ -0.92880962  -4.87251995   0.          20.40299714   4.01484617  -4.85825454   3.75023077  -0.15897625   0.9111765    6.56772768  31.94131803   7.7556046   -8.24552854  -2.83887965   2.00786735  -0.59297151]
     [ -2.89408802  -4.26944782 -20.40299714   0.           4.63479397   2.06324929  -2.89015148  -2.1909777    1.28525487  -2.80077051   7.7556046   22.25260447   0.75858106  -3.83005377   4.145377    -1.29690781]
     [  6.49374515   3.0086887   -4.01484617  -4.63479397   0.          24.78562797   2.59758575  -6.21711285   4.47975176  -7.00235807  -8.24552854   0.75858106  34.05098574   1.99012931  -8.51425122  -5.32078316]
     [ -4.09217098   6.9668317    4.85825454  -2.06324929 -24.78562797   0.           1.65717283   3.66583318   7.50343421   2.56506828  -2.83887965  -3.83005377   1.99012931  25.52268378   1.11809153  -4.30951725]
     [ -2.29450647   2.51628442  -3.75023077   2.89015148  -2.59758575  -1.65717283   0.          15.9007123    5.66717285  -0.62997501   2.00786735   4.145377    -8.51425122   1.11809153  34.47292096   3.72629648]
     [ -2.05678803   0.64287964   0.15897625   2.1909777    6.21711285  -3.66583318 -15.9007123    0.           1.16195353   2.37571132  -0.59297151  -1.29690781  -5.32078316  -4.30951725   3.72629648  14.94059634]]
    eigvals of hessian_by_M_M: [ 1.45772782  1.45772782  3.25642517  3.25642517  4.70016221  4.70016221  8.36727088  8.36727088 25.66204417 25.66204417 42.19413781 42.19413781 52.30807659 52.30807659 76.03629424 76.03629424]
SNAG:
    iter_times, elapsed_time, sqdiff: 1, 0.007498979568481445, 11.327740632959188
    MSN: Tensor(
        [[-0.81805231+0.99371823j -0.13720456+0.0631092j  -0.89811667+0.2882748j   0.51261015-1.38089593j]
         [ 0.37066213-0.1903683j   0.21000526+0.26825737j -0.7601948 -0.04229328j  0.33649895-0.23297381j]
         [-0.41326063+1.38904784j -0.83916018-0.14076623j  1.34113113-0.81445302j -0.45459925+0.47718486j]
         [-1.17041835-0.10446213j -0.39067073-0.48312008j  0.99833105-0.49052356j  0.29829805+0.63012923j]]
        labels=['kl', 'kr'],
        shape=(4, 4),
    )
    grad_by_reM_reM: Tensor(
        [-1.1745794 -2.22044605e-16j -2.56959019-1.33226763e-15j  4.87077129-2.22044605e-16j  1.79743617-1.38777878e-16j  3.64865663+8.88178420e-16j  1.80607621+2.22044605e-16j -3.26792648-7.77156117e-16j -4.17270072+0.00000000e+00j]
        labels=[('kl', 'IGYjZVol')],
        shape=(8,),
    )
    grad_by_imM_imM: Tensor(
        [-2.15397215-8.88178420e-16j -2.00642099-4.44089210e-16j  1.33743073-8.88178420e-16j  0.32568068+1.11022302e-16j -1.95142009-8.88178420e-16j -3.29399513+2.22044605e-16j -0.21432492+0.00000000e+00j  2.62672005-8.88178420e-16j]
        labels=[('kl', 'IGYjZVol')],
        shape=(8,),
    )
    hessian_by_M_M: [[ 39.91863845  -3.40315008  -1.25301492   3.99230327   2.27320569   6.20770383   9.1919976    3.32986652   0.         -10.79317568   1.39820426  -6.48480077   5.38610519  -3.96781482  -5.67016242   0.60002304]
     [ -3.40315008  24.11753133   5.75390499  -4.62841256  -6.61951841   3.58196549  -2.0720088   -0.64274023  10.79317568   0.          -6.2595409   -5.39612375   3.34404901   9.73873377   2.48119263   4.38813799]
     [ -1.25301492   5.75390499  30.39286992   4.67348264  -9.82846408  -6.98726127  -2.20409519  -3.0161765   -1.39820426   6.2595409    0.         -13.06082704  -4.05060508   8.0923725   -3.27288277   2.96004235]
     [  3.99230327  -4.62841256   4.67348264  26.82135831  -5.50478757  -3.48837002   6.87745561  -3.23716903   6.48480077   5.39612375  13.06082704   0.          -3.26535889  -4.29332834   6.2779254    7.38862951]
     [  2.27320569  -6.61951841  -9.82846408  -5.50478757  34.74603643   1.595189    -9.89511818   0.17644959  -5.38610519  -3.34404901   4.05060508   3.26535889   0.         -20.31155567  -5.40128719   2.05242731]
     [  6.20770383   3.58196549  -6.98726127  -3.48837002   1.595189    29.372802     1.26094636  -3.78436685   3.96781482  -9.73873377  -8.0923725    4.29332834  20.31155567   0.           6.03924268  -0.24514613]
     [  9.1919976   -2.0720088   -2.20409519   6.87745561  -9.89511818   1.26094636  45.47805092   5.68386895   5.67016242  -2.48119263   3.27288277  -6.2779254    5.40128719  -6.03924268   0.          -5.25953451]
     [  3.32986652  -0.64274023  -3.0161765   -3.23716903   0.17644959  -3.78436685   5.68386895  19.55723257  -0.60002304  -4.38813799  -2.96004235  -7.38862951  -2.05242731   0.24514613   5.25953451   0.        ]
     [  0.          10.79317568  -1.39820426   6.48480077  -5.38610519   3.96781482   5.67016242  -0.60002304  39.91863845  -3.40315008  -1.25301492   3.99230327   2.27320569   6.20770383   9.1919976    3.32986652]
     [-10.79317568   0.           6.2595409    5.39612375  -3.34404901  -9.73873377  -2.48119263  -4.38813799  -3.40315008  24.11753133   5.75390499  -4.62841256  -6.61951841   3.58196549  -2.0720088   -0.64274023]
     [  1.39820426  -6.2595409    0.          13.06082704   4.05060508  -8.0923725    3.27288277  -2.96004235  -1.25301492   5.75390499  30.39286992   4.67348264  -9.82846408  -6.98726127  -2.20409519  -3.0161765 ]
     [ -6.48480077  -5.39612375 -13.06082704   0.           3.26535889   4.29332834  -6.2779254   -7.38862951   3.99230327  -4.62841256   4.67348264  26.82135831  -5.50478757  -3.48837002   6.87745561  -3.23716903]
     [  5.38610519   3.34404901  -4.05060508  -3.26535889   0.          20.31155567   5.40128719  -2.05242731   2.27320569  -6.61951841  -9.82846408  -5.50478757  34.74603643   1.595189    -9.89511818   0.17644959]
     [ -3.96781482   9.73873377   8.0923725   -4.29332834 -20.31155567   0.          -6.03924268   0.24514613   6.20770383   3.58196549  -6.98726127  -3.48837002   1.595189    29.372802     1.26094636  -3.78436685]
     [ -5.67016242   2.48119263  -3.27288277   6.2779254   -5.40128719   6.03924268   0.           5.25953451   9.1919976   -2.0720088   -2.20409519   6.87745561  -9.89511818   1.26094636  45.47805092   5.68386895]
     [  0.60002304   4.38813799   2.96004235   7.38862951   2.05242731  -0.24514613  -5.25953451   0.           3.32986652  -0.64274023  -3.0161765   -3.23716903   0.17644959  -3.78436685   5.68386895  19.55723257]]
    eigvals of hessian_by_M_M: [ 5.18796097  5.18796097  6.02465677  6.02465677 14.5013323  14.5013323  18.0462644  18.0462644  31.26112578 31.26112578 39.08872974 39.08872974 62.6306655  62.6306655  73.66378447 73.66378447]
SSpiral(8):
    iter_times, elapsed_time, sqdiff: 1, 0.00899195671081543, 10.439690076268587
    MSN: Tensor(
        [[-0.8352473 +1.01973419j -0.05898893+0.21394726j -0.77618377+0.2168967j   0.69387904-1.49975964j]
         [ 0.32318977-0.61509004j  0.32706241+0.17646028j -0.72215585+0.2909206j   0.35613399-0.21684717j]
         [-0.35766115+1.43571416j -0.73991661-0.22993978j  1.394871  -0.86756269j -0.72650626+0.58114236j]
         [-1.1677625 +0.0218538j  -0.3890969 -0.43185601j  0.9506198 -0.36241384j  0.183979  +0.5408558j ]]
        labels=['kl', 'kr'],
        shape=(4, 4),
    )
    grad_by_reM_reM: Tensor(
        [-0.55422092-1.33226763e-15j -2.59296513+9.99200722e-16j  5.17526976+4.44089210e-16j  3.2571289 +4.44089210e-16j  1.98372039-1.77635684e-15j  0.03583859+8.88178420e-16j -0.22237103-6.10622664e-16j -0.7685321 +8.88178420e-16j]
        labels=[('kl', 'IGYjZVol')],
        shape=(8,),
    )
    grad_by_imM_imM: Tensor(
        [-0.15588939+5.55111512e-17j -0.06213354+4.44089210e-16j -2.18578947+0.00000000e+00j -2.24816169+0.00000000e+00j -2.01349846-4.44089210e-16j -3.84616215+1.11022302e-16j  0.89842813-5.55111512e-16j  4.55044662+0.00000000e+00j]
        labels=[('kl', 'IGYjZVol')],
        shape=(8,),
    )
    hessian_by_M_M: [[ 49.57226854  -3.51962335  -3.10360259   7.37523772   2.82320797   6.53120966  11.33939271   6.57005259   0.          -6.33186657   3.00847006 -10.65054274   5.4955642   -6.32219289  -8.46203143   1.23842309]
     [ -3.51962335  42.37991195   6.64301217  -6.79106591  -7.4023113    5.86792517  -1.02400142  -4.05712365   6.33186657   0.          -7.50355179  -8.93240061   3.37447665  15.84201124   1.51828478   8.05756143]
     [ -3.10360259   6.64301217  35.11756354   6.18477075  -8.12058969 -12.1678127   -3.46906825  -6.79276531  -3.00847006   7.50355179   0.         -12.19315831  -6.1886563    9.79112787  -4.02849777   2.21791142]
     [  7.37523772  -6.79106591   6.18477075  49.69335203 -11.25863615  -4.40277839  13.10986062  -6.2338793   10.65054274   8.93240061  12.19315831   0.          -1.8023598   -9.02369485  11.1795543   16.54815525]
     [  2.82320797  -7.4023113   -8.12058969 -11.25863615  38.64988428   3.81413191 -15.7108616    2.20716449  -5.4955642   -3.37447665   6.1886563    1.8023598    0.         -19.92198172  -8.91248321   1.47761165]
     [  6.53120966   5.86792517 -12.1678127   -4.40277839   3.81413191  47.25394995   0.86527857  -8.92703017   6.32219289 -15.84201124  -9.79112787   9.02369485  19.92198172   0.           9.42959707   2.6119385 ]
     [ 11.33939271  -1.02400142  -3.46906825  13.10986062 -15.7108616    0.86527857  57.62103113  10.6533992    8.46203143  -1.51828478   4.02849777 -11.1795543    8.91248321  -9.42959707   0.           3.25630665]
     [  6.57005259  -4.05712365  -6.79276531  -6.2338793    2.20716449  -8.92703017  10.6533992   39.08462247  -1.23842309  -8.05756143  -2.21791142 -16.54815525  -1.47761165  -2.6119385   -3.25630665   0.        ]
     [  0.           6.33186657  -3.00847006  10.65054274  -5.4955642    6.32219289   8.46203143  -1.23842309  49.57226854  -3.51962335  -3.10360259   7.37523772   2.82320797   6.53120966  11.33939271   6.57005259]
     [ -6.33186657   0.           7.50355179   8.93240061  -3.37447665 -15.84201124  -1.51828478  -8.05756143  -3.51962335  42.37991195   6.64301217  -6.79106591  -7.4023113    5.86792517  -1.02400142  -4.05712365]
     [  3.00847006  -7.50355179   0.          12.19315831   6.1886563   -9.79112787   4.02849777  -2.21791142  -3.10360259   6.64301217  35.11756354   6.18477075  -8.12058969 -12.1678127   -3.46906825  -6.79276531]
     [-10.65054274  -8.93240061 -12.19315831   0.           1.8023598    9.02369485 -11.1795543  -16.54815525   7.37523772  -6.79106591   6.18477075  49.69335203 -11.25863615  -4.40277839  13.10986062  -6.2338793 ]
     [  5.4955642    3.37447665  -6.1886563   -1.8023598    0.          19.92198172   8.91248321  -1.47761165   2.82320797  -7.4023113   -8.12058969 -11.25863615  38.64988428   3.81413191 -15.7108616    2.20716449]
     [ -6.32219289  15.84201124   9.79112787  -9.02369485 -19.92198172   0.          -9.42959707  -2.6119385    6.53120966   5.86792517 -12.1678127   -4.40277839   3.81413191  47.25394995   0.86527857  -8.92703017]
     [ -8.46203143   1.51828478  -4.02849777  11.1795543   -8.91248321   9.42959707   0.          -3.25630665  11.33939271  -1.02400142  -3.46906825  13.10986062 -15.7108616    0.86527857  57.62103113  10.6533992 ]
     [  1.23842309   8.05756143   2.21791142  16.54815525   1.47761165   2.6119385    3.25630665   0.           6.57005259  -4.05712365  -6.79276531  -6.2338793    2.20716449  -8.92703017  10.6533992   39.08462247]]
    eigvals of hessian_by_M_M: [ 8.44664806  8.44664806 12.51948135 12.51948135 23.15436854 23.15436854 32.48785822 32.48785822 40.51367305 40.51367305 54.57539491 54.57539491 91.1449045  91.1449045  96.53025525 96.53025525]
SSpiral(11):
    iter_times, elapsed_time, sqdiff: 1, 0.005524873733520508, 10.439690076268587
    MSN: Tensor(
        [[-0.8352473 +1.01973419j -0.05898893+0.21394726j -0.77618377+0.2168967j   0.69387904-1.49975964j]
         [ 0.32318977-0.61509004j  0.32706241+0.17646028j -0.72215585+0.2909206j   0.35613399-0.21684717j]
         [-0.35766115+1.43571416j -0.73991661-0.22993978j  1.394871  -0.86756269j -0.72650626+0.58114236j]
