b=4, chi=2, seed=498, 
NOR:
    iter_times, elapsed_time, sqdiff: 300, 0.3918793201446533, 2.527240046709572
    MSN: Tensor(
        [[-1.54275767+0.31469796j  0.12023154-0.51036615j  0.75005868+0.27534641j -1.67973768-0.69989355j]
         [-0.43654842+0.58932041j -0.56249394-0.13811751j -0.11206083+0.55423936j -0.1963917 -0.59035251j]
         [ 1.18286501+0.28229535j -0.3439232 +1.20386536j  0.63377592+0.80123345j -0.38179736-0.57310556j]
         [-0.07574278+0.56548579j -0.59604905-0.26020895j -0.57636301+0.16071882j  0.54116866+0.02201516j]]
        labels=['kl', 'kr'],
        shape=(4, 4),
    )
    grad_by_M: [ 1.98729921e-14 -5.10702591e-15  1.37667655e-14 -1.29896094e-14  7.38298311e-15 -8.01442246e-15 -8.77076189e-15  1.86517468e-14  1.72084569e-15  1.28751176e-14 -4.32986980e-15 -1.85094995e-15  1.48769885e-14  1.52655666e-14  2.44249065e-15  8.65973959e-15]
    hessian_by_M_M: [[ 67.01356809 -12.78621959  11.13931049 -11.36528418  -1.46091664 -10.3470836   -7.71287723 -15.13624882   0.         -12.13782233  -2.75561911   8.07581666  21.24774632   9.529416    18.20993953   1.78602359]
     [-12.78621959  68.35577295 -13.72648594  -6.50451977  16.01484156  16.27346127   1.72328012   8.16786941  12.13782233   0.           7.07716848 -27.40421992 -11.23948308   8.2402607  -13.40678214  13.46601023]
     [ 11.13931049 -13.72648594  64.16718123   5.26021763  -3.91540865 -11.72374499   0.09897054   3.53752783   2.75561911  -7.07716848   0.           3.57908883  -4.38428281  -3.75050791  -6.73193582   1.2124533 ]
     [-11.36528418  -6.50451977   5.26021763  91.87494596  18.03644095 -12.98828804  21.00130599  -3.31927954  -8.07581666  27.40421992  -3.57908883   0.          -1.09191544   5.98534177 -12.22661261   4.89203819]
     [ -1.46091664  16.01484156  -3.91540865  18.03644095  83.00442395  -5.26833739  11.64592666  10.21501109 -21.24774632  11.23948308   4.38428281   1.09191544   0.          17.96841474   4.39786268  20.52982144]
     [-10.3470836   16.27346127 -11.72374499 -12.98828804  -5.26833739  97.7656511   13.16954816  -5.01558374  -9.529416    -8.2402607    3.75050791  -5.98534177 -17.96841474   0.           2.73155892 -11.77216764]
     [ -7.71287723   1.72328012   0.09897054  21.00130599  11.64592666  13.16954816  44.22018605  -0.72027771 -18.20993953  13.40678214   6.73193582  12.22661261  -4.39786268  -2.73155892   0.          -5.40183102]
     [-15.13624882   8.16786941   3.53752783  -3.31927954  10.21501109  -5.01558374  -0.72027771  95.98985084  -1.78602359 -13.46601023  -1.2124533   -4.89203819 -20.52982144  11.77216764   5.40183102   0.        ]
     [  0.          12.13782233   2.75561911  -8.07581666 -21.24774632  -9.529416   -18.20993953  -1.78602359  67.01356809 -12.78621959  11.13931049 -11.36528418  -1.46091664 -10.3470836   -7.71287723 -15.13624882]
     [-12.13782233   0.          -7.07716848  27.40421992  11.23948308  -8.2402607   13.40678214 -13.46601023 -12.78621959  68.35577295 -13.72648594  -6.50451977  16.01484156  16.27346127   1.72328012   8.16786941]
     [ -2.75561911   7.07716848   0.          -3.57908883   4.38428281   3.75050791   6.73193582  -1.2124533   11.13931049 -13.72648594  64.16718123   5.26021763  -3.91540865 -11.72374499   0.09897054   3.53752783]
     [  8.07581666 -27.40421992   3.57908883   0.           1.09191544  -5.98534177  12.22661261  -4.89203819 -11.36528418  -6.50451977   5.26021763  91.87494596  18.03644095 -12.98828804  21.00130599  -3.31927954]
     [ 21.24774632 -11.23948308  -4.38428281  -1.09191544   0.         -17.96841474  -4.39786268 -20.52982144  -1.46091664  16.01484156  -3.91540865  18.03644095  83.00442395  -5.26833739  11.64592666  10.21501109]
     [  9.529416     8.2402607   -3.75050791   5.98534177  17.96841474   0.          -2.73155892  11.77216764 -10.3470836   16.27346127 -11.72374499 -12.98828804  -5.26833739  97.7656511   13.16954816  -5.01558374]
     [ 18.20993953 -13.40678214  -6.73193582 -12.22661261   4.39786268   2.73155892   0.           5.40183102  -7.71287723   1.72328012   0.09897054  21.00130599  11.64592666  13.16954816  44.22018605  -0.72027771]
     [  1.78602359  13.46601023   1.2124533    4.89203819  20.52982144 -11.77216764  -5.40183102   0.         -15.13624882   8.16786941   3.53752783  -3.31927954  10.21501109  -5.01558374  -0.72027771  95.98985084]]
    hessian: [[ 67.01356809+3.55271368e-15j -12.78621959+1.77635684e-15j  11.13931049+4.44089210e-16j ... -24.06787886-3.55271368e-15j   9.20999006+1.11022302e-15j  25.57042469-3.55271368e-15j]
     [-12.78621959+1.77635684e-15j  68.35577295+1.77635684e-15j -13.72648594+0.00000000e+00j ...  20.51302488+3.55271368e-15j   4.24556487-8.88178420e-16j -25.31904579+0.00000000e+00j]
     [ 11.13931049+4.44089210e-16j -13.72648594+0.00000000e+00j  64.16718123-8.88178420e-16j ...  -4.95944421-4.44089210e-16j   1.52521889+0.00000000e+00j  17.47535493-1.77635684e-15j]
     ...
     [-24.06787886-3.55271368e-15j  20.51302488+3.55271368e-15j  -4.95944421-4.44089210e-16j ...  42.82952027+0.00000000e+00j  -7.87162993-4.44089210e-16j -11.06252027+0.00000000e+00j]
     [  9.20999006+1.11022302e-15j   4.24556487-8.88178420e-16j   1.52521889+0.00000000e+00j ...  -7.87162993-4.44089210e-16j  30.77684382-1.77635684e-15j   4.74372447-8.88178420e-16j]
     [ 25.57042469-3.55271368e-15j -25.31904579+0.00000000e+00j  17.47535493-1.77635684e-15j ... -11.06252027+0.00000000e+00j   4.74372447-8.88178420e-16j  39.58957275+0.00000000e+00j]]
    eigvals of hessian_by_M_M: [ 18.42371524  18.42371524  34.72096529  34.72096529  45.38005065  45.38005065  53.47214215  53.47214215  74.34993383  74.34993383 109.0845634  109.0845634  116.45091991 116.45091991 160.50928971 160.50928971]
WCOR:
    iter_times, elapsed_time, sqdiff: 300, 0.6699042320251465, 2.527240046709571
    MSN: Tensor(
        [[-1.54275767+0.31469796j  0.12023154-0.51036615j  0.75005868+0.27534641j -1.67973768-0.69989355j]
         [-0.43654842+0.58932041j -0.56249394-0.13811751j -0.11206083+0.55423936j -0.1963917 -0.59035251j]
         [ 1.18286501+0.28229535j -0.3439232 +1.20386536j  0.63377592+0.80123345j -0.38179736-0.57310556j]
         [-0.07574278+0.56548579j -0.59604905-0.26020895j -0.57636301+0.16071882j  0.54116866+0.02201516j]]
        labels=['kl', 'kr'],
        shape=(4, 4),
    )
    grad_by_M: [-1.14630527e-14  1.35169653e-14 -1.40998324e-14 -1.92068583e-14  8.04911693e-16  5.34294831e-15 -1.11022302e-15  7.21644966e-15 -1.19348975e-15  3.36432271e-14  2.74780199e-15  4.29586922e-14  6.21724894e-15  3.05311332e-15  1.99840144e-15  3.03090886e-14]
    hessian_by_M_M: [[ 56.31494191  -9.98877854   9.71509302  -8.38826215  -0.11908786 -11.76794512  -5.64859912 -17.1742605    0.          -3.47593693  -2.67811303   8.60288807  19.58850301  11.90250563  16.57380147   3.36451835]
     [ -9.98877854  75.57281898 -15.0182601   -8.74246815  17.89293744  20.36659499   3.73349152   9.56485848   3.47593693   0.           6.2213015  -30.67601656 -10.34332365  11.28976692 -12.33289563  16.02799363]
     [  9.71509302 -15.0182601   55.3963206    8.15164758  -3.57300023 -12.05054925   0.62116457   3.59588426   2.67811303  -6.2213015    0.          12.7444735   -2.09474005  -4.47737986  -4.71763812   0.58583983]
     [ -8.38826215  -8.74246815   8.15164758 106.70520879  17.88454379 -14.71280554  21.16078298  -1.46496289  -8.60288807  30.67601656 -12.7444735    0.           0.45778309   8.58211901 -11.43166672   6.11597841]
     [ -0.11908786  17.89293744  -3.57300023  17.88454379  73.18382233  -0.64480428  10.71325947  11.96055147 -19.58850301  10.34332365   2.09474005  -0.45778309   0.          28.84675481   3.70939012  20.54387084]
     [-11.76794512  20.36659499 -12.05054925 -14.71280554  -0.64480428 114.34121732  13.06697426  -3.09321863 -11.90250563 -11.28976692   4.47737986  -8.58211901 -28.84675481   0.           3.0518992  -11.90245064]
     [ -5.64859912   3.73349152   0.62116457  21.16078298  10.71325947  13.06697426  37.50562928   0.82578192 -16.57380147  12.33289563   4.71763812  11.43166672  -3.70939012  -3.0518992    0.           3.17554235]
     [-17.1742605    9.56485848   3.59588426  -1.46496289  11.96055147  -3.09321863   0.82578192 109.35553909  -3.36451835 -16.02799363  -0.58583983  -6.11597841 -20.54387084  11.90245064  -3.17554235   0.        ]
     [  0.           3.47593693   2.67811303  -8.60288807 -19.58850301 -11.90250563 -16.57380147  -3.36451835  56.31494191  -9.98877854   9.71509302  -8.38826215  -0.11908786 -11.76794512  -5.64859912 -17.1742605 ]
     [ -3.47593693   0.          -6.2213015   30.67601656  10.34332365 -11.28976692  12.33289563 -16.02799363  -9.98877854  75.57281898 -15.0182601   -8.74246815  17.89293744  20.36659499   3.73349152   9.56485848]
     [ -2.67811303   6.2213015    0.         -12.7444735    2.09474005   4.47737986   4.71763812  -0.58583983   9.71509302 -15.0182601   55.3963206    8.15164758  -3.57300023 -12.05054925   0.62116457   3.59588426]
     [  8.60288807 -30.67601656  12.7444735    0.          -0.45778309  -8.58211901  11.43166672  -6.11597841  -8.38826215  -8.74246815   8.15164758 106.70520879  17.88454379 -14.71280554  21.16078298  -1.46496289]
     [ 19.58850301 -10.34332365  -2.09474005   0.45778309   0.         -28.84675481  -3.70939012 -20.54387084  -0.11908786  17.89293744  -3.57300023  17.88454379  73.18382233  -0.64480428  10.71325947  11.96055147]
     [ 11.90250563  11.28976692  -4.47737986   8.58211901  28.84675481   0.          -3.0518992   11.90245064 -11.76794512  20.36659499 -12.05054925 -14.71280554  -0.64480428 114.34121732  13.06697426  -3.09321863]
     [ 16.57380147 -12.33289563  -4.71763812 -11.43166672   3.70939012   3.0518992    0.          -3.17554235  -5.64859912   3.73349152   0.62116457  21.16078298  10.71325947  13.06697426  37.50562928   0.82578192]
     [  3.36451835  16.02799363   0.58583983   6.11597841  20.54387084 -11.90245064   3.17554235   0.         -17.1742605    9.56485848   3.59588426  -1.46496289  11.96055147  -3.09321863   0.82578192 109.35553909]]
    hessian: [[ 56.31494191-1.77635684e-15j  -9.98877854-3.55271368e-15j   9.71509302+2.22044605e-16j ... -18.81920645-1.77635684e-15j   6.40762617+2.22044605e-15j  21.72950434+0.00000000e+00j]
     [ -9.98877854-3.55271368e-15j  75.57281898+0.00000000e+00j -15.0182601 +1.33226763e-15j ...  21.16082044+1.77635684e-15j   7.60065539+0.00000000e+00j -25.81841476-8.88178420e-16j]
     [  9.71509302+2.22044605e-16j -15.0182601 +1.33226763e-15j  55.3963206 -8.88178420e-16j ...  -4.34115892+0.00000000e+00j  -0.1472759 -1.22124533e-15j  15.47895203+4.44089210e-16j]
     ...
     [-18.81920645-1.77635684e-15j  21.16082044+1.77635684e-15j  -4.34115892+0.00000000e+00j ...  38.3062471 +1.77635684e-15j  -8.03199573+0.00000000e+00j  -9.83095023+0.00000000e+00j]
     [  6.40762617+2.22044605e-15j   7.60065539+0.00000000e+00j  -0.1472759 -1.22124533e-15j ...  -8.03199573+0.00000000e+00j  35.93484117-1.77635684e-15j   2.88916686+2.22044605e-16j]
     [ 21.72950434+0.00000000e+00j -25.81841476-8.88178420e-16j  15.47895203+4.44089210e-16j ...  -9.83095023+0.00000000e+00j   2.88916686+2.22044605e-16j  34.93006576+0.00000000e+00j]]
    eigvals of hessian_by_M_M: [ 17.44034956  17.44034956  33.66459676  33.66459676  42.42098265  42.42098265  48.52228835  48.52228835  66.51987013  66.51987013 119.68197244 119.68197244 121.40817244 121.40817244 178.71726598 178.71726598]
WROR:
    iter_times, elapsed_time, sqdiff: 300, 0.6495780944824219, 2.527240046709572
    MSN: Tensor(
        [[-1.54275767+0.31469796j  0.12023154-0.51036615j  0.75005868+0.27534641j -1.67973768-0.69989355j]
         [-0.43654842+0.58932041j -0.56249394-0.13811751j -0.11206083+0.55423936j -0.1963917 -0.59035251j]
         [ 1.18286501+0.28229535j -0.3439232 +1.20386536j  0.63377592+0.80123345j -0.38179736-0.57310556j]
         [-0.07574278+0.56548579j -0.59604905-0.26020895j -0.57636301+0.16071882j  0.54116866+0.02201516j]]
        labels=['kl', 'kr'],
        shape=(4, 4),
    )
    grad_by_M: [ 3.32234240e-14 -1.40942813e-13 -1.82631688e-14  6.51145804e-14 -2.95041769e-14  3.28738772e-14 -4.50750548e-14 -1.97619698e-14  2.24958940e-14  5.37486722e-14 -3.73867604e-14 -4.19803081e-14 -3.16691118e-14  7.22755189e-14  3.37507799e-14 -7.12763182e-14]
    hessian_by_M_M: [[ 3.86511604e+01 -1.02466301e+01  7.10662613e+00 -2.91146827e+00  1.98866243e+00 -1.41936546e+01 -2.06407836e+00 -1.91655517e+01  0.00000000e+00  1.18467343e+01 -3.03583914e+00  8.54828721e+00  1.59067956e+01  1.33666807e+01  1.33677175e+01  4.00672977e+00]
     [-1.02466301e+01  8.98650268e+01 -1.71865850e+01 -9.96411531e+00  1.93974069e+01  2.73070419e+01  7.32354071e+00  1.34299990e+01 -1.18467343e+01  0.00000000e+00  5.60687821e+00 -3.74446711e+01 -1.13802680e+01  1.78253123e+01 -1.18013625e+01  2.21985314e+01]
     [ 7.10662613e+00 -1.71865850e+01  4.05389381e+01  5.57185605e+00 -3.12818587e+00 -1.16679007e+01  9.75155954e-01  2.73191779e+00  3.03583914e+00 -5.60687821e+00  0.00000000e+00  2.95043850e+01  1.38403546e+00 -5.94779364e+00 -1.36400408e+00  2.51841566e-01]
     [-2.91146827e+00 -9.96411531e+00  5.57185605e+00  1.31424147e+02  1.72558075e+01 -1.82385845e+01  1.95319219e+01 -4.31585567e-02 -8.54828721e+00  3.74446711e+01 -2.95043850e+01  0.00000000e+00  2.92224378e+00  1.42871438e+01 -9.59240184e+00  9.59999179e+00]
     [ 1.98866243e+00  1.93974069e+01 -3.12818587e+00  1.72558075e+01  5.57791957e+01 -1.77180815e+00  8.23478496e+00  1.23379253e+01 -1.59067956e+01  1.13802680e+01 -1.38403546e+00 -2.92224378e+00  0.00000000e+00  4.71764825e+01  2.00206927e+00  1.89498768e+01]
     [-1.41936546e+01  2.73070419e+01 -1.16679007e+01 -1.82385845e+01 -1.77180815e+00  1.45189566e+02  1.05008110e+01 -1.06923465e+00 -1.33666807e+01 -1.78253123e+01  5.94779364e+00 -1.42871438e+01 -4.71764825e+01  0.00000000e+00  2.43646870e+00 -1.39190693e+01]
     [-2.06407836e+00  7.32354071e+00  9.75155954e-01  1.95319219e+01  8.23478496e+00  1.05008110e+01  2.71150014e+01 -1.32395144e+00 -1.33677175e+01  1.18013625e+01  1.36400408e+00  9.59240184e+00 -2.00206927e+00 -2.43646870e+00  0.00000000e+00  1.95258291e+01]
     [-1.91655517e+01  1.34299990e+01  2.73191779e+00 -4.31585567e-02  1.23379253e+01 -1.06923465e+00 -1.32395144e+00  1.31643395e+02 -4.00672977e+00 -2.21985314e+01 -2.51841566e-01 -9.59999179e+00 -1.89498768e+01  1.39190693e+01 -1.95258291e+01  0.00000000e+00]
     [ 0.00000000e+00 -1.18467343e+01  3.03583914e+00 -8.54828721e+00 -1.59067956e+01 -1.33666807e+01 -1.33677175e+01 -4.00672977e+00  3.86511604e+01 -1.02466301e+01  7.10662613e+00 -2.91146827e+00  1.98866243e+00 -1.41936546e+01 -2.06407836e+00 -1.91655517e+01]
     [ 1.18467343e+01  0.00000000e+00 -5.60687821e+00  3.74446711e+01  1.13802680e+01 -1.78253123e+01  1.18013625e+01 -2.21985314e+01 -1.02466301e+01  8.98650268e+01 -1.71865850e+01 -9.96411531e+00  1.93974069e+01  2.73070419e+01  7.32354071e+00  1.34299990e+01]
     [-3.03583914e+00  5.60687821e+00  0.00000000e+00 -2.95043850e+01 -1.38403546e+00  5.94779364e+00  1.36400408e+00 -2.51841566e-01  7.10662613e+00 -1.71865850e+01  4.05389381e+01  5.57185605e+00 -3.12818587e+00 -1.16679007e+01  9.75155954e-01  2.73191779e+00]
     [ 8.54828721e+00 -3.74446711e+01  2.95043850e+01  0.00000000e+00 -2.92224378e+00 -1.42871438e+01  9.59240184e+00 -9.59999179e+00 -2.91146827e+00 -9.96411531e+00  5.57185605e+00  1.31424147e+02  1.72558075e+01 -1.82385845e+01  1.95319219e+01 -4.31585567e-02]
     [ 1.59067956e+01 -1.13802680e+01  1.38403546e+00  2.92224378e+00  0.00000000e+00 -4.71764825e+01 -2.00206927e+00 -1.89498768e+01  1.98866243e+00  1.93974069e+01 -3.12818587e+00  1.72558075e+01  5.57791957e+01 -1.77180815e+00  8.23478496e+00  1.23379253e+01]
     [ 1.33666807e+01  1.78253123e+01 -5.94779364e+00  1.42871438e+01  4.71764825e+01  0.00000000e+00 -2.43646870e+00  1.39190693e+01 -1.41936546e+01  2.73070419e+01 -1.16679007e+01 -1.82385845e+01 -1.77180815e+00  1.45189566e+02  1.05008110e+01 -1.06923465e+00]
     [ 1.33677175e+01 -1.18013625e+01 -1.36400408e+00 -9.59240184e+00  2.00206927e+00  2.43646870e+00  0.00000000e+00 -1.95258291e+01 -2.06407836e+00  7.32354071e+00  9.75155954e-01  1.95319219e+01  8.23478496e+00  1.05008110e+01  2.71150014e+01 -1.32395144e+00]
     [ 4.00672977e+00  2.21985314e+01  2.51841566e-01  9.59999179e+00  1.89498768e+01 -1.39190693e+01  1.95258291e+01  0.00000000e+00 -1.91655517e+01  1.34299990e+01  2.73191779e+00 -4.31585567e-02  1.23379253e+01 -1.06923465e+00 -1.32395144e+00  1.31643395e+02]]
    hessian: [[ 38.6511604 +1.77635684e-15j -10.24663014+0.00000000e+00j   7.10662613-4.44089210e-16j ...  -9.05537584+0.00000000e+00j   2.4687097 -1.77635684e-15j  15.17827365+2.66453526e-15j]
     [-10.24663014+0.00000000e+00j  89.86502677+7.10542736e-15j -17.18658504+4.44089210e-16j ...  21.70143209+0.00000000e+00j  12.35818977+0.00000000e+00j -27.87488308-1.77635684e-15j]
     [  7.10662613-4.44089210e-16j -17.18658504+4.44089210e-16j  40.53893809-8.88178420e-16j ...  -3.39755533+0.00000000e+00j  -2.40708357+0.00000000e+00j  12.27019652-8.88178420e-16j]
     ...
     [ -9.05537584+0.00000000e+00j  21.70143209+0.00000000e+00j  -3.39755533+0.00000000e+00j ...  35.63245359+2.66453526e-15j -11.47282822-8.88178420e-16j  -9.29833389+0.00000000e+00j]
     [  2.4687097 -1.77635684e-15j  12.35818977+0.00000000e+00j  -2.40708357+0.00000000e+00j ... -11.47282822-8.88178420e-16j  56.97586522+0.00000000e+00j   3.88179514+0.00000000e+00j]
     [ 15.17827365+2.66453526e-15j -27.87488308-1.77635684e-15j  12.27019652-8.88178420e-16j ...  -9.29833389+0.00000000e+00j   3.88179514+0.00000000e+00j  31.79817157+1.77635684e-15j]]
    eigvals of hessian_by_M_M: [ 12.27547553  12.27547553  22.49190785  22.49190785  31.09317392  31.09317392  35.70085964  35.70085964  58.82148134  58.82148134 131.57178941 131.57178941 145.42919847 145.42919847 222.8225437  222.8225437 ]
IWROR:
    iter_times, elapsed_time, sqdiff: 300, 0.5875000953674316, 2.527240046709572
    MSN: Tensor(
        [[-1.54275767+0.31469796j  0.12023154-0.51036615j  0.75005868+0.27534641j -1.67973768-0.69989355j]
         [-0.43654842+0.58932041j -0.56249394-0.13811751j -0.11206083+0.55423936j -0.1963917 -0.59035251j]
         [ 1.18286501+0.28229535j -0.3439232 +1.20386536j  0.63377592+0.80123345j -0.38179736-0.57310556j]
         [-0.07574278+0.56548579j -0.59604905-0.26020895j -0.57636301+0.16071882j  0.54116866+0.02201516j]]
        labels=['kl', 'kr'],
        shape=(4, 4),
    )
    grad_by_M: [-2.36477504e-14 -1.79023463e-14 -1.40998324e-14  2.44249065e-14 -9.68669589e-15  2.51968585e-14 -2.31481501e-14  9.99200722e-15  1.24900090e-15  5.28813104e-14 -2.46469511e-14 -5.76483306e-14  6.88338275e-15 -2.83106871e-15 -3.40838469e-14 -3.01147995e-14]
    hessian_by_M_M: [[ 3.61629050e+01 -9.80823593e+00  6.77558317e+00 -2.02305698e+00  2.10970631e+00 -1.42939980e+01 -1.58756064e+00 -1.87585629e+01  0.00000000e+00  1.30792388e+01 -3.12408093e+00  8.29967755e+00  1.50857971e+01  1.28717915e+01  1.27454064e+01  3.68873138e+00]
     [-9.80823593e+00  8.53635351e+01 -1.63124947e+01 -9.77195782e+00  1.84045190e+01  2.66063693e+01  7.16110485e+00  1.28774941e+01 -1.30792388e+01  0.00000000e+00  5.69654827e+00 -3.55499518e+01 -1.11383816e+01  1.77953878e+01 -1.11894720e+01  2.15555083e+01]
     [ 6.77558317e+00 -1.63124947e+01  3.80730361e+01  4.38893130e+00 -3.05525646e+00 -1.09474494e+01  8.18374244e-01  2.47071829e+00  3.12408093e+00 -5.69654827e+00  0.00000000e+00  3.03708305e+01  1.67849698e+00 -6.12742657e+00 -9.53528961e-01  1.79669579e-01]
     [-2.02305698e+00 -9.77195782e+00  4.38893130e+00  1.26283740e+02  1.65018645e+01 -1.73928210e+01  1.82444922e+01  6.66755747e-01 -8.29967755e+00  3.55499518e+01 -3.03708305e+01  0.00000000e+00  2.72467767e+00  1.42059168e+01 -9.35131093e+00  9.32598782e+00]
     [ 2.10970631e+00  1.84045190e+01 -3.05525646e+00  1.65018645e+01  5.27204171e+01 -2.51725434e+00  7.59307541e+00  1.15943567e+01 -1.50857971e+01  1.11383816e+01 -1.67849698e+00 -2.72467767e+00  0.00000000e+00  4.73674479e+01  1.62032660e+00  1.82307664e+01]
     [-1.42939980e+01  2.66063693e+01 -1.09474494e+01 -1.73928210e+01 -2.51725434e+00  1.39932968e+02  9.88497889e+00 -1.17124100e-01 -1.28717915e+01 -1.77953878e+01  6.12742657e+00 -1.42059168e+01 -4.73674479e+01  0.00000000e+00  2.11639300e+00 -1.27919242e+01]
     [-1.58756064e+00  7.16110485e+00  8.18374244e-01  1.82444922e+01  7.59307541e+00  9.88497889e+00  2.55660463e+01 -2.19933116e+00 -1.27454064e+01  1.11894720e+01  9.53528961e-01  9.35131093e+00 -1.62032660e+00 -2.11639300e+00  0.00000000e+00  2.06179604e+01]
     [-1.87585629e+01  1.28774941e+01  2.47071829e+00  6.66755747e-01  1.15943567e+01 -1.17124100e-01 -2.19933116e+00  1.25688945e+02 -3.68873138e+00 -2.15555083e+01 -1.79669579e-01 -9.32598782e+00 -1.82307664e+01  1.27919242e+01 -2.06179604e+01  0.00000000e+00]
     [ 0.00000000e+00 -1.30792388e+01  3.12408093e+00 -8.29967755e+00 -1.50857971e+01 -1.28717915e+01 -1.27454064e+01 -3.68873138e+00  3.61629050e+01 -9.80823593e+00  6.77558317e+00 -2.02305698e+00  2.10970631e+00 -1.42939980e+01 -1.58756064e+00 -1.87585629e+01]
     [ 1.30792388e+01  0.00000000e+00 -5.69654827e+00  3.55499518e+01  1.11383816e+01 -1.77953878e+01  1.11894720e+01 -2.15555083e+01 -9.80823593e+00  8.53635351e+01 -1.63124947e+01 -9.77195782e+00  1.84045190e+01  2.66063693e+01  7.16110485e+00  1.28774941e+01]
     [-3.12408093e+00  5.69654827e+00  0.00000000e+00 -3.03708305e+01 -1.67849698e+00  6.12742657e+00  9.53528961e-01 -1.79669579e-01  6.77558317e+00 -1.63124947e+01  3.80730361e+01  4.38893130e+00 -3.05525646e+00 -1.09474494e+01  8.18374244e-01  2.47071829e+00]
     [ 8.29967755e+00 -3.55499518e+01  3.03708305e+01  0.00000000e+00 -2.72467767e+00 -1.42059168e+01  9.35131093e+00 -9.32598782e+00 -2.02305698e+00 -9.77195782e+00  4.38893130e+00  1.26283740e+02  1.65018645e+01 -1.73928210e+01  1.82444922e+01  6.66755747e-01]
     [ 1.50857971e+01 -1.11383816e+01  1.67849698e+00  2.72467767e+00  0.00000000e+00 -4.73674479e+01 -1.62032660e+00 -1.82307664e+01  2.10970631e+00  1.84045190e+01 -3.05525646e+00  1.65018645e+01  5.27204171e+01 -2.51725434e+00  7.59307541e+00  1.15943567e+01]
     [ 1.28717915e+01  1.77953878e+01 -6.12742657e+00  1.42059168e+01  4.73674479e+01  0.00000000e+00 -2.11639300e+00  1.27919242e+01 -1.42939980e+01  2.66063693e+01 -1.09474494e+01 -1.73928210e+01 -2.51725434e+00  1.39932968e+02  9.88497889e+00 -1.17124100e-01]
     [ 1.27454064e+01 -1.11894720e+01 -9.53528961e-01 -9.35131093e+00  1.62032660e+00  2.11639300e+00  0.00000000e+00 -2.06179604e+01 -1.58756064e+00  7.16110485e+00  8.18374244e-01  1.82444922e+01  7.59307541e+00  9.88497889e+00  2.55660463e+01 -2.19933116e+00]
     [ 3.68873138e+00  2.15555083e+01  1.79669579e-01  9.32598782e+00  1.82307664e+01 -1.27919242e+01  2.06179604e+01  0.00000000e+00 -1.87585629e+01  1.28774941e+01  2.47071829e+00  6.66755747e-01  1.15943567e+01 -1.17124100e-01 -2.19933116e+00  1.25688945e+02]]
    hessian: [[ 36.16290504+0.00000000e+00j  -9.80823593+3.55271368e-15j   6.77558317+0.00000000e+00j ...  -7.91575205-1.77635684e-15j   1.37284541-2.22044605e-15j  14.81753166+0.00000000e+00j]
     [ -9.80823593+3.55271368e-15j  85.3635351 +3.55271368e-15j -16.31249474-4.44089210e-16j ...  20.90900175+3.55271368e-15j  13.67034412+1.77635684e-15j -27.49802488-2.66453526e-15j]
     [  6.77558317+0.00000000e+00j -16.31249474-4.44089210e-16j  38.07303605+0.00000000e+00j ...  -3.46874908-8.88178420e-16j  -3.02391236-4.44089210e-16j  12.22109966+1.77635684e-15j]
     ...
     [ -7.91575205-1.77635684e-15j  20.90900175+3.55271368e-15j  -3.46874908-8.88178420e-16j ...  38.02738261-8.88178420e-16j -13.04667447-8.88178420e-16j -10.03594102+0.00000000e+00j]
     [  1.37284541-2.22044605e-15j  13.67034412+1.77635684e-15j  -3.02391236-4.44089210e-16j ... -13.04667447-8.88178420e-16j  62.50545525-3.55271368e-15j   4.25757159-3.55271368e-15j]
     [ 14.81753166+0.00000000e+00j -27.49802488-2.66453526e-15j  12.22109966+1.77635684e-15j ... -10.03594102+0.00000000e+00j   4.25757159-3.55271368e-15j  34.10155785+3.55271368e-15j]]
    eigvals of hessian_by_M_M: [ 11.25192505  11.25192505  20.50296729  20.50296729  28.00572499  28.00572499  32.90623949  32.90623949  55.24837053  55.24837053 126.73107245 126.73107245 139.22746844 139.22746844 215.91782461 215.91782461]
WLBOR:
    iter_times, elapsed_time, sqdiff: 300, 1.486142873764038, 2.5272400467095704
    MSN: Tensor(
        [[-1.54275767+0.31469796j  0.12023155-0.51036615j  0.75005868+0.27534641j -1.67973768-0.69989355j]
         [-0.43654842+0.58932041j -0.56249394-0.13811751j -0.11206083+0.55423936j -0.1963917 -0.59035251j]
         [ 1.18286501+0.28229535j -0.3439232 +1.20386536j  0.63377592+0.80123345j -0.38179736-0.57310556j]
         [-0.07574278+0.56548579j -0.59604905-0.26020895j -0.57636301+0.16071882j  0.54116866+0.02201516j]]
        labels=['kl', 'kr'],
        shape=(4, 4),
    )
    grad_by_M: [-2.91842617e-09  1.38323780e-09  4.69707423e-09 -4.08715439e-09  9.16147991e-11  1.79123694e-09 -2.82334567e-09  8.83164630e-09 -3.59501921e-09  2.43538341e-09  6.97971056e-09 -4.79661676e-09 -1.15217630e-09  2.22438681e-09 -4.11852275e-09  4.44525261e-09]
    hessian_by_M_M: [[ 6.73938870e+01 -1.29299338e+01  1.12539600e+01 -1.14790248e+01 -1.52183296e+00 -1.05191266e+01 -7.73172981e+00 -1.53271388e+01  0.00000000e+00 -1.22946139e+01 -2.80658608e+00  8.24788017e+00  2.12857043e+01  9.61153755e+00  1.82830289e+01  1.77416166e+00]
     [-1.29299338e+01  6.93022920e+01 -1.37580043e+01 -6.66746439e+00  1.61243143e+01  1.65673495e+01  1.68821180e+00  8.28018271e+00  1.22946139e+01  0.00000000e+00  7.19894617e+00 -2.77882667e+01 -1.12944178e+01  8.40029884e+00 -1.35028313e+01  1.36667412e+01]
     [ 1.12539600e+01 -1.37580043e+01  6.43722149e+01  5.20246858e+00 -3.94422879e+00 -1.17879443e+01  2.27176522e-03  3.59933592e+00  2.80658608e+00 -7.19894617e+00  0.00000000e+00  3.53585379e+00 -4.44265499e+00 -3.80412093e+00 -6.75831160e+00  1.20088372e+00]
     [-1.14790248e+01 -6.66746439e+00  5.20246858e+00  9.33203540e+01  1.82191791e+01 -1.31747985e+01  2.11857274e+01 -3.28730786e+00 -8.24788017e+00  2.77882667e+01 -3.53585379e+00  0.00000000e+00 -1.16170245e+00  6.10742786e+00 -1.23951745e+01  4.96365829e+00]
     [-1.52183296e+00  1.61243143e+01 -3.94422879e+00  1.82191791e+01  8.32902308e+01 -5.40513509e+00  1.15890878e+01  1.03158843e+01 -2.12857043e+01  1.12944178e+01  4.44265499e+00  1.16170245e+00  0.00000000e+00  1.80723873e+01  4.34104487e+00  2.08049591e+01]
     [-1.05191266e+01  1.65673495e+01 -1.17879443e+01 -1.31747985e+01 -5.40513509e+00  9.92885745e+01  1.33703519e+01 -5.00618733e+00 -9.61153755e+00 -8.40029884e+00  3.80412093e+00 -6.10742786e+00 -1.80723873e+01  0.00000000e+00  2.76909365e+00 -1.18880742e+01]
     [-7.73172981e+00  1.68821180e+00  2.27176522e-03  2.11857274e+01  1.15890878e+01  1.33703519e+01  4.44167812e+01 -8.92814496e-01 -1.82830289e+01  1.35028313e+01  6.75831160e+00  1.23951745e+01 -4.34104487e+00 -2.76909365e+00  0.00000000e+00 -5.57128689e+00]
     [-1.53271388e+01  8.28018271e+00  3.59933592e+00 -3.28730786e+00  1.03158843e+01 -5.00618733e+00 -8.92814496e-01  9.74412810e+01 -1.77416166e+00 -1.36667412e+01 -1.20088372e+00 -4.96365829e+00 -2.08049591e+01  1.18880742e+01  5.57128689e+00  0.00000000e+00]
     [ 0.00000000e+00  1.22946139e+01  2.80658608e+00 -8.24788017e+00 -2.12857043e+01 -9.61153755e+00 -1.82830289e+01 -1.77416166e+00  6.73938870e+01 -1.29299338e+01  1.12539600e+01 -1.14790248e+01 -1.52183296e+00 -1.05191266e+01 -7.73172981e+00 -1.53271388e+01]
     [-1.22946139e+01  0.00000000e+00 -7.19894617e+00  2.77882667e+01  1.12944178e+01 -8.40029884e+00  1.35028313e+01 -1.36667412e+01 -1.29299338e+01  6.93022920e+01 -1.37580043e+01 -6.66746439e+00  1.61243143e+01  1.65673495e+01  1.68821180e+00  8.28018271e+00]
     [-2.80658608e+00  7.19894617e+00  0.00000000e+00 -3.53585379e+00  4.44265499e+00  3.80412093e+00  6.75831160e+00 -1.20088372e+00  1.12539600e+01 -1.37580043e+01  6.43722149e+01  5.20246858e+00 -3.94422879e+00 -1.17879443e+01  2.27176522e-03  3.59933592e+00]
     [ 8.24788017e+00 -2.77882667e+01  3.53585379e+00  0.00000000e+00  1.16170245e+00 -6.10742786e+00  1.23951745e+01 -4.96365829e+00 -1.14790248e+01 -6.66746439e+00  5.20246858e+00  9.33203540e+01  1.82191791e+01 -1.31747985e+01  2.11857274e+01 -3.28730786e+00]
     [ 2.12857043e+01 -1.12944178e+01 -4.44265499e+00 -1.16170245e+00  0.00000000e+00 -1.80723873e+01 -4.34104487e+00 -2.08049591e+01 -1.52183296e+00  1.61243143e+01 -3.94422879e+00  1.82191791e+01  8.32902308e+01 -5.40513509e+00  1.15890878e+01  1.03158843e+01]
     [ 9.61153755e+00  8.40029884e+00 -3.80412093e+00  6.10742786e+00  1.80723873e+01  0.00000000e+00 -2.76909365e+00  1.18880742e+01 -1.05191266e+01  1.65673495e+01 -1.17879443e+01 -1.31747985e+01 -5.40513509e+00  9.92885745e+01  1.33703519e+01 -5.00618733e+00]
     [ 1.82830289e+01 -1.35028313e+01 -6.75831160e+00 -1.23951745e+01  4.34104487e+00  2.76909365e+00  0.00000000e+00  5.57128689e+00 -7.73172981e+00  1.68821180e+00  2.27176522e-03  2.11857274e+01  1.15890878e+01  1.33703519e+01  4.44167812e+01 -8.92814496e-01]
     [ 1.77416166e+00  1.36667412e+01  1.20088372e+00  4.96365829e+00  2.08049591e+01 -1.18880742e+01 -5.57128689e+00  0.00000000e+00 -1.53271388e+01  8.28018271e+00  3.59933592e+00 -3.28730786e+00  1.03158843e+01 -5.00618733e+00 -8.92814496e-01  9.74412810e+01]]
    hessian: [[ 67.39388695+3.55271368e-15j -12.92993385-1.77635684e-15j  11.25396005-4.44089210e-16j ... -24.00090971-3.55271368e-15j   9.12390092+1.77635684e-15j  25.54130312+2.66453526e-15j]
     [-12.92993385-1.77635684e-15j  69.302292  -1.77635684e-15j -13.75800426+8.88178420e-16j ...  20.44687418+0.00000000e+00j   4.37763109-8.88178420e-16j -25.23396806+1.77635684e-15j]
     [ 11.25396005-4.44089210e-16j -13.75800426+8.88178420e-16j  64.37221486+0.00000000e+00j ...  -4.98368463-1.33226763e-15j   1.49677483+2.22044605e-16j  17.42450964-8.88178420e-16j]
     ...
     [-24.00090971-3.55271368e-15j  20.44687418+0.00000000e+00j  -4.98368463-1.33226763e-15j ...  42.0910749 +0.00000000e+00j  -7.82648683+4.44089210e-16j -10.8967434 -4.44089210e-16j]
     [  9.12390092+1.77635684e-15j   4.37763109-8.88178420e-16j   1.49677483+2.22044605e-16j ...  -7.82648683+4.44089210e-16j  30.63222602+0.00000000e+00j   4.68738578-7.21644966e-16j]
     [ 25.54130312+2.66453526e-15j -25.23396806+1.77635684e-15j  17.42450964-8.88178420e-16j ... -10.8967434 -4.44089210e-16j   4.68738578-7.21644966e-16j  39.02137013+0.00000000e+00j]]
    eigvals of hessian_by_M_M: [ 18.55032565  18.55032565  34.98803702  34.98803702  45.80508616  45.80508616  53.98323238  53.98323238  74.91299893  74.91299893 110.42968056 110.42968056 117.89483626 117.89483626 162.26141833 162.26141833]
WNAG:
    iter_times, elapsed_time, sqdiff: 300, 0.6549267768859863, 2.551497997751801
    MSN: Tensor(
        [[-1.54353869+0.29727197j  0.12922586-0.50349172j  0.75656513+0.28411268j -1.68295211-0.71868919j]
         [-0.43473341+0.58241526j -0.55870579-0.13099448j -0.10471164+0.56117102j -0.20278051-0.60171744j]
         [ 1.17963969+0.27990633j -0.3344553 +1.2029369j   0.64457433+0.79164868j -0.39647056-0.56311788j]
         [-0.07453998+0.56650689j -0.5977673 -0.25649277j -0.57348755+0.16601418j  0.53784098+0.01595453j]]
        labels=['kl', 'kr'],
        shape=(4, 4),
    )
    grad_by_M: [ 2.4112706   4.67550327  1.20061497  3.56216178 -1.50347378  0.79082132  0.40825856 -0.77335332 -0.97974289  3.54799191 -1.32095817  0.8321     -1.30958703 -3.96940043  0.69488631  1.48200334]
    hessian_by_M_M: [[ 346.44086103  394.64588049   28.63996906  205.32554032   20.95785724    4.75136667   23.58787625  -69.41966242    0.          633.09008292 -109.74960892  -89.36774941   25.31281771   48.50259132   62.81440391   95.87999894]
     [ 394.64588049 1626.55051297 -174.58628186   71.30490962   68.80683515   84.59826782  133.61406152   66.61506514 -633.09008292    0.         -182.76479422 -497.71940981   -2.3993799    61.55613016   38.9257466   240.03255522]
     [  28.63996906 -174.58628186  331.89185697  405.52947264  -51.9243643   -31.50815823  -60.74207641  -64.7324379   109.74960892  182.76479422    0.          595.38742349   -6.86445765  -92.35313852    8.48714928  -97.29157715]
     [ 205.32554032   71.30490962  405.52947264 1592.31713602  -95.17595053 -232.94739882  -62.60240274 -262.20579345   89.36774941  497.71940981 -595.38742349    0.           86.75242707  -88.61440343  123.54928075   -6.33138256]
     [  20.95785724   68.80683515  -51.9243643   -95.17595053  374.6362718   442.42800593  -56.46389977   55.39927432  -25.31281771    2.3993799     6.86445765  -86.75242707    0.          652.37297251  -70.78980419 -186.91995292]
     [   4.75136667   84.59826782  -31.50815823 -232.94739882  442.42800593 1692.25490332 -187.41466426 -260.08657611  -48.50259132  -61.55613016   92.35313852   88.61440343 -652.37297251    0.           20.68839421 -301.4510425 ]
     [  23.58787625  133.61406152  -60.74207641  -62.60240274  -56.46389977 -187.41466426  359.56833473  445.86142291  -62.81440391  -38.9257466    -8.48714928 -123.54928075   70.78980419  -20.68839421    0.          649.37144046]
     [ -69.41966242   66.61506514  -64.7324379  -262.20579345   55.39927432 -260.08657611  445.86142291 1744.70672285  -95.87999894 -240.03255522   97.29157715    6.33138256  186.91995292  301.4510425  -649.37144046    0.        ]
     [   0.         -633.09008292  109.74960892   89.36774941  -25.31281771  -48.50259132  -62.81440391  -95.87999894  346.44086103  394.64588049   28.63996906  205.32554032   20.95785724    4.75136667   23.58787625  -69.41966242]
     [ 633.09008292    0.          182.76479422  497.71940981    2.3993799   -61.55613016  -38.9257466  -240.03255522  394.64588049 1626.55051297 -174.58628186   71.30490962   68.80683515   84.59826782  133.61406152   66.61506514]
     [-109.74960892 -182.76479422    0.         -595.38742349    6.86445765   92.35313852   -8.48714928   97.29157715   28.63996906 -174.58628186  331.89185697  405.52947264  -51.9243643   -31.50815823  -60.74207641  -64.7324379 ]
     [ -89.36774941 -497.71940981  595.38742349    0.          -86.75242707   88.61440343 -123.54928075    6.33138256  205.32554032   71.30490962  405.52947264 1592.31713602  -95.17595053 -232.94739882  -62.60240274 -262.20579345]
     [  25.31281771   -2.3993799    -6.86445765   86.75242707    0.         -652.37297251   70.78980419  186.91995292   20.95785724   68.80683515  -51.9243643   -95.17595053  374.6362718   442.42800593  -56.46389977   55.39927432]
     [  48.50259132   61.55613016  -92.35313852  -88.61440343  652.37297251    0.          -20.68839421  301.4510425     4.75136667   84.59826782  -31.50815823 -232.94739882  442.42800593 1692.25490332 -187.41466426 -260.08657611]
     [  62.81440391   38.9257466     8.48714928  123.54928075  -70.78980419   20.68839421    0.         -649.37144046   23.58787625  133.61406152  -60.74207641  -62.60240274  -56.46389977 -187.41466426  359.56833473  445.86142291]
     [  95.87999894  240.03255522  -97.29157715   -6.33138256 -186.91995292 -301.4510425   649.37144046    0.          -69.41966242   66.61506514  -64.7324379  -262.20579345   55.39927432 -260.08657611  445.86142291 1744.70672285]]
    hessian: [[ 346.44086103-7.10542736e-15j  394.64588049+5.68434189e-14j   28.63996906+1.42108547e-14j ...  -27.22612244+3.55271368e-15j -121.43766502+3.55271368e-15j    3.69778487+0.00000000e+00j]
     [ 394.64588049+5.68434189e-14j 1626.55051297+0.00000000e+00j -174.58628186+0.00000000e+00j ...   14.58688137+1.42108547e-14j  -34.61495832-2.84217094e-14j -124.8487508 -7.10542736e-15j]
     [  28.63996906+1.42108547e-14j -174.58628186+0.00000000e+00j  331.89185697+0.00000000e+00j ...  -19.16892914+0.00000000e+00j -103.79246023-1.77635684e-15j   29.94173401-7.10542736e-15j]
     ...
     [ -27.22612244+3.55271368e-15j   14.58688137+1.42108547e-14j  -19.16892914+0.00000000e+00j ...   74.34857987+0.00000000e+00j   64.23211028+1.42108547e-14j  -41.36247387-3.55271368e-15j]
     [-121.43766502+3.55271368e-15j  -34.61495832-2.84217094e-14j -103.79246023-1.77635684e-15j ...   64.23211028+1.42108547e-14j  429.00044451+0.00000000e+00j -104.08483962+1.42108547e-14j]
     [   3.69778487+0.00000000e+00j -124.8487508 -7.10542736e-15j   29.94173401-7.10542736e-15j ...  -41.36247387-3.55271368e-15j -104.08483962+1.42108547e-14j   93.54014887-4.44089210e-16j]]
    eigvals of hessian_by_M_M: [1.52093660e+00 1.52093660e+00 2.61888291e+00 2.61888291e+00 4.52292906e+00 4.52292906e+00 7.18661455e+00 7.18661455e+00 1.15713611e+03 1.15713611e+03 1.58084304e+03 1.58084304e+03 2.39857628e+03 2.39857628e+03 2.91596181e+03 2.91596181e+03]
SNAG:
    iter_times, elapsed_time, sqdiff: 300, 0.5966212749481201, 2.5272400467095695
    MSN: Tensor(
        [[-1.54275767+0.31469796j  0.12023154-0.51036615j  0.75005868+0.27534641j -1.67973768-0.69989355j]
         [-0.43654842+0.58932041j -0.56249394-0.13811751j -0.11206083+0.55423936j -0.1963917 -0.59035251j]
         [ 1.18286501+0.28229535j -0.3439232 +1.20386536j  0.63377592+0.80123345j -0.38179736-0.57310556j]
         [-0.07574278+0.56548579j -0.59604905-0.26020895j -0.57636301+0.16071882j  0.54116866+0.02201516j]]
        labels=['kl', 'kr'],
        shape=(4, 4),
    )
    grad_by_M: [-4.08006962e-15 -1.42719170e-13  9.95037386e-14  1.23234756e-14 -1.71529457e-14 -2.27040609e-14 -4.96269692e-14 -8.79296636e-14  8.46822612e-14  6.23945340e-14  1.52655666e-14  1.86350935e-13  2.55628851e-14  1.38777878e-15  5.46229728e-14 -9.90318938e-14]
    hessian_by_M_M: [[  47.18700721   20.78337396    2.00633627   17.84091887   15.1860493   -16.37874106    6.08670976  -26.1031896     0.           57.3640863   -13.18498194   -6.56704718   24.21533956   40.84883508   20.65608853   20.96079009]
     [  20.78337396  127.46526515  -30.34171357  -24.98054661   35.26494916   45.53157337   20.69270093   11.47197867  -57.3640863     0.            5.15193718  -44.73777022  -11.1985474    36.62489953   -3.65185874   33.77828649]
     [   2.00633627  -30.34171357   70.2066228    44.9291733    -8.10372287  -22.04655187    5.14196455    0.69205736   13.18498194   -5.15193718    0.           98.92152988   13.17803508   -8.07725915    6.2116331     5.90795823]
     [  17.84091887  -24.98054661   44.9291733   212.90026468   18.10087111  -23.60734831   23.01942402   17.49409798    6.56704718   44.73777022  -98.92152988    0.           17.72297273   22.01567653   -8.87296708    8.36143756]
     [  15.1860493    35.26494916   -8.10372287   18.10087111   92.8586351    51.82709931   11.44898691   21.38224519  -24.21533956   11.1985474   -13.17803508  -17.72297273    0.          121.20879435   -0.98363699   19.4463196 ]
     [ -16.37874106   45.53157337  -22.04655187  -23.60734831   51.82709931  232.0252121    11.30998622   20.14595359  -40.84883508  -36.62489953    8.07725915  -22.01567653 -121.20879435    0.           -1.59726447   -3.48911994]
     [   6.08670976   20.69270093    5.14196455   23.01942402   11.44898691   11.30998622   54.92179791   29.65556593  -20.65608853    3.65185874   -6.2116331     8.87296708    0.98363699    1.59726447    0.           87.17683649]
     [ -26.1031896    11.47197867    0.69205736   17.49409798   21.38224519   20.14595359   29.65556593  195.58479051  -20.96079009  -33.77828649   -5.90795823   -8.36143756  -19.4463196     3.48911994  -87.17683649    0.        ]
     [   0.          -57.3640863    13.18498194    6.56704718  -24.21533956  -40.84883508  -20.65608853  -20.96079009   47.18700721   20.78337396    2.00633627   17.84091887   15.1860493   -16.37874106    6.08670976  -26.1031896 ]
     [  57.3640863     0.           -5.15193718   44.73777022   11.1985474   -36.62489953    3.65185874  -33.77828649   20.78337396  127.46526515  -30.34171357  -24.98054661   35.26494916   45.53157337   20.69270093   11.47197867]
