b=4, chi=2, seed=827, 
NOR:
    iter_times, elapsed_time, sqdiff: 300, 0.40456700325012207, 1.7226422335859994
    MSN: Tensor(
        [[-0.18367657+0.33690036j -0.55113631+0.01916949j  1.0943872 +0.41817368j -0.20873312+1.13626786j]
         [-0.79329505+1.12123563j -0.97467766+0.71795881j -0.13400277-0.08825561j -0.4644065 +0.66179607j]
         [ 0.06216003-0.46058214j  0.05348394-0.67700334j  0.69738524+0.89221329j -0.50003424+0.38812908j]
         [-0.26638162-0.13482782j -0.04103633+0.28944042j -0.81675788-1.43741601j  0.72966715-0.98289453j]]
        labels=['kl', 'kr'],
        shape=(4, 4),
    )
    grad_by_M: [-1.56819002e-14 -2.06779038e-14 -1.58206781e-15  6.74460487e-15  1.27675648e-15  3.10862447e-15  2.02060590e-14  1.36349265e-15  2.33701947e-14  5.66213743e-15  6.45317133e-15 -5.03763697e-15 -5.82867088e-15 -7.21644966e-15  9.99200722e-16  9.02056208e-15]
    hessian_by_M_M: [[ 7.85398782e+01  1.13162476e+01 -1.21676748e+01 -9.13332233e+00  3.60071519e+00  3.70448899e+00  1.29350697e+01  4.78111372e+00  0.00000000e+00  1.90989739e+01 -1.43085907e+01 -8.35129246e+00 -1.78525495e+01  1.45554941e+01 -1.45590411e+01 -4.18433498e+00]
     [ 1.13162476e+01  3.98331877e+01 -1.25879820e+01 -1.29311284e+01 -1.40256053e+01  9.07925551e+00 -1.86564925e+01 -5.21899663e+00 -1.90989739e+01  0.00000000e+00  9.78992147e-01 -1.02319367e+00 -1.85581886e+01  4.93934058e-01 -1.07616937e+01  2.99483809e-02]
     [-1.21676748e+01 -1.25879820e+01  8.51537543e+01  7.84605517e+00  4.23823474e+00 -1.14901973e+01  2.16123650e+01 -8.30045062e+00  1.43085907e+01 -9.78992147e-01  0.00000000e+00 -5.54792881e+00  1.82077628e+01 -5.69998709e-01 -1.15698232e+00  2.85655856e+00]
     [-9.13332233e+00 -1.29311284e+01  7.84605517e+00  3.02086902e+01  4.10576962e-01 -5.67460928e+00 -1.25275385e-01 -1.16293288e+01  8.35129246e+00  1.02319367e+00  5.54792881e+00  0.00000000e+00  1.34410946e+00  4.63373038e+00  1.74205640e+01 -6.38266434e+00]
     [ 3.60071519e+00 -1.40256053e+01  4.23823474e+00  4.10576962e-01  8.73298881e+01  1.88649124e+00  3.05039483e+01 -9.88498389e+00  1.78525495e+01  1.85581886e+01 -1.82077628e+01 -1.34410946e+00  0.00000000e+00  2.36940374e+01  2.70359723e+00 -4.77353170e-01]
     [ 3.70448899e+00  9.07925551e+00 -1.14901973e+01 -5.67460928e+00  1.88649124e+00  4.87704898e+01  1.49486976e+01 -6.70415435e+00 -1.45554941e+01 -4.93934058e-01  5.69998709e-01 -4.63373038e+00 -2.36940374e+01  0.00000000e+00 -5.03933969e-01  1.30380144e+01]
     [ 1.29350697e+01 -1.86564925e+01  2.16123650e+01 -1.25275385e-01  3.05039483e+01  1.49486976e+01  9.16980620e+01 -3.31753467e+00  1.45590411e+01  1.07616937e+01  1.15698232e+00 -1.74205640e+01 -2.70359723e+00  5.03933969e-01  0.00000000e+00  1.93739559e+01]
     [ 4.78111372e+00 -5.21899663e+00 -8.30045062e+00 -1.16293288e+01 -9.88498389e+00 -6.70415435e+00 -3.31753467e+00  3.36888784e+01  4.18433498e+00 -2.99483809e-02 -2.85655856e+00  6.38266434e+00  4.77353170e-01 -1.30380144e+01 -1.93739559e+01  0.00000000e+00]
     [ 0.00000000e+00 -1.90989739e+01  1.43085907e+01  8.35129246e+00  1.78525495e+01 -1.45554941e+01  1.45590411e+01  4.18433498e+00  7.85398782e+01  1.13162476e+01 -1.21676748e+01 -9.13332233e+00  3.60071519e+00  3.70448899e+00  1.29350697e+01  4.78111372e+00]
     [ 1.90989739e+01  0.00000000e+00 -9.78992147e-01  1.02319367e+00  1.85581886e+01 -4.93934058e-01  1.07616937e+01 -2.99483809e-02  1.13162476e+01  3.98331877e+01 -1.25879820e+01 -1.29311284e+01 -1.40256053e+01  9.07925551e+00 -1.86564925e+01 -5.21899663e+00]
     [-1.43085907e+01  9.78992147e-01  0.00000000e+00  5.54792881e+00 -1.82077628e+01  5.69998709e-01  1.15698232e+00 -2.85655856e+00 -1.21676748e+01 -1.25879820e+01  8.51537543e+01  7.84605517e+00  4.23823474e+00 -1.14901973e+01  2.16123650e+01 -8.30045062e+00]
     [-8.35129246e+00 -1.02319367e+00 -5.54792881e+00  0.00000000e+00 -1.34410946e+00 -4.63373038e+00 -1.74205640e+01  6.38266434e+00 -9.13332233e+00 -1.29311284e+01  7.84605517e+00  3.02086902e+01  4.10576962e-01 -5.67460928e+00 -1.25275385e-01 -1.16293288e+01]
     [-1.78525495e+01 -1.85581886e+01  1.82077628e+01  1.34410946e+00  0.00000000e+00 -2.36940374e+01 -2.70359723e+00  4.77353170e-01  3.60071519e+00 -1.40256053e+01  4.23823474e+00  4.10576962e-01  8.73298881e+01  1.88649124e+00  3.05039483e+01 -9.88498389e+00]
     [ 1.45554941e+01  4.93934058e-01 -5.69998709e-01  4.63373038e+00  2.36940374e+01  0.00000000e+00  5.03933969e-01 -1.30380144e+01  3.70448899e+00  9.07925551e+00 -1.14901973e+01 -5.67460928e+00  1.88649124e+00  4.87704898e+01  1.49486976e+01 -6.70415435e+00]
     [-1.45590411e+01 -1.07616937e+01 -1.15698232e+00  1.74205640e+01  2.70359723e+00 -5.03933969e-01  0.00000000e+00 -1.93739559e+01  1.29350697e+01 -1.86564925e+01  2.16123650e+01 -1.25275385e-01  3.05039483e+01  1.49486976e+01  9.16980620e+01 -3.31753467e+00]
     [-4.18433498e+00  2.99483809e-02  2.85655856e+00 -6.38266434e+00 -4.77353170e-01  1.30380144e+01  1.93739559e+01  0.00000000e+00  4.78111372e+00 -5.21899663e+00 -8.30045062e+00 -1.16293288e+01 -9.88498389e+00 -6.70415435e+00 -3.31753467e+00  3.36888784e+01]]
    hessian: [[ 78.53987823-1.77635684e-15j  11.31624759-1.77635684e-15j -12.16767484+0.00000000e+00j ...  -2.5594333 +0.00000000e+00j  17.25423375+0.00000000e+00j  -6.13553294+8.88178420e-16j]
     [ 11.31624759-1.77635684e-15j  39.8331877 +0.00000000e+00j -12.58798202+1.66533454e-16j ...   9.53163122-2.10942375e-15j  14.69245139+4.44089210e-16j   8.43765449+8.88178420e-16j]
     [-12.16767484+0.00000000e+00j -12.58798202+1.66533454e-16j  85.15375426-8.88178420e-16j ... -52.41333689-4.44089210e-16j -29.58963882+0.00000000e+00j  13.53499036+3.55271368e-15j]
     ...
     [ -2.5594333 +0.00000000e+00j   9.53163122-2.10942375e-15j -52.41333689-4.44089210e-16j ...  68.52691935+0.00000000e+00j  22.07896966+0.00000000e+00j -16.90061602+0.00000000e+00j]
     [ 17.25423375+0.00000000e+00j  14.69245139+4.44089210e-16j -29.58963882+0.00000000e+00j ...  22.07896966+0.00000000e+00j  53.76807026-8.88178420e-16j -16.44497748+0.00000000e+00j]
     [ -6.13553294+8.88178420e-16j   8.43765449+8.88178420e-16j  13.53499036+3.55271368e-15j ... -16.90061602+0.00000000e+00j -16.44497748+0.00000000e+00j  61.01460595+3.55271368e-15j]]
    eigvals of hessian_by_M_M: [  9.07999477   9.07999477  18.27010012  18.27010012  24.30984954  24.30984954  35.74324313  35.74324313  64.94242749  64.94242749  72.20071943  72.20071943 102.80436464 102.80436464 167.87212954 167.87212954]
WCOR:
    iter_times, elapsed_time, sqdiff: 300, 0.6725413799285889, 1.7226422335860019
    MSN: Tensor(
        [[-0.18367657+0.33690036j -0.55113631+0.01916949j  1.0943872 +0.41817368j -0.20873312+1.13626786j]
         [-0.79329505+1.12123563j -0.97467766+0.71795881j -0.13400277-0.08825561j -0.4644065 +0.66179607j]
         [ 0.06216003-0.46058214j  0.05348394-0.67700334j  0.69738524+0.89221329j -0.50003424+0.38812908j]
         [-0.26638162-0.13482782j -0.04103633+0.28944042j -0.81675788-1.43741601j  0.72966715-0.98289453j]]
        labels=['kl', 'kr'],
        shape=(4, 4),
    )
    grad_by_M: [ 1.52655666e-15  8.14626144e-15 -1.45855550e-14 -1.11716192e-14  6.10622664e-16 -6.88338275e-15 -4.64073224e-14 -1.23373534e-14 -1.75970349e-14  4.44089210e-16 -1.96509475e-14  7.52176099e-15 -1.11022302e-15 -1.02140518e-14  3.05311332e-14  1.33226763e-15]
    hessian_by_M_M: [[ 93.09053437  13.58527127 -16.12268085  -8.80136551   4.26713193  -2.24522502  13.75529461   6.86630444   0.          23.98980914 -17.08980033 -14.3407913  -21.25909769  15.85701165 -18.59808257  -4.63145066]
     [ 13.58527127  45.41189212 -14.47137541 -15.79145985 -21.13072661   7.43727428 -23.06745141  -7.3153947  -23.98980914   0.           5.25611947  -1.52897395 -15.62532154   1.46189474  -3.95891453   0.65869324]
     [-16.12268085 -14.47137541  98.54917916  20.29874237   3.8028942  -11.52416241  23.47387037  -8.65749527  17.08980033  -5.25611947   0.          -4.47828183  21.25593701  -4.11417302   0.6000189   -2.52550506]
     [ -8.80136551 -15.79145985  20.29874237  37.49104945   0.38221502  -7.11075685   7.98085273 -12.75684109  14.3407913    1.52897395   4.47828183   0.           3.66803485   4.69073799  19.76248326  -6.67422145]
     [  4.26713193 -21.13072661   3.8028942    0.38221502 101.86050701   2.85886642  35.24728389  -8.6989805   21.25909769  15.62532154 -21.25593701  -3.66803485   0.          24.99662745   3.82439472  -5.33887158]
     [ -2.24522502   7.43727428 -11.52416241  -7.11075685   2.85886642  53.92518063  18.52164674  -7.17615934 -15.85701165  -1.46189474   4.11417302  -4.69073799 -24.99662745   0.          -4.06465797  13.22416235]
     [ 13.75529461 -23.06745141  23.47387037   7.98085273  35.24728389  18.52164674 105.60580812  -1.54949876  18.59808257   3.95891453  -0.6000189  -19.76248326  -3.82439472   4.06465797   0.          17.12062864]
     [  6.86630444  -7.3153947   -8.65749527 -12.75684109  -8.6989805   -7.17615934  -1.54949876  36.46813093   4.63145066  -0.65869324   2.52550506   6.67422145   5.33887158 -13.22416235 -17.12062864   0.        ]
     [  0.         -23.98980914  17.08980033  14.3407913   21.25909769 -15.85701165  18.59808257   4.63145066  93.09053437  13.58527127 -16.12268085  -8.80136551   4.26713193  -2.24522502  13.75529461   6.86630444]
     [ 23.98980914   0.          -5.25611947   1.52897395  15.62532154  -1.46189474   3.95891453  -0.65869324  13.58527127  45.41189212 -14.47137541 -15.79145985 -21.13072661   7.43727428 -23.06745141  -7.3153947 ]
     [-17.08980033   5.25611947   0.           4.47828183 -21.25593701   4.11417302  -0.6000189    2.52550506 -16.12268085 -14.47137541  98.54917916  20.29874237   3.8028942  -11.52416241  23.47387037  -8.65749527]
     [-14.3407913   -1.52897395  -4.47828183   0.          -3.66803485  -4.69073799 -19.76248326   6.67422145  -8.80136551 -15.79145985  20.29874237  37.49104945   0.38221502  -7.11075685   7.98085273 -12.75684109]
     [-21.25909769 -15.62532154  21.25593701   3.66803485   0.         -24.99662745  -3.82439472   5.33887158   4.26713193 -21.13072661   3.8028942    0.38221502 101.86050701   2.85886642  35.24728389  -8.6989805 ]
     [ 15.85701165   1.46189474  -4.11417302   4.69073799  24.99662745   0.           4.06465797 -13.22416235  -2.24522502   7.43727428 -11.52416241  -7.11075685   2.85886642  53.92518063  18.52164674  -7.17615934]
     [-18.59808257  -3.95891453   0.6000189   19.76248326   3.82439472  -4.06465797   0.         -17.12062864  13.75529461 -23.06745141  23.47387037   7.98085273  35.24728389  18.52164674 105.60580812  -1.54949876]
     [ -4.63145066   0.65869324  -2.52550506  -6.67422145  -5.33887158  13.22416235  17.12062864   0.           6.86630444  -7.3153947   -8.65749527 -12.75684109  -8.6989805   -7.17615934  -1.54949876  36.46813093]]
    hessian: [[ 93.09053437+3.33066907e-15j  13.58527127-1.77635684e-15j -16.12268085+1.77635684e-15j ...  -1.80212564-3.55271368e-15j  14.57475405+0.00000000e+00j  -6.5370081 +0.00000000e+00j]
     [ 13.58527127-1.77635684e-15j  45.41189212+0.00000000e+00j -14.47137541+8.88178420e-16j ...   8.07446569+6.66133815e-16j  12.4905574 -1.77635684e-15j  11.33325485-1.77635684e-15j]
     [-16.12268085+1.77635684e-15j -14.47137541+8.88178420e-16j  98.54917916-2.22044605e-15j ... -51.5346102 +8.88178420e-16j -32.56225111+3.55271368e-15j   7.29860903+0.00000000e+00j]
     ...
     [ -1.80212564-3.55271368e-15j   8.07446569+6.66133815e-16j -51.5346102 +8.88178420e-16j ...  60.53413398+0.00000000e+00j  20.53154584-8.88178420e-16j -16.16888581-1.77635684e-15j]
     [ 14.57475405+0.00000000e+00j  12.4905574 -1.77635684e-15j -32.56225111+3.55271368e-15j ...  20.53154584-8.88178420e-16j  47.20379141-4.44089210e-16j -14.1836199 -1.77635684e-15j]
     [ -6.5370081 +0.00000000e+00j  11.33325485-1.77635684e-15j   7.29860903+0.00000000e+00j ... -16.16888581-1.77635684e-15j -14.1836199 -1.77635684e-15j  56.26380847-3.55271368e-15j]]
    eigvals of hessian_by_M_M: [ 10.47304206  10.47304206  20.32815509  20.32815509  27.44438722  27.44438722  39.78648937  39.78648937  77.39126266  77.39126266  85.45142506  85.45142506 116.56527505 116.56527505 194.96224526 194.96224526]
WROR:
    iter_times, elapsed_time, sqdiff: 300, 0.6003010272979736, 1.7226422335859979
    MSN: Tensor(
        [[-0.18367657+0.33690036j -0.55113631+0.01916949j  1.0943872 +0.41817368j -0.20873312+1.13626786j]
         [-0.79329505+1.12123563j -0.97467766+0.71795881j -0.13400277-0.08825561j -0.4644065 +0.66179607j]
         [ 0.06216003-0.46058214j  0.05348394-0.67700334j  0.69738524+0.89221329j -0.50003424+0.38812908j]
         [-0.26638162-0.13482782j -0.04103633+0.28944042j -0.81675788-1.43741601j  0.72966715-0.98289453j]]
        labels=['kl', 'kr'],
        shape=(4, 4),
    )
    grad_by_M: [-1.93248195e-14  5.58719737e-14  4.77257123e-14 -1.36418654e-14 -3.65263375e-14  1.34336986e-14 -1.30381816e-13 -5.93969318e-15 -2.46469511e-14  1.33226763e-14 -6.09096107e-14 -1.62890534e-15 -1.15463195e-14 -6.43964049e-14 -4.97379915e-14  1.87072580e-14]
    hessian_by_M_M: [[125.58330623  25.63920475 -27.98293009  -6.60291251  -5.20090083 -16.70808525  10.74775147   6.86997365   0.          27.05315919 -24.07660726 -23.93128094 -24.37942192   9.3195655  -23.14734624  -4.01576706]
     [ 25.63920475  50.12941733 -14.86245059 -16.94748209 -26.83001256   0.32472946 -20.45492125  -9.14582005 -27.05315919   0.          12.19309405  -1.9897713   -0.35875396   5.10565223  15.0583827    6.1887664 ]
     [-27.98293009 -14.86245059 141.88340947  55.90690213   0.84699825  -6.30921311  29.85709713  -2.18099285  24.07660726 -12.19309405   0.           6.25946423  25.64620116  -8.82865813   4.43029033 -15.90839425]
     [ -6.60291251 -16.94748209  55.90690213  54.84259585  -0.24231929  -7.3887515   23.11387719  -9.20610027  23.93128094   1.9897713   -6.25946423   0.           9.78444294   3.91065087  13.43001288 -10.6544719 ]
     [ -5.20090083 -26.83001256   0.84699825  -0.24231929 129.69845892  19.16184673  46.71803011   0.82750631  24.37942192   0.35875396 -25.64620116  -9.78444294   0.          19.79953313   0.18184976 -13.6902188 ]
     [-16.70808525   0.32472946  -6.30921311  -7.3887515   19.16184673  58.87275674  19.88974124  -6.00597329  -9.3195655   -5.10565223   8.82865813  -3.91065087 -19.79953313   0.          -9.34593748   9.23959672]
     [ 10.74775147 -20.45492125  29.85709713  23.11387719  46.71803011  19.88974124 130.97637316  17.2171606   23.14734624 -15.0583827   -4.43029033 -13.43001288  -0.18184976   9.34593748   0.           6.34068464]
     [  6.86997365  -9.14582005  -2.18099285  -9.20610027   0.82750631  -6.00597329  17.2171606   40.98349268   4.01576706  -6.1887664   15.90839425  10.6544719   13.6902188   -9.23959672  -6.34068464   0.        ]
     [  0.         -27.05315919  24.07660726  23.93128094  24.37942192  -9.3195655   23.14734624   4.01576706 125.58330623  25.63920475 -27.98293009  -6.60291251  -5.20090083 -16.70808525  10.74775147   6.86997365]
     [ 27.05315919   0.         -12.19309405   1.9897713    0.35875396  -5.10565223 -15.0583827   -6.1887664   25.63920475  50.12941733 -14.86245059 -16.94748209 -26.83001256   0.32472946 -20.45492125  -9.14582005]
     [-24.07660726  12.19309405   0.          -6.25946423 -25.64620116   8.82865813  -4.43029033  15.90839425 -27.98293009 -14.86245059 141.88340947  55.90690213   0.84699825  -6.30921311  29.85709713  -2.18099285]
     [-23.93128094  -1.9897713    6.25946423   0.          -9.78444294  -3.91065087 -13.43001288  10.6544719   -6.60291251 -16.94748209  55.90690213  54.84259585  -0.24231929  -7.3887515   23.11387719  -9.20610027]
     [-24.37942192  -0.35875396  25.64620116   9.78444294   0.         -19.79953313  -0.18184976  13.6902188   -5.20090083 -26.83001256   0.84699825  -0.24231929 129.69845892  19.16184673  46.71803011   0.82750631]
     [  9.3195655    5.10565223  -8.82865813   3.91065087  19.79953313   0.           9.34593748  -9.23959672 -16.70808525   0.32472946  -6.30921311  -7.3887515   19.16184673  58.87275674  19.88974124  -6.00597329]
     [-23.14734624  15.0583827    4.43029033  13.43001288   0.18184976  -9.34593748   0.          -6.34068464  10.74775147 -20.45492125  29.85709713  23.11387719  46.71803011  19.88974124 130.97637316  17.2171606 ]
     [ -4.01576706   6.1887664  -15.90839425 -10.6544719  -13.6902188    9.23959672   6.34068464   0.           6.86997365  -9.14582005  -2.18099285  -9.20610027   0.82750631  -6.00597329  17.2171606   40.98349268]]
    hessian: [[125.58330623+2.88657986e-15j  25.63920475-1.77635684e-15j -27.98293009+0.00000000e+00j ...  -5.83467149+1.77635684e-15j   6.10706365+0.00000000e+00j  -6.37369618+1.99840144e-15j]
     [ 25.63920475-1.77635684e-15j  50.12941733-8.88178420e-16j -14.86245059+0.00000000e+00j ...   0.49557774+4.44089210e-16j   7.5210094 +0.00000000e+00j   7.67068573+1.33226763e-15j]
     [-27.98293009+0.00000000e+00j -14.86245059+0.00000000e+00j 141.88340947-5.32907052e-15j ... -58.45205217+3.55271368e-15j -34.68929054-8.88178420e-16j   5.56868369+0.00000000e+00j]
     ...
     [ -5.83467149+1.77635684e-15j   0.49557774+4.44089210e-16j -58.45205217+3.55271368e-15j ...  58.46465445+0.00000000e+00j  14.56318842+8.88178420e-16j -22.71700848+8.88178420e-16j]
     [  6.10706365+0.00000000e+00j   7.5210094 +0.00000000e+00j -34.68929054-8.88178420e-16j ...  14.56318842+8.88178420e-16j  36.78783092+1.77635684e-15j -15.39535573+0.00000000e+00j]
     [ -6.37369618+1.99840144e-15j   7.67068573+1.33226763e-15j   5.56868369+0.00000000e+00j ... -22.71700848+8.88178420e-16j -15.39535573+0.00000000e+00j  57.19621319+0.00000000e+00j]]
    eigvals of hessian_by_M_M: [ 10.46463754  10.46463754  23.0751187   23.0751187   26.83675567  26.83675567  48.91742088  48.91742088  88.1892784   88.1892784  125.70566041 125.70566041 158.75090266 158.75090266 251.03003613 251.03003613]
IWROR:
    iter_times, elapsed_time, sqdiff: 300, 0.6242368221282959, 1.7226422335859992
    MSN: Tensor(
        [[-0.18367657+0.33690036j -0.55113631+0.01916949j  1.0943872 +0.41817368j -0.20873312+1.13626786j]
         [-0.79329505+1.12123563j -0.97467766+0.71795881j -0.13400277-0.08825561j -0.4644065 +0.66179607j]
         [ 0.06216003-0.46058214j  0.05348394-0.67700334j  0.69738524+0.89221329j -0.50003424+0.38812908j]
         [-0.26638162-0.13482782j -0.04103633+0.28944042j -0.81675788-1.43741601j  0.72966715-0.98289453j]]
        labels=['kl', 'kr'],
        shape=(4, 4),
    )
    grad_by_M: [ 1.16261167e-14  1.98174810e-14  3.09682835e-14  4.09255962e-14 -1.73194792e-14  1.64313008e-14 -4.52970994e-14  3.25850458e-14 -4.21884749e-14 -4.01900735e-14  3.73451270e-14  3.02952108e-14  3.23074900e-14 -3.80598331e-14  5.00710584e-14 -2.76445533e-14]
    hessian_by_M_M: [[176.76872547  35.59754941 -39.46111582  -4.53736078 -13.44115122 -23.94721087  13.86769838   8.23092525   0.          34.90364284 -34.14574525 -30.73688251 -31.60571914   4.62824297 -28.66202325  -3.17882968]
     [ 35.59754941  54.82520431 -16.3180198  -17.84596331 -31.21851956  -2.22393481 -18.53439407  -9.63975316 -34.90364284   0.          16.05198423  -2.44037466   7.44210671   6.33686105  24.06140309   8.41607188]
     [-39.46111582 -16.3180198  209.54548287  80.05308936   1.22195755  -4.26847042  45.22524836   3.8421664   34.14574525 -16.05198423   0.          20.05716409  35.02053499 -10.13586484   4.17293905 -21.4157246 ]
     [ -4.53736078 -17.84596331  80.05308936  64.8606027    1.20573108  -7.45760346  32.53337083  -7.48028446  30.73688251   2.44037466 -20.05716409   0.          13.58799604   4.10976097   7.67497714 -12.8261512 ]
     [-13.44115122 -31.21851956   1.22195755   1.20573108 181.63806483  31.85992321  66.97278111   8.14269026  31.60571914  -7.44210671 -35.02053499 -13.58799604   0.          24.01548581  -3.73061472 -16.29148084]
     [-23.94721087  -2.22393481  -4.26847042  -7.45760346  31.85992321  64.36783947  22.43655917  -5.11329337  -4.62824297  -6.33686105  10.13586484  -4.10976097 -24.01548581   0.         -15.00211621   8.01702328]
     [ 13.86769838 -18.53439407  45.22524836  32.53337083  66.97278111  22.43655917 184.10965918  32.01926168  28.66202325 -24.06140309  -4.17293905  -7.67497714   3.73061472  15.00211621   0.           7.89509046]
     [  8.23092525  -9.63975316   3.8421664   -7.48028446   8.14269026  -5.11329337  32.01926168  46.04417151   3.17882968  -8.41607188  21.4157246   12.8261512   16.29148084  -8.01702328  -7.89509046   0.        ]
     [  0.         -34.90364284  34.14574525  30.73688251  31.60571914  -4.62824297  28.66202325   3.17882968 176.76872547  35.59754941 -39.46111582  -4.53736078 -13.44115122 -23.94721087  13.86769838   8.23092525]
     [ 34.90364284   0.         -16.05198423   2.44037466  -7.44210671  -6.33686105 -24.06140309  -8.41607188  35.59754941  54.82520431 -16.3180198  -17.84596331 -31.21851956  -2.22393481 -18.53439407  -9.63975316]
     [-34.14574525  16.05198423   0.         -20.05716409 -35.02053499  10.13586484  -4.17293905  21.4157246  -39.46111582 -16.3180198  209.54548287  80.05308936   1.22195755  -4.26847042  45.22524836   3.8421664 ]
     [-30.73688251  -2.44037466  20.05716409   0.         -13.58799604  -4.10976097  -7.67497714  12.8261512   -4.53736078 -17.84596331  80.05308936  64.8606027    1.20573108  -7.45760346  32.53337083  -7.48028446]
     [-31.60571914   7.44210671  35.02053499  13.58799604   0.         -24.01548581   3.73061472  16.29148084 -13.44115122 -31.21851956   1.22195755   1.20573108 181.63806483  31.85992321  66.97278111   8.14269026]
     [  4.62824297   6.33686105 -10.13586484   4.10976097  24.01548581   0.          15.00211621  -8.01702328 -23.94721087  -2.22393481  -4.26847042  -7.45760346  31.85992321  64.36783947  22.43655917  -5.11329337]
     [-28.66202325  24.06140309   4.17293905   7.67497714  -3.73061472 -15.00211621   0.          -7.89509046  13.86769838 -18.53439407  45.22524836  32.53337083  66.97278111  22.43655917 184.10965918  32.01926168]
     [ -3.17882968   8.41607188 -21.4157246  -12.8261512  -16.29148084   8.01702328   7.89509046   0.           8.23092525  -9.63975316   3.8421664   -7.48028446   8.14269026  -5.11329337  32.01926168  46.04417151]]
