b=4, chi=2, seed=250, 
NOR:
    iter_times, elapsed_time, sqdiff: 1, 0.0038487911224365234, 3.75188314410523
    MSN: Tensor(
        [[-0.20617564-0.02903671j  0.30777814-0.91019384j  1.01257639-0.97238059j -1.29522134+1.39645377j]
         [ 0.0626829 -0.75898038j  0.1234264 +0.90111065j  0.68184851+0.7191468j   0.29501149-0.56939169j]
         [ 0.28674489+0.22483199j -0.43044221+0.02028396j -0.67787121+0.24943104j  0.45911573-0.0516144j ]
         [ 0.45711552-1.01065466j -0.38621087+0.73807j     0.94388984+0.69168924j  0.23179725+0.47299459j]]
        labels=['kl', 'kr'],
        shape=(4, 4),
    )
    grad_by_reM_reM: Tensor(
        [-0.21486826+9.99200722e-16j  0.47228532+2.77555756e-16j -2.49409117-1.77635684e-15j -2.57263783-6.66133815e-16j  1.60838466-8.88178420e-16j  0.47828822+6.66133815e-16j  1.21012498-7.21644966e-16j  0.18817237+0.00000000e+00j]
        labels=[('kl', 'vXxCqUQi')],
        shape=(8,),
    )
    grad_by_imM_imM: Tensor(
        [ 0.07495096+2.22044605e-15j -0.9217611 +6.66133815e-16j  1.3281461 +2.22044605e-16j -2.44756961+4.44089210e-16j  2.62283078+1.66533454e-15j  2.53150637+1.11022302e-15j  0.47673042+9.99200722e-16j  2.39262232-3.33066907e-16j]
        labels=[('kl', 'vXxCqUQi')],
        shape=(8,),
    )
    hessian_by_M_M: [[ 5.38759067e+01  1.35124752e+01  4.21405342e+00  1.12659394e+01  2.86300798e+00  5.11497607e+00  6.34960363e+00 -1.91149948e+01  0.00000000e+00  5.47452625e+00  1.90422606e+01  9.15632984e+00 -6.73663718e+00 -3.85711011e+00  1.53709817e+01 -1.58739335e+01]
     [ 1.35124752e+01  5.15038346e+01 -1.00473238e+01  1.43083033e+00  3.77894430e+00 -3.74143684e+00 -4.98828777e-01 -5.75201548e+00 -5.47452625e+00  0.00000000e+00  2.07367726e+01  1.76467724e+00  7.80289904e+00  1.20934889e+01 -9.10539617e+00  6.71342566e+00]
     [ 4.21405342e+00 -1.00473238e+01  5.82542201e+01  1.53062096e+01  3.18366965e+00  5.81157098e+00  3.07990742e+00 -4.79972412e+00 -1.90422606e+01 -2.07367726e+01  0.00000000e+00 -8.01015416e+00  4.76461318e+00 -4.09392882e+00 -1.31728756e+00  2.77002171e+00]
     [ 1.12659394e+01  1.43083033e+00  1.53062096e+01  3.31278144e+01 -2.32280778e+00  8.81642542e+00  2.33236879e+00 -1.15768411e+01 -9.15632984e+00 -1.76467724e+00  8.01015416e+00  0.00000000e+00 -6.66358883e-02 -4.59394101e+00  3.14518787e+00 -2.50755149e+00]
     [ 2.86300798e+00  3.77894430e+00  3.18366965e+00 -2.32280778e+00  6.03877843e+01  8.74823240e+00  1.99081475e+01  1.45920075e+01  6.73663718e+00 -7.80289904e+00 -4.76461318e+00  6.66358883e-02  0.00000000e+00  9.42226414e+00 -2.10365419e+00  1.10836986e+00]
     [ 5.11497607e+00 -3.74143684e+00  5.81157098e+00  8.81642542e+00  8.74823240e+00  5.53309861e+01 -1.79921833e+01 -3.54309841e+00  3.85711011e+00 -1.20934889e+01  4.09392882e+00  4.59394101e+00 -9.42226414e+00  0.00000000e+00  1.22595785e+01 -5.82780077e-01]
     [ 6.34960363e+00 -4.98828777e-01  3.07990742e+00  2.33236879e+00  1.99081475e+01 -1.79921833e+01  7.00708413e+01  9.22931116e+00 -1.53709817e+01  9.10539617e+00  1.31728756e+00 -3.14518787e+00  2.10365419e+00 -1.22595785e+01  0.00000000e+00  1.16251952e+01]
     [-1.91149948e+01 -5.75201548e+00 -4.79972412e+00 -1.15768411e+01  1.45920075e+01 -3.54309841e+00  9.22931116e+00  4.42387785e+01  1.58739335e+01 -6.71342566e+00 -2.77002171e+00  2.50755149e+00 -1.10836986e+00  5.82780077e-01 -1.16251952e+01  0.00000000e+00]
     [ 0.00000000e+00 -5.47452625e+00 -1.90422606e+01 -9.15632984e+00  6.73663718e+00  3.85711011e+00 -1.53709817e+01  1.58739335e+01  5.38759067e+01  1.35124752e+01  4.21405342e+00  1.12659394e+01  2.86300798e+00  5.11497607e+00  6.34960363e+00 -1.91149948e+01]
     [ 5.47452625e+00  0.00000000e+00 -2.07367726e+01 -1.76467724e+00 -7.80289904e+00 -1.20934889e+01  9.10539617e+00 -6.71342566e+00  1.35124752e+01  5.15038346e+01 -1.00473238e+01  1.43083033e+00  3.77894430e+00 -3.74143684e+00 -4.98828777e-01 -5.75201548e+00]
     [ 1.90422606e+01  2.07367726e+01  0.00000000e+00  8.01015416e+00 -4.76461318e+00  4.09392882e+00  1.31728756e+00 -2.77002171e+00  4.21405342e+00 -1.00473238e+01  5.82542201e+01  1.53062096e+01  3.18366965e+00  5.81157098e+00  3.07990742e+00 -4.79972412e+00]
     [ 9.15632984e+00  1.76467724e+00 -8.01015416e+00  0.00000000e+00  6.66358883e-02  4.59394101e+00 -3.14518787e+00  2.50755149e+00  1.12659394e+01  1.43083033e+00  1.53062096e+01  3.31278144e+01 -2.32280778e+00  8.81642542e+00  2.33236879e+00 -1.15768411e+01]
     [-6.73663718e+00  7.80289904e+00  4.76461318e+00 -6.66358883e-02  0.00000000e+00 -9.42226414e+00  2.10365419e+00 -1.10836986e+00  2.86300798e+00  3.77894430e+00  3.18366965e+00 -2.32280778e+00  6.03877843e+01  8.74823240e+00  1.99081475e+01  1.45920075e+01]
     [-3.85711011e+00  1.20934889e+01 -4.09392882e+00 -4.59394101e+00  9.42226414e+00  0.00000000e+00 -1.22595785e+01  5.82780077e-01  5.11497607e+00 -3.74143684e+00  5.81157098e+00  8.81642542e+00  8.74823240e+00  5.53309861e+01 -1.79921833e+01 -3.54309841e+00]
     [ 1.53709817e+01 -9.10539617e+00 -1.31728756e+00  3.14518787e+00 -2.10365419e+00  1.22595785e+01  0.00000000e+00 -1.16251952e+01  6.34960363e+00 -4.98828777e-01  3.07990742e+00  2.33236879e+00  1.99081475e+01 -1.79921833e+01  7.00708413e+01  9.22931116e+00]
     [-1.58739335e+01  6.71342566e+00  2.77002171e+00 -2.50755149e+00  1.10836986e+00 -5.82780077e-01  1.16251952e+01  0.00000000e+00 -1.91149948e+01 -5.75201548e+00 -4.79972412e+00 -1.15768411e+01  1.45920075e+01 -3.54309841e+00  9.22931116e+00  4.42387785e+01]]
    eigvals of hessian_by_M_M: [ 11.57925609  11.57925609  17.02615966  17.02615966  19.97483497  19.97483497  34.3883732   34.3883732   53.33714831  53.33714831  83.03979991  83.03979991  95.02685017  95.02685017 112.41774365 112.41774365]
WCOR:
    iter_times, elapsed_time, sqdiff: 1, 0.004530191421508789, 4.376932013312801
    MSN: Tensor(
        [[-0.12010223+0.01256715j  0.23720218-0.97740527j  1.01099051-1.03126528j -1.57088552+1.29247233j]
         [ 0.18581484-0.69468158j -0.13257858+1.05875214j  0.73246787+0.80883007j  0.37248361-0.52391946j]
         [ 0.1795403 +0.11387719j -0.37459586+0.02773115j -0.52689054+0.21132309j  0.48017892+0.04004603j]
         [ 0.38794456-0.92798811j -0.67060986+0.91853943j  1.06314311+0.47234849j  0.28126935+0.55813482j]]
        labels=['kl', 'kr'],
        shape=(4, 4),
    )
    grad_by_reM_reM: Tensor(
        [ 0.62626327+1.55431223e-15j  0.05694827+3.33066907e-16j  2.06298285-2.22044605e-15j  1.33033607+0.00000000e+00j -2.7142039 +3.33066907e-16j  0.28369455-1.77635684e-15j  1.58952431-4.44089210e-16j  0.86189326-1.11022302e-16j]
        labels=[('kl', 'vXxCqUQi')],
        shape=(8,),
    )
    grad_by_imM_imM: Tensor(
        [ 0.10707301-1.11022302e-16j -0.7923138 +4.44089210e-16j  0.33331818-2.22044605e-16j -4.50614246+7.77156117e-16j  0.432018  -1.11022302e-15j -0.74533873-2.22044605e-16j -2.1029568 -1.77635684e-15j  0.18319172-2.22044605e-16j]
        labels=[('kl', 'vXxCqUQi')],
        shape=(8,),
    )
    hessian_by_M_M: [[ 54.98013131  24.87997423   3.28572909   9.15721315   7.14544223  10.16648703   4.63075357 -20.26951287   0.           2.93983904  21.91975418  10.51719063  -6.97932807  -6.44298946  12.86570487 -12.16665406]
     [ 24.87997423  61.27672907 -10.72174322   0.72508841   2.8298154   -2.02985659   0.92510792  -6.23960119  -2.93983904   0.          20.84215779   5.2107269    8.70528939  10.06380054  -5.97925278   8.21577167]
     [  3.28572909 -10.72174322  60.38111624  20.55694074   1.04570083   5.72906125   3.30772104  -6.72638383 -21.91975418 -20.84215779   0.         -10.59216125   0.64622041  -5.7002906   -2.12058715   3.26832492]
     [  9.15721315   0.72508841  20.55694074  34.12961547  -4.58621515   7.35058037   3.57311274 -10.57686675 -10.51719063  -5.2107269   10.59216125   0.          -3.78906801  -6.47606666  -1.84292197  -3.21517379]
     [  7.14544223   2.8298154    1.04570083  -4.58621515  59.19853553  21.22751969  18.75217327  16.50059988   6.97932807  -8.70528939  -0.64622041   3.78906801   0.           7.05757844  -0.48722318  -3.03289037]
     [ 10.16648703  -2.02985659   5.72906125   7.35058037  21.22751969  63.72259488 -19.53409658  -3.34433951   6.44298946 -10.06380054   5.7002906    6.47606666  -7.05757844   0.           9.310917    -2.46894527]
     [  4.63075357   0.92510792   3.30772104   3.57311274  18.75217327 -19.53409658  67.49763326  19.68132289 -12.86570487   5.97925278   2.12058715   1.84292197   0.48722318  -9.310917     0.           9.09572482]
     [-20.26951287  -6.23960119  -6.72638383 -10.57686675  16.50059988  -3.34433951  19.68132289  49.51658613  12.16665406  -8.21577167  -3.26832492   3.21517379   3.03289037   2.46894527  -9.09572482   0.        ]
     [  0.          -2.93983904 -21.91975418 -10.51719063   6.97932807   6.44298946 -12.86570487  12.16665406  54.98013131  24.87997423   3.28572909   9.15721315   7.14544223  10.16648703   4.63075357 -20.26951287]
     [  2.93983904   0.         -20.84215779  -5.2107269   -8.70528939 -10.06380054   5.97925278  -8.21577167  24.87997423  61.27672907 -10.72174322   0.72508841   2.8298154   -2.02985659   0.92510792  -6.23960119]
     [ 21.91975418  20.84215779   0.          10.59216125  -0.64622041   5.7002906    2.12058715  -3.26832492   3.28572909 -10.72174322  60.38111624  20.55694074   1.04570083   5.72906125   3.30772104  -6.72638383]
     [ 10.51719063   5.2107269  -10.59216125   0.           3.78906801   6.47606666   1.84292197   3.21517379   9.15721315   0.72508841  20.55694074  34.12961547  -4.58621515   7.35058037   3.57311274 -10.57686675]
     [ -6.97932807   8.70528939   0.64622041  -3.78906801   0.          -7.05757844   0.48722318   3.03289037   7.14544223   2.8298154    1.04570083  -4.58621515  59.19853553  21.22751969  18.75217327  16.50059988]
     [ -6.44298946  10.06380054  -5.7002906   -6.47606666   7.05757844   0.          -9.310917     2.46894527  10.16648703  -2.02985659   5.72906125   7.35058037  21.22751969  63.72259488 -19.53409658  -3.34433951]
     [ 12.86570487  -5.97925278  -2.12058715  -1.84292197  -0.48722318   9.310917     0.          -9.09572482   4.63075357   0.92510792   3.30772104   3.57311274  18.75217327 -19.53409658  67.49763326  19.68132289]
     [-12.16665406   8.21577167   3.26832492  -3.21517379  -3.03289037  -2.46894527   9.09572482   0.         -20.26951287  -6.23960119  -6.72638383 -10.57686675  16.50059988  -3.34433951  19.68132289  49.51658613]]
    eigvals of hessian_by_M_M: [  8.86272121   8.86272121  15.88851435  15.88851435  20.08525797  20.08525797  34.94509542  34.94509542  56.64015335  56.64015335  90.71694078  90.71694078 100.20639835 100.20639835 123.35786046 123.35786046]
WROR:
    iter_times, elapsed_time, sqdiff: 1, 0.004587650299072266, 6.795220138402291
    MSN: Tensor(
        [[-0.09055792+0.04150363j  0.20188261-1.01069825j  0.95617308-1.04248009j -1.72024181+1.17923134j]
         [ 0.25073736-0.64641382j -0.29933215+1.09915183j  0.76212495+0.82338125j  0.40639925-0.50187673j]
         [ 0.13301694+0.06248383j -0.34570654+0.06143902j -0.43973278+0.17884398j  0.49583049+0.09644314j]
         [ 0.36699177-0.86229695j -0.80925356+1.0085118j   1.07677597+0.33354j     0.28791047+0.5683626j ]]
        labels=['kl', 'kr'],
        shape=(4, 4),
    )
    grad_by_reM_reM: Tensor(
        [ 1.38833551-8.88178420e-16j -1.09749794-5.55111512e-17j  5.02014905-1.66533454e-16j  4.47415654-1.33226763e-15j -5.57873479-3.33066907e-16j -0.50231442+8.88178420e-16j  2.89104597+1.33226763e-15j  0.85745003+0.00000000e+00j]
        labels=[('kl', 'vXxCqUQi')],
        shape=(8,),
    )
    grad_by_imM_imM: Tensor(
        [ 0.10813819-6.66133815e-16j  0.39658069-1.99840144e-15j -0.10131843+1.33226763e-15j -5.97695497+4.44089210e-16j -1.09805876+1.77635684e-15j -4.15765035+0.00000000e+00j -2.65472513+2.22044605e-15j -1.50557235+8.88178420e-16j]
        labels=[('kl', 'vXxCqUQi')],
        shape=(8,),
    )
    hessian_by_M_M: [[ 55.06715923  29.99148002   2.63120105   7.80135822   8.99382796  12.18730676   3.92899705 -19.75497504   0.           0.84256472  22.38284211  11.07900934  -7.18339773  -8.50377584  11.8809047   -9.33995297]
     [ 29.99148002  64.29697224 -10.93900938   0.34745396   2.14534095  -1.17705496   1.48374176  -5.86649048  -0.84256472   0.          20.08477055   7.2198788    8.05517182   7.91208375  -3.71926152   9.05991169]
     [  2.63120105 -10.93900938  59.99729247  22.05801722   0.16578891   5.16403835   3.78969782  -6.65311408 -22.38284211 -20.08477055   0.         -11.79021074  -1.12543369  -6.00224275  -3.11282015   3.5672959 ]
     [  7.80135822   0.34745396  22.05801722  33.93899463  -5.4739981    6.44126955   4.62736092  -9.1946155  -11.07900934  -7.2198788   11.79021074   0.          -5.62989326  -6.8318099   -4.46505468  -3.64387176]
     [  8.99382796   2.14534095   0.16578891  -5.4739981   57.81245753  26.44156     17.26707624  16.40328735   7.18339773  -8.05517182   1.12543369   5.62989326   0.           4.37051227  -0.1889434   -5.43232678]
     [ 12.18730676  -1.17705496   5.16403835   6.44126955  26.44156     65.48775952 -19.50079306  -3.17213298   8.50377584  -7.91208375   6.00224275   6.8318099   -4.37051227   0.           7.70100471  -3.24338508]
     [  3.92899705   1.48374176   3.78969782   4.62736092  17.26707624 -19.50079306  64.99828896  24.00260824 -11.8809047    3.71926152   3.11282015   4.46505468   0.1889434   -7.70100471   0.           6.65299386]
     [-19.75497504  -5.86649048  -6.65311408  -9.1946155   16.40328735  -3.17213298  24.00260824  50.58271163   9.33995297  -9.05991169  -3.5672959    3.64387176   5.43232678   3.24338508  -6.65299386   0.        ]
     [  0.          -0.84256472 -22.38284211 -11.07900934   7.18339773   8.50377584 -11.8809047    9.33995297  55.06715923  29.99148002   2.63120105   7.80135822   8.99382796  12.18730676   3.92899705 -19.75497504]
     [  0.84256472   0.         -20.08477055  -7.2198788   -8.05517182  -7.91208375   3.71926152  -9.05991169  29.99148002  64.29697224 -10.93900938   0.34745396   2.14534095  -1.17705496   1.48374176  -5.86649048]
     [ 22.38284211  20.08477055   0.          11.79021074   1.12543369   6.00224275   3.11282015  -3.5672959    2.63120105 -10.93900938  59.99729247  22.05801722   0.16578891   5.16403835   3.78969782  -6.65311408]
     [ 11.07900934   7.2198788  -11.79021074   0.           5.62989326   6.8318099    4.46505468   3.64387176   7.80135822   0.34745396  22.05801722  33.93899463  -5.4739981    6.44126955   4.62736092  -9.1946155 ]
     [ -7.18339773   8.05517182  -1.12543369  -5.62989326   0.          -4.37051227   0.1889434    5.43232678   8.99382796   2.14534095   0.16578891  -5.4739981   57.81245753  26.44156     17.26707624  16.40328735]
     [ -8.50377584   7.91208375  -6.00224275  -6.8318099    4.37051227   0.          -7.70100471   3.24338508  12.18730676  -1.17705496   5.16403835   6.44126955  26.44156     65.48775952 -19.50079306  -3.17213298]
     [ 11.8809047   -3.71926152  -3.11282015  -4.46505468  -0.1889434    7.70100471   0.          -6.65299386   3.92899705   1.48374176   3.78969782   4.62736092  17.26707624 -19.50079306  64.99828896  24.00260824]
     [ -9.33995297   9.05991169   3.5672959   -3.64387176  -5.43232678  -3.24338508   6.65299386   0.         -19.75497504  -5.86649048  -6.65311408  -9.1946155   16.40328735  -3.17213298  24.00260824  50.58271163]]
    eigvals of hessian_by_M_M: [  7.12385518   7.12385518  13.83568589  13.83568589  19.95601458  19.95601458  33.43530858  33.43530858  56.51832809  56.51832809  91.47939547  91.47939547 101.67219033 101.67219033 128.16085811 128.16085811]
IWROR:
    iter_times, elapsed_time, sqdiff: 1, 0.00661015510559082, 7.530671998243123
    MSN: Tensor(
        [[-0.07860137+0.0408784j   0.19218955-1.00036134j  0.96167902-1.0380448j  -1.73978198+1.139046j  ]
         [ 0.24368314-0.63596423j -0.33054085+1.11080585j  0.76877772+0.80514756j  0.42755894-0.48132977j]
         [ 0.12925665+0.05969459j -0.34448962+0.05496547j -0.43687825+0.17907061j  0.49008892+0.10861065j]
         [ 0.36170776-0.85284329j -0.85507224+1.03271634j  1.09168619+0.30738661j  0.29148087+0.58814362j]]
        labels=['kl', 'kr'],
        shape=(4, 4),
    )
    grad_by_reM_reM: Tensor(
        [ 1.4839561 +1.11022302e-15j -1.28330368+1.11022302e-15j  5.40103653-1.55431223e-15j  5.03624141-1.33226763e-15j -5.76207701+1.99840144e-15j -0.81535446-1.33226763e-15j  3.41943672+0.00000000e+00j  1.1064404 +1.99840144e-15j]
        labels=[('kl', 'vXxCqUQi')],
        shape=(8,),
    )
    grad_by_imM_imM: Tensor(
        [-0.1518247 -1.11022302e-15j  0.48268687-1.44328993e-15j -0.31978541+8.88178420e-16j -6.5371345 +8.88178420e-16j -1.00517351-1.33226763e-15j -4.45833282+3.55271368e-15j -3.130553  +1.77635684e-15j -2.04252849+1.33226763e-15j]
        labels=[('kl', 'vXxCqUQi')],
        shape=(8,),
    )
    hessian_by_M_M: [[ 56.03950292  31.95738084   2.58656683   7.49836011   9.64104185  12.99545275   3.78535758 -19.95910623   0.           0.64205056  22.93679961  11.51790776  -7.28963394  -8.92661757  11.63805927  -8.89091577]
     [ 31.95738084  66.75794483 -10.96045861   0.23060968   1.999353    -1.12460398   1.66515611  -5.93506337  -0.64205056   0.          20.36283155   7.73105308   8.06693961   7.55586917  -3.35258616   9.65310344]
     [  2.58656683 -10.96045861  60.92611371  23.04355607  -0.19100635   5.03544295   3.71676627  -6.91567412 -22.93679961 -20.36283155   0.         -11.89195061  -1.56815619  -6.18537438  -3.41753022   3.63087878]
     [  7.49836011   0.23060968  23.04355607  34.69824909  -5.75684085   6.36070454   4.83076052  -9.09295913 -11.51790776  -7.73105308  11.89195061   0.          -6.09645517  -7.13085824  -5.26321749  -3.79006328]
     [  9.64104185   1.999353    -0.19100635  -5.75684085  58.58877483  28.43344458  17.08672885  16.54860663   7.28963394  -8.06693961   1.56815619   6.09645517   0.           4.17420794   0.16292815  -5.81654485]
     [ 12.99545275  -1.12460398   5.03544295   6.36070454  28.43344458  67.77016753 -19.82134504  -3.31912549   8.92661757  -7.55586917   6.18537438   7.13085824  -4.17420794   0.           7.43567686  -3.72818672]
     [  3.78535758   1.66515611   3.71676627   4.83076052  17.08672885 -19.82134504  65.27697966  25.52156526 -11.63805927   3.35258616   3.41753022   5.26321749  -0.16292815  -7.43567686   0.           6.53294752]
     [-19.95910623  -5.93506337  -6.91567412  -9.09295913  16.54860663  -3.31912549  25.52156526  52.25880547   8.89091577  -9.65310344  -3.63087878   3.79006328   5.81654485   3.72818672  -6.53294752   0.        ]
     [  0.          -0.64205056 -22.93679961 -11.51790776   7.28963394   8.92661757 -11.63805927   8.89091577  56.03950292  31.95738084   2.58656683   7.49836011   9.64104185  12.99545275   3.78535758 -19.95910623]
     [  0.64205056   0.         -20.36283155  -7.73105308  -8.06693961  -7.55586917   3.35258616  -9.65310344  31.95738084  66.75794483 -10.96045861   0.23060968   1.999353    -1.12460398   1.66515611  -5.93506337]
     [ 22.93679961  20.36283155   0.          11.89195061   1.56815619   6.18537438   3.41753022  -3.63087878   2.58656683 -10.96045861  60.92611371  23.04355607  -0.19100635   5.03544295   3.71676627  -6.91567412]
     [ 11.51790776   7.73105308 -11.89195061   0.           6.09645517   7.13085824   5.26321749   3.79006328   7.49836011   0.23060968  23.04355607  34.69824909  -5.75684085   6.36070454   4.83076052  -9.09295913]
     [ -7.28963394   8.06693961  -1.56815619  -6.09645517   0.          -4.17420794  -0.16292815   5.81654485   9.64104185   1.999353    -0.19100635  -5.75684085  58.58877483  28.43344458  17.08672885  16.54860663]
     [ -8.92661757   7.55586917  -6.18537438  -7.13085824   4.17420794   0.          -7.43567686   3.72818672  12.99545275  -1.12460398   5.03544295   6.36070454  28.43344458  67.77016753 -19.82134504  -3.31912549]
     [ 11.63805927  -3.35258616  -3.41753022  -5.26321749   0.16292815   7.43567686   0.          -6.53294752   3.78535758   1.66515611   3.71676627   4.83076052  17.08672885 -19.82134504  65.27697966  25.52156526]
     [ -8.89091577   9.65310344   3.63087878  -3.79006328  -5.81654485  -3.72818672   6.53294752   0.         -19.95910623  -5.93506337  -6.91567412  -9.09295913  16.54860663  -3.31912549  25.52156526  52.25880547]]
    eigvals of hessian_by_M_M: [  6.85198463   6.85198463  13.66954468  13.66954468  20.18158184  20.18158184  33.73563601  33.73563601  57.61806042  57.61806042  93.73063739  93.73063739 104.35101491 104.35101491 132.17807818 132.17807818]
WLBOR:
    iter_times, elapsed_time, sqdiff: 1, 0.012345075607299805, 3.560675701487831
    MSN: Tensor(
        [[-0.18420731-0.02776532j  0.29336499-0.94344921j  1.07670064-1.01371122j -1.37515265+1.43393595j]
         [ 0.09059619-0.74945654j  0.07210323+0.95099247j  0.67660404+0.77644828j  0.30971928-0.58192487j]
         [ 0.25744456+0.1901688j  -0.41650022+0.02404539j -0.65048109+0.23267099j  0.47497805-0.03621403j]
         [ 0.4162315 -1.01017355j -0.444391  +0.78160278j  0.97742373+0.63311121j  0.2613971 +0.49719844j]]
        labels=['kl', 'kr'],
        shape=(4, 4),
    )
    grad_by_reM_reM: Tensor(
        [-0.8156985 -1.66533454e-16j  2.31534021-2.22044605e-16j -0.83771663+4.44089210e-16j -2.18623858+0.00000000e+00j  0.31476095+0.00000000e+00j -0.10568146+6.66133815e-16j -0.13418809-6.66133815e-16j -0.21802264+1.11022302e-15j]
        labels=[('kl', 'vXxCqUQi')],
        shape=(8,),
    )
    grad_by_imM_imM: Tensor(
        [-0.91603467+4.99600361e-16j -2.15973323-8.88178420e-16j  1.20528096+1.22124533e-15j -2.88099791+8.88178420e-16j  2.51589317-1.66533454e-15j  2.51186367-1.55431223e-15j -1.21371963+1.72084569e-15j  2.30062654+1.22124533e-15j]
        labels=[('kl', 'vXxCqUQi')],
        shape=(8,),
    )
    hessian_by_M_M: [[ 54.27276176  15.49617395   4.23146239  10.76208561   3.83899346   6.43562307   6.01333157 -19.82525317   0.           5.65794228  20.01651614   9.6279412   -6.95439602  -4.09923891  14.6957009  -15.8650888 ]
     [ 15.49617395  55.42168515  -9.91662835   1.26071976   3.74417597  -3.70170956  -0.26630237  -6.05569731  -5.65794228   0.          21.17532304   1.97516945   8.3235143   12.12170987  -9.09805441   7.68239748]
     [  4.23146239  -9.91662835  59.29067137  16.37666836   2.73234635   5.90613106   3.03547852  -5.50665823 -20.01651614 -21.17532304   0.          -8.09068663   3.86076192  -4.61650658  -1.50940025   2.75570385]
     [ 10.76208561   1.26071976  16.37666836  33.91151074  -2.79721806   8.676404     2.60771127 -11.78855707  -9.6279412   -1.97516945   8.09068663   0.          -0.81972323  -5.3220608    2.05109961  -2.64722864]
     [  3.83899346   3.74417597   2.73234635  -2.79721806  60.52539253  10.78108349  19.81847748  15.17411803   6.95439602  -8.3235143   -3.86076192   0.81972323   0.           9.95995367  -1.5922598    0.68912865]
     [  6.43562307  -3.70170956   5.90613106   8.676404    10.78108349  59.2224845  -18.91307646  -3.63682544   4.09923891 -12.12170987   4.61650658   5.3220608   -9.95995367   0.          11.85904925  -1.44794358]
     [  6.01333157  -0.26630237   3.03547852   2.60771127  19.81847748 -18.91307646  70.04242682  10.84689585 -14.6957009    9.09805441   1.50940025  -2.05109961   1.5922598  -11.85904925   0.          12.02692062]
     [-19.82525317  -6.05569731  -5.50665823 -11.78855707  15.17411803  -3.63682544  10.84689585  46.98670742  15.8650888   -7.68239748  -2.75570385   2.64722864  -0.68912865   1.44794358 -12.02692062   0.        ]
     [  0.          -5.65794228 -20.01651614  -9.6279412    6.95439602   4.09923891 -14.6957009   15.8650888   54.27276176  15.49617395   4.23146239  10.76208561   3.83899346   6.43562307   6.01333157 -19.82525317]
     [  5.65794228   0.         -21.17532304  -1.97516945  -8.3235143  -12.12170987   9.09805441  -7.68239748  15.49617395  55.42168515  -9.91662835   1.26071976   3.74417597  -3.70170956  -0.26630237  -6.05569731]
     [ 20.01651614  21.17532304   0.           8.09068663  -3.86076192   4.61650658   1.50940025  -2.75570385   4.23146239  -9.91662835  59.29067137  16.37666836   2.73234635   5.90613106   3.03547852  -5.50665823]
     [  9.6279412    1.97516945  -8.09068663   0.           0.81972323   5.3220608   -2.05109961   2.64722864  10.76208561   1.26071976  16.37666836  33.91151074  -2.79721806   8.676404     2.60771127 -11.78855707]
     [ -6.95439602   8.3235143    3.86076192  -0.81972323   0.          -9.95995367   1.5922598   -0.68912865   3.83899346   3.74417597   2.73234635  -2.79721806  60.52539253  10.78108349  19.81847748  15.17411803]
     [ -4.09923891  12.12170987  -4.61650658  -5.3220608    9.95995367   0.         -11.85904925   1.44794358   6.43562307  -3.70170956   5.90613106   8.676404    10.78108349  59.2224845  -18.91307646  -3.63682544]
     [ 14.6957009   -9.09805441  -1.50940025   2.05109961  -1.5922598   11.85904925   0.         -12.02692062   6.01333157  -0.26630237   3.03547852   2.60771127  19.81847748 -18.91307646  70.04242682  10.84689585]
     [-15.8650888    7.68239748   2.75570385  -2.64722864   0.68912865  -1.44794358  12.02692062   0.         -19.82525317  -6.05569731  -5.50665823 -11.78855707  15.17411803  -3.63682544  10.84689585  46.98670742]]
    eigvals of hessian_by_M_M: [ 11.49241957  11.49241957  17.54319427  17.54319427  20.5650105   20.5650105   35.79390564  35.79390564  55.14669122  55.14669122  85.86798157  85.86798157  98.02896445  98.02896445 115.23547306 115.23547306]
WNAG:
    iter_times, elapsed_time, sqdiff: 1, 0.004868268966674805, 13.10737413576571
    MSN: Tensor(
        [[-0.08453722+0.07902794j  0.17471919-1.04960619j  0.83433133-1.03778755j -1.90286215+0.97619094j]
         [ 0.3208043 -0.57549683j -0.54510505+1.10315902j  0.78689987+0.78267075j  0.45833814-0.49277581j]
         [ 0.0908108 +0.00750677j -0.31585944+0.12747653j -0.33238311+0.129479j    0.50968144+0.17478957j]
         [ 0.34015194-0.76486311j -0.98387176+1.10766486j  1.01998467+0.12922305j  0.28279502+0.53615834j]]
        labels=['kl', 'kr'],
        shape=(4, 4),
    )
    grad_by_reM_reM: Tensor(
        [ 2.08513564-2.22044605e-16j -3.15575021-1.11022302e-15j  9.00210688-2.69229083e-15j  8.55000848-2.66453526e-15j -8.6142381 -1.99840144e-15j -2.28260805-1.77635684e-15j  5.51894987+4.44089210e-16j  0.74144481+1.33226763e-15j]
        labels=[('kl', 'vXxCqUQi')],
        shape=(8,),
    )
    grad_by_imM_imM: Tensor(
        [-0.2034772 -4.44089210e-16j  2.67865588+1.99840144e-15j -0.39305404+2.66453526e-15j -8.00016687+3.55271368e-15j -2.29221438+0.00000000e+00j -8.69421035+2.22044605e-16j -2.81731063-8.88178420e-16j -3.93176244+4.44089210e-16j]
        labels=[('kl', 'vXxCqUQi')],
        shape=(8,),
    )
    hessian_by_M_M: [[ 54.03037895  34.61872968   2.10509013   6.01008085  10.61097035  13.70471867   3.28039036 -17.48807567   0.          -2.45137624  21.82479132  11.58844118  -7.69808317 -11.61900027  10.52934333  -5.44222913]
     [ 34.61872968  65.48609993 -10.40076049   0.16360811   1.16362222  -0.31277648   1.65691491  -4.61517629   2.45137624   0.          18.14837937   9.54091325   6.08836059   4.42195882  -0.69911092  10.03371853]
     [  2.10509013 -10.40076049  57.58660863  22.26827142  -0.37353162   3.90922142   4.87952667  -5.40962594 -21.82479132 -18.14837937   0.         -12.81155726  -2.63963105  -5.52527179  -5.04690865   3.64039187]
     [  6.01008085   0.16360811  22.26827142  32.86451344  -5.96066392   5.13572695   6.34711824  -6.83245995 -11.58844118  -9.54091325  12.81155726   0.          -7.46255615  -6.34313179  -7.59421638  -4.27102678]
     [ 10.61097035   1.16362222  -0.37353162  -5.96066392  54.46263337  30.350384    14.16880297  14.94165639   7.69808317  -6.08836059   2.63963105   7.46255615   0.          -0.19046992  -0.15271589  -8.23434066]
     [ 13.70471867  -0.31277648   3.90922142   5.13572695  30.350384    64.49947445 -18.76369781  -2.84916621  11.61900027  -4.42195882   5.52527179   6.34313179   0.19046992   0.           6.09013632  -3.68690375]
     [  3.28039036   1.65691491   4.87952667   6.34711824  14.16880297 -18.76369781  59.94023147  27.14507888 -10.52934333   0.69911092   5.04690865   7.59421638   0.15271589  -6.09013632   0.           2.56654669]
     [-17.48807567  -4.61517629  -5.40962594  -6.83245995  14.94165639  -2.84916621  27.14507888  49.67404542   5.44222913 -10.03371853  -3.64039187   4.27102678   8.23434066   3.68690375  -2.56654669   0.        ]
     [  0.           2.45137624 -21.82479132 -11.58844118   7.69808317  11.61900027 -10.52934333   5.44222913  54.03037895  34.61872968   2.10509013   6.01008085  10.61097035  13.70471867   3.28039036 -17.48807567]
     [ -2.45137624   0.         -18.14837937  -9.54091325  -6.08836059  -4.42195882   0.69911092 -10.03371853  34.61872968  65.48609993 -10.40076049   0.16360811   1.16362222  -0.31277648   1.65691491  -4.61517629]
     [ 21.82479132  18.14837937   0.          12.81155726   2.63963105   5.52527179   5.04690865  -3.64039187   2.10509013 -10.40076049  57.58660863  22.26827142  -0.37353162   3.90922142   4.87952667  -5.40962594]
     [ 11.58844118   9.54091325 -12.81155726   0.           7.46255615   6.34313179   7.59421638   4.27102678   6.01008085   0.16360811  22.26827142  32.86451344  -5.96066392   5.13572695   6.34711824  -6.83245995]
     [ -7.69808317   6.08836059  -2.63963105  -7.46255615   0.           0.19046992   0.15271589   8.23434066  10.61097035   1.16362222  -0.37353162  -5.96066392  54.46263337  30.350384    14.16880297  14.94165639]
     [-11.61900027   4.42195882  -5.52527179  -6.34313179  -0.19046992   0.          -6.09013632   3.68690375  13.70471867  -0.31277648   3.90922142   5.13572695  30.350384    64.49947445 -18.76369781  -2.84916621]
     [ 10.52934333  -0.69911092  -5.04690865  -7.59421638  -0.15271589   6.09013632   0.          -2.56654669   3.28039036   1.65691491   4.87952667   6.34711824  14.16880297 -18.76369781  59.94023147  27.14507888]
     [ -5.44222913  10.03371853   3.64039187  -4.27102678  -8.23434066  -3.68690375   2.56654669   0.         -17.48807567  -4.61517629  -5.40962594  -6.83245995  14.94165639  -2.84916621  27.14507888  49.67404542]]
    eigvals of hessian_by_M_M: [  5.02660318   5.02660318  11.15724251  11.15724251  19.08456811  19.08456811  29.94032066  29.94032066  54.24168573  54.24168573  88.90810976  88.90810976  99.84628217  99.84628217 130.33917354 130.33917354]
SNAG:
    iter_times, elapsed_time, sqdiff: 1, 0.005686044692993164, 4.78952324696086
    MSN: Tensor(
        [[-0.21668302+0.0779455j   0.29507778-1.18778954j  0.8518894 -1.12784707j -1.64562386+1.59017994j]
         [ 0.41102533-0.72512611j -0.09021871+1.01609326j  0.68893466+1.06964601j  0.18651089-0.76073431j]
         [ 0.12812697+0.03088845j -0.33006901+0.16749401j -0.37946038+0.14304986j  0.581345  +0.00440787j]
         [ 0.38569832-0.92021199j -0.40367148+0.80033094j  0.90071178+0.49244395j  0.26017898+0.32966948j]]
        labels=['kl', 'kr'],
        shape=(4, 4),
    )
    grad_by_reM_reM: Tensor(
        [-0.60330125+1.11022302e-15j  0.60345237+3.33066907e-16j  5.34559496-2.66453526e-15j  1.59746089-1.66533454e-15j -6.83662226+1.55431223e-15j  1.26920333+0.00000000e+00j -3.65941346-3.33066907e-16j -0.87593496+6.66133815e-16j]
        labels=[('kl', 'vXxCqUQi')],
        shape=(8,),
    )
    grad_by_imM_imM: Tensor(
        [ 2.73117807+3.88578059e-16j -0.65378099+4.44089210e-16j  1.42043572-4.44089210e-16j -1.1391929 +1.22124533e-15j -3.07302959-8.88178420e-16j -2.91572645+5.55111512e-16j -0.94708433+8.88178420e-16j  1.12544556+1.11022302e-15j]
        labels=[('kl', 'vXxCqUQi')],
        shape=(8,),
    )
    hessian_by_M_M: [[ 47.39429734  14.44545604   2.85781589   9.96023793   3.45930216   4.98461532   5.37141414 -16.34407608   0.           0.99536236  16.70247358   7.44263095  -5.98822184  -5.78027031  14.12901891 -11.53890277]
     [ 14.44545604  42.42813595 -10.34618157   1.54424838   2.89907475  -1.54732823  -0.38313479  -4.42673898  -0.99536236   0.          16.95130133   3.88228841   6.33137122   9.01509729  -5.56682183   4.32275108]
     [  2.85781589 -10.34618157  51.17323232  13.10754217   3.11173651   5.18700411   4.39563831  -3.43867172 -16.70247358 -16.95130133   0.         -10.9242391    2.97156788  -4.00124319  -1.75258245   3.08399621]
     [  9.96023793   1.54424838  13.10754217  27.23082913  -3.0759884    6.62446613   3.12370997  -8.72794498  -7.44263095  -3.88228841  10.9242391    0.          -1.75179012  -3.69643801   1.72117293  -2.59150078]
     [  3.45930216   2.89907475   3.11173651  -3.0759884   51.52950218  10.47097101  17.45600651  13.35364979   5.98822184  -6.33137122  -2.97156788   1.75179012   0.           3.47510256  -3.52282661  -2.74065761]
     [  4.98461532  -1.54732823   5.18700411   6.62446613  10.47097101  44.31671975 -15.48713024  -2.00064244   5.78027031  -9.01509729   4.00124319   3.69643801  -3.47510256   0.           9.69373537   0.97696636]
     [  5.37141414  -0.38313479   4.39563831   3.12370997  17.45600651 -15.48713024  61.55385352  11.14916732 -14.12901891   5.56682183   1.75258245  -1.72117293   3.52282661  -9.69373537   0.           5.54249308]
     [-16.34407608  -4.42673898  -3.43867172  -8.72794498  13.35364979  -2.00064244  11.14916732  34.91957585  11.53890277  -4.32275108  -3.08399621   2.59150078   2.74065761  -0.97696636  -5.54249308   0.        ]
     [  0.          -0.99536236 -16.70247358  -7.44263095   5.98822184   5.78027031 -14.12901891  11.53890277  47.39429734  14.44545604   2.85781589   9.96023793   3.45930216   4.98461532   5.37141414 -16.34407608]
     [  0.99536236   0.         -16.95130133  -3.88228841  -6.33137122  -9.01509729   5.56682183  -4.32275108  14.44545604  42.42813595 -10.34618157   1.54424838   2.89907475  -1.54732823  -0.38313479  -4.42673898]
     [ 16.70247358  16.95130133   0.          10.9242391   -2.97156788   4.00124319   1.75258245  -3.08399621   2.85781589 -10.34618157  51.17323232  13.10754217   3.11173651   5.18700411   4.39563831  -3.43867172]
     [  7.44263095   3.88228841 -10.9242391    0.           1.75179012   3.69643801  -1.72117293   2.59150078   9.96023793   1.54424838  13.10754217  27.23082913  -3.0759884    6.62446613   3.12370997  -8.72794498]
     [ -5.98822184   6.33137122   2.97156788  -1.75179012   0.          -3.47510256   3.52282661   2.74065761   3.45930216   2.89907475   3.11173651  -3.0759884   51.52950218  10.47097101  17.45600651  13.35364979]
     [ -5.78027031   9.01509729  -4.00124319  -3.69643801   3.47510256   0.          -9.69373537  -0.97696636   4.98461532  -1.54732823   5.18700411   6.62446613  10.47097101  44.31671975 -15.48713024  -2.00064244]
     [ 14.12901891  -5.56682183  -1.75258245   1.72117293  -3.52282661   9.69373537   0.          -5.54249308   5.37141414  -0.38313479   4.39563831   3.12370997  17.45600651 -15.48713024  61.55385352  11.14916732]
     [-11.53890277   4.32275108   3.08399621  -2.59150078  -2.74065761   0.97696636   5.54249308   0.         -16.34407608  -4.42673898  -3.43867172  -8.72794498  13.35364979  -2.00064244  11.14916732  34.91957585]]
    eigvals of hessian_by_M_M: [ 8.68981214  8.68981214 14.09909471 14.09909471 16.40013123 16.40013123 28.49590908 28.49590908 42.98999036 42.98999036 70.65295948 70.65295948 81.25728094 81.25728094 97.96096811 97.96096811]
SSpiral(8):
    iter_times, elapsed_time, sqdiff: 1, 0.007714748382568359, 3.0362147993832522
    MSN: Tensor(
        [[-0.21042989-0.12327774j  0.42774975-1.05228034j  0.98523375-1.08258396j -1.52839791+1.50020509j]
         [ 0.24255345-0.77364457j  0.01881988+0.93171972j  0.85345383+0.82702018j  0.10168713-0.61970888j]
         [ 0.22273243+0.1349443j  -0.46552592+0.12105408j -0.56694961+0.27873304j  0.64281286-0.03670061j]
         [ 0.35483122-1.01427246j -0.4753018 +0.74674484j  0.93783117+0.47936865j  0.38616382+0.40507149j]]
        labels=['kl', 'kr'],
        shape=(4, 4),
    )
    grad_by_reM_reM: Tensor(
        [-0.75631355-1.80411242e-15j  0.2707687 +8.32667268e-16j -0.66819248+2.38697950e-15j  1.68545508+8.88178420e-16j -1.78032016+1.11022302e-15j -0.95082346-1.55431223e-15j  0.42960755-9.99200722e-16j -1.1778594 +6.66133815e-16j]
        labels=[('kl', 'vXxCqUQi')],
        shape=(8,),
    )
    grad_by_imM_imM: Tensor(
        [ 0.39361908+1.11022302e-15j  0.64086401-2.22044605e-16j  0.63614278+3.33066907e-16j -0.52899648+4.44089210e-16j  0.51230426-2.66453526e-15j -0.09673742+5.55111512e-16j -0.70844732-7.21644966e-16j  0.03875827+4.44089210e-16j]
        labels=[('kl', 'vXxCqUQi')],
        shape=(8,),
    )
    hessian_by_M_M: [[ 52.6537838   10.82246925   5.27481017  10.73407423   4.3538291    7.44530884   7.95816626 -19.04729151   0.           1.77146417  20.29237673   9.47558324  -6.52491334  -5.65223935  15.24183974 -17.92422234]
     [ 10.82246925  54.34567049  -8.10398732   2.2420825    2.29865999  -3.66855657  -1.62550494  -5.31834098  -1.77146417   0.          21.1980236    0.29019648   7.10437867  12.93549109 -10.30681563   8.07966503]
     [  5.27481017  -8.10398732  59.77890313  11.68674624   3.79234064   4.66011452   4.57575807  -5.37657068 -20.29237673 -21.1980236    0.         -11.43463756   4.49564555  -4.84033566  -2.68026365   5.48375559]
     [ 10.73407423   2.2420825   11.68674624  33.4425855   -2.66558017   7.76485891   4.60995487 -12.30084884  -9.47558324  -0.29019648  11.43463756   0.          -1.15714348  -5.139639     0.9297108   -3.47697634]
     [  4.3538291    2.29865999   3.79234064  -2.66558017  57.87998373   5.73393772  21.33287737  14.44176538   6.52491334  -7.10437867  -4.49564555   1.15714348   0.           3.89154218  -0.62511829   1.83396202]
     [  7.44530884  -3.66855657   4.66011452   7.76485891   5.73393772  57.69000254 -19.02801076  -3.38140266   5.65223935 -12.93549109   4.84033566   5.139639    -3.89154218   0.          12.28430268  -0.61451151]
     [  7.95816626  -1.62550494   4.57575807   4.60995487  21.33287737 -19.02801076  67.19107999   4.39766662 -15.24183974  10.30681563   2.68026365  -0.9297108    0.62511829 -12.28430268   0.           8.23247508]
     [-19.04729151  -5.31834098  -5.37657068 -12.30084884  14.44176538  -3.38140266   4.39766662  45.59653971  17.92422234  -8.07966503  -5.48375559   3.47697634  -1.83396202   0.61451151  -8.23247508   0.        ]
     [  0.          -1.77146417 -20.29237673  -9.47558324   6.52491334   5.65223935 -15.24183974  17.92422234  52.6537838   10.82246925   5.27481017  10.73407423   4.3538291    7.44530884   7.95816626 -19.04729151]
     [  1.77146417   0.         -21.1980236   -0.29019648  -7.10437867 -12.93549109  10.30681563  -8.07966503  10.82246925  54.34567049  -8.10398732   2.2420825    2.29865999  -3.66855657  -1.62550494  -5.31834098]
     [ 20.29237673  21.1980236    0.          11.43463756  -4.49564555   4.84033566   2.68026365  -5.48375559   5.27481017  -8.10398732  59.77890313  11.68674624   3.79234064   4.66011452   4.57575807  -5.37657068]
     [  9.47558324   0.29019648 -11.43463756   0.           1.15714348   5.139639    -0.9297108    3.47697634  10.73407423   2.2420825   11.68674624  33.4425855   -2.66558017   7.76485891   4.60995487 -12.30084884]
     [ -6.52491334   7.10437867   4.49564555  -1.15714348   0.          -3.89154218   0.62511829  -1.83396202   4.3538291    2.29865999   3.79234064  -2.66558017  57.87998373   5.73393772  21.33287737  14.44176538]
     [ -5.65223935  12.93549109  -4.84033566  -5.139639     3.89154218   0.         -12.28430268   0.61451151   7.44530884  -3.66855657   4.66011452   7.76485891   5.73393772  57.69000254 -19.02801076  -3.38140266]
     [ 15.24183974 -10.30681563  -2.68026365   0.9297108   -0.62511829  12.28430268   0.          -8.23247508   7.95816626  -1.62550494   4.57575807   4.60995487  21.33287737 -19.02801076  67.19107999   4.39766662]
