b=4, chi=2, seed=404, 
NOR:
    iter_times, elapsed_time, sqdiff: 300, 0.38596105575561523, 2.4845397457122775
    MSN: Tensor(
        [[ 0.04901111-0.33809599j  0.42241877-0.24072891j  0.12423943+0.7203506j  -0.7283736 +0.35162438j]
         [-0.60655771+0.41952032j -0.74230182-0.09999634j -0.60291672+0.64080721j  0.13708557-0.53746866j]
         [-0.80073464-0.38885576j -0.39440908-0.94761881j -0.24345901-0.68845126j  0.99489277+0.42625024j]
         [ 0.06927522-0.54044897j  0.32861474-0.31191354j -0.39417524-1.32700912j  0.74615026+0.06706722j]]
        labels=['kl', 'kr'],
        shape=(4, 4),
    )
    grad_by_M: [ 4.85239824e-06  4.58281247e-06  1.73508869e-07  8.06292503e-06  3.60902795e-06  6.01186530e-07  4.78990381e-07  4.16411842e-06 -4.54248525e-06 -3.94870036e-06 -5.26553462e-08 -4.79639677e-07  3.39087135e-06  3.18662956e-07 -4.67938177e-06 -7.12191951e-06]
    hessian_by_M_M: [[ 80.52741838  -4.23882636  -3.96688418 -14.51528764  -3.90001063 -19.62885433 -14.31551038  13.94337251   0.         -19.59905536   4.12799545  17.82951281  -9.2604914    7.52347506  11.20166399 -11.58971084]
     [ -4.23882636  44.2020481    0.32508961   0.12314902  11.19224284  -4.59306126  -5.80936095   6.67710007  19.59905536   0.         -11.85265755  -9.53365894  -5.81240732 -10.35953788  -8.61937591  10.78318584]
     [ -3.96688418   0.32508961  51.26640179  -6.88857729  -4.68470212  -0.17305276  -3.34097271  -7.65374477  -4.12799545  11.85265755   0.          -6.78882906  -1.11831711  -6.17675687   9.02307687   1.71834388]
     [-14.51528764   0.12314902  -6.88857729  49.65188859   9.00859075   3.60134162  18.05257998   5.88892133 -17.82951281   9.53365894   6.78882906   0.          -6.17698262   3.19951894  -4.79965074   2.99849149]
     [ -3.90001063  11.19224284  -4.68470212   9.00859075  52.55499711 -13.04752135  -9.33700621  -6.87016053   9.2604914    5.81240732   1.11831711   6.17698262   0.           1.51193656 -21.97074257   8.4577799 ]
     [-19.62885433  -4.59306126  -0.17305276   3.60134162 -13.04752135  41.14099672  -1.38273395 -12.92319317  -7.52347506  10.35953788   6.17675687  -3.19951894  -1.51193656   0.          -4.55784681  -0.62173374]
     [-14.31551038  -5.80936095  -3.34097271  18.05257998  -9.33700621  -1.38273395  55.82729167  -1.27513509 -11.20166399   8.61937591  -9.02307687   4.79965074  21.97074257   4.55784681   0.          -6.64666347]
     [ 13.94337251   6.67710007  -7.65374477   5.88892133  -6.87016053 -12.92319317  -1.27513509  40.99349857  11.58971084 -10.78318584  -1.71834388  -2.99849149  -8.4577799    0.62173374   6.64666347   0.        ]
     [  0.          19.59905536  -4.12799545 -17.82951281   9.2604914   -7.52347506 -11.20166399  11.58971084  80.52741838  -4.23882636  -3.96688418 -14.51528764  -3.90001063 -19.62885433 -14.31551038  13.94337251]
     [-19.59905536   0.          11.85265755   9.53365894   5.81240732  10.35953788   8.61937591 -10.78318584  -4.23882636  44.2020481    0.32508961   0.12314902  11.19224284  -4.59306126  -5.80936095   6.67710007]
     [  4.12799545 -11.85265755   0.           6.78882906   1.11831711   6.17675687  -9.02307687  -1.71834388  -3.96688418   0.32508961  51.26640179  -6.88857729  -4.68470212  -0.17305276  -3.34097271  -7.65374477]
     [ 17.82951281  -9.53365894  -6.78882906   0.           6.17698262  -3.19951894   4.79965074  -2.99849149 -14.51528764   0.12314902  -6.88857729  49.65188859   9.00859075   3.60134162  18.05257998   5.88892133]
     [ -9.2604914   -5.81240732  -1.11831711  -6.17698262   0.          -1.51193656  21.97074257  -8.4577799   -3.90001063  11.19224284  -4.68470212   9.00859075  52.55499711 -13.04752135  -9.33700621  -6.87016053]
     [  7.52347506 -10.35953788  -6.17675687   3.19951894   1.51193656   0.           4.55784681   0.62173374 -19.62885433  -4.59306126  -0.17305276   3.60134162 -13.04752135  41.14099672  -1.38273395 -12.92319317]
     [ 11.20166399  -8.61937591   9.02307687  -4.79965074 -21.97074257  -4.55784681   0.           6.64666347 -14.31551038  -5.80936095  -3.34097271  18.05257998  -9.33700621  -1.38273395  55.82729167  -1.27513509]
     [-11.58971084  10.78318584   1.71834388   2.99849149   8.4577799   -0.62173374  -6.64666347   0.          13.94337251   6.67710007  -7.65374477   5.88892133  -6.87016053 -12.92319317  -1.27513509  40.99349857]]
