b=4, chi=2, seed=288, 
NOR:
    iter_times, elapsed_time, sqdiff: 300, 0.3910489082336426, 2.565823191358284
    MSN: Tensor(
        [[ 0.84057967-0.67558775j  0.47718703+0.48006161j  0.22448286+0.44514118j -0.10271248-0.18870701j]
         [ 0.34761336-0.5895485j  -0.93365369+0.22563694j  0.55503215-1.2031883j  -1.00695079+0.39044824j]
         [ 0.04290435+0.7697068j  -0.15583181+0.4730223j  -0.86166882+0.17508265j  0.50910477+0.18493289j]
         [-0.40981595-0.81708101j  0.59761361+0.07897986j -0.03529056-0.09434265j  0.0359335 +0.28269619j]]
        labels=['kl', 'kr'],
        shape=(4, 4),
    )
    grad_by_M: [-2.66453526e-15  2.47024623e-15 -1.93456362e-14 -4.13905021e-15  4.77395901e-15  6.27276009e-15  6.77236045e-15 -5.66213743e-15  1.08246745e-14 -2.55351296e-15  4.69069228e-15 -3.71924713e-15 -1.10744747e-14 -1.36002321e-14  1.05471187e-14 -1.16573418e-15]
    hessian_by_M_M: [[ 28.3522841    6.49877916   4.11589268   6.5874003    5.59002964   6.78751243  -1.27645157  -6.94055804   0.           8.09759722   0.21852879   0.38684832  -1.7362514   -6.23381136   3.71758277  -1.18317696]
     [  6.49877916  33.04691687  -6.66717109  10.21459826   0.59989077  -4.84997569  -0.07822417  -8.21764484  -8.09759722   0.          -0.59181668   2.67517147  -3.79918486  -3.18662541  -4.75993966  10.96840461]
     [  4.11589268  -6.66717109  44.81419209  -5.00421336  -6.14549021  -6.8242018   -4.45459552   2.21045363  -0.21852879   0.59181668   0.          -2.37027474  -7.42515504   0.27140145  -3.36045816 -12.66252581]
     [  6.5874003   10.21459826  -5.00421336  31.40817633  12.24674576   8.43125257  -3.63377257  -0.75378222  -0.38684832  -2.67517147   2.37027474   0.           2.50120861   2.93360899  -8.79257497   1.98441333]
     [  5.59002964   0.59989077  -6.14549021  12.24674576  46.17916426   1.80398996 -11.74279148   1.13881664   1.7362514    3.79918486   7.42515504  -2.50120861   0.          -0.78717576   3.30273039  -3.01273804]
     [  6.78751243  -4.84997569  -6.8242018    8.43125257   1.80398996  21.61417401  -5.94544778  -0.74811762   6.23381136   3.18662541  -0.27140145  -2.93360899   0.78717576   0.          -1.01166615  -3.09238433]
     [ -1.27645157  -0.07822417  -4.45459552  -3.63377257 -11.74279148  -5.94544778  33.74977682  -5.50902036  -3.71758277   4.75993966   3.36045816   8.79257497  -3.30273039   1.01166615   0.           7.18522298]
     [ -6.94055804  -8.21764484   2.21045363  -0.75378222   1.13881664  -0.74811762  -5.50902036  19.26156916   1.18317696 -10.96840461  12.66252581  -1.98441333   3.01273804   3.09238433  -7.18522298   0.        ]
     [  0.          -8.09759722  -0.21852879  -0.38684832   1.7362514    6.23381136  -3.71758277   1.18317696  28.3522841    6.49877916   4.11589268   6.5874003    5.59002964   6.78751243  -1.27645157  -6.94055804]
     [  8.09759722   0.           0.59181668  -2.67517147   3.79918486   3.18662541   4.75993966 -10.96840461   6.49877916  33.04691687  -6.66717109  10.21459826   0.59989077  -4.84997569  -0.07822417  -8.21764484]
     [  0.21852879  -0.59181668   0.           2.37027474   7.42515504  -0.27140145   3.36045816  12.66252581   4.11589268  -6.66717109  44.81419209  -5.00421336  -6.14549021  -6.8242018   -4.45459552   2.21045363]
     [  0.38684832   2.67517147  -2.37027474   0.          -2.50120861  -2.93360899   8.79257497  -1.98441333   6.5874003   10.21459826  -5.00421336  31.40817633  12.24674576   8.43125257  -3.63377257  -0.75378222]
     [ -1.7362514   -3.79918486  -7.42515504   2.50120861   0.           0.78717576  -3.30273039   3.01273804   5.59002964   0.59989077  -6.14549021  12.24674576  46.17916426   1.80398996 -11.74279148   1.13881664]
     [ -6.23381136  -3.18662541   0.27140145   2.93360899  -0.78717576   0.           1.01166615   3.09238433   6.78751243  -4.84997569  -6.8242018    8.43125257   1.80398996  21.61417401  -5.94544778  -0.74811762]
     [  3.71758277  -4.75993966  -3.36045816  -8.79257497   3.30273039  -1.01166615   0.          -7.18522298  -1.27645157  -0.07822417  -4.45459552  -3.63377257 -11.74279148  -5.94544778  33.74977682  -5.50902036]
     [ -1.18317696  10.96840461 -12.66252581   1.98441333  -3.01273804  -3.09238433   7.18522298   0.          -6.94055804  -8.21764484   2.21045363  -0.75378222   1.13881664  -0.74811762  -5.50902036  19.26156916]]
    hessian: [[ 28.3522841    6.49877916   4.11589268 ...  14.23066894   4.30598607  -8.70680946]
     [  6.49877916  33.04691687  -6.66717109 ... -10.1220295    8.47860262  -5.40122225]
     [  4.11589268  -6.66717109  44.81419209 ...  -1.67865472 -28.04069161  19.3445881 ]
     ...
     [ 14.23066894 -10.1220295   -1.67865472 ... 101.09226566 -12.07409036  22.13042606]
     [  4.30598607   8.47860262 -28.04069161 ... -12.07409036  83.1226203   -1.7529536 ]
     [ -8.70680946  -5.40122225  19.3445881  ...  22.13042606  -1.7529536   67.10570717]]
    eigvals of hessian_by_M_M: [ 4.66960194  4.66960194  7.33815124  7.33815124 14.48342472 14.48342472 22.94190319 22.94190319 32.91633466 32.91633466 45.5643825  45.5643825  61.64496526 61.64496526 68.86749012 68.86749012]
WCOR:
    iter_times, elapsed_time, sqdiff: 300, 0.44676899909973145, 2.5658231913582856
    MSN: Tensor(
        [[ 0.84057967-0.67558775j  0.47718703+0.48006161j  0.22448286+0.44514118j -0.10271248-0.18870701j]
         [ 0.34761336-0.5895485j  -0.93365369+0.22563694j  0.55503215-1.2031883j  -1.00695079+0.39044824j]
         [ 0.04290435+0.7697068j  -0.15583181+0.4730223j  -0.86166882+0.17508265j  0.50910477+0.18493289j]
         [-0.40981595-0.81708101j  0.59761361+0.07897986j -0.03529056-0.09434265j  0.0359335 +0.28269619j]]
        labels=['kl', 'kr'],
        shape=(4, 4),
    )
    grad_by_M: [ 1.66533454e-15 -4.67681449e-15 -5.27355937e-15  9.29890388e-15  5.38458167e-15  8.54871729e-15  1.80411242e-15  1.44328993e-14  5.16253706e-15  8.43769499e-15 -6.88338275e-15 -1.38500322e-14 -3.48332474e-15  3.63598041e-15 -2.08166817e-14  1.00752739e-14]
    hessian_by_M_M: [[21.29155581  6.04401778  2.98330225  5.50805909  4.535067    4.16958667 -2.11480789 -5.74995497  0.          6.5516207   0.21441438  1.69903803 -2.67442965 -3.75258624  1.8929462  -0.41918294]
     [ 6.04401778 21.80259863 -3.24126215  7.02289379 -1.30035324 -3.78781466 -1.43956043 -5.16025618 -6.5516207   0.          0.66077973  1.93674498 -2.54699619 -1.43934    -1.55465395  7.91352194]
     [ 2.98330225 -3.24126215 28.58501439 -1.268667   -2.91587041 -3.24649212 -3.10987218  3.13242643 -0.21441438 -0.66077973  0.         -2.22136793 -4.33229318  0.49758936 -5.21416945 -7.26703814]
     [ 5.50805909  7.02289379 -1.268667   22.58053501 10.29240408  5.35564655 -3.16171741 -0.42202286 -1.69903803 -1.93674498  2.22136793  0.          0.62580378  1.62767676 -4.63910118  2.89889311]
     [ 4.535067   -1.30035324 -2.91587041 10.29240408 31.12076227  1.34509751 -8.32040003  2.03236077  2.67442965  2.54699619  4.33229318 -0.62580378  0.         -0.6223267   1.46271143 -2.24817067]
     [ 4.16958667 -3.78781466 -3.24649212  5.35564655  1.34509751 14.89573657 -3.49361128 -0.24438853  3.75258624  1.43934    -0.49758936 -1.62767676  0.6223267   0.         -0.74110387 -1.75861823]
     [-2.11480789 -1.43956043 -3.10987218 -3.16171741 -8.32040003 -3.49361128 20.85895758 -3.88519514 -1.8929462   1.55465395  5.21416945  4.63910118 -1.46271143  0.74110387  0.          3.99158358]
     [-5.74995497 -5.16025618  3.13242643 -0.42202286  2.03236077 -0.24438853 -3.88519514 14.12563875  0.41918294 -7.91352194  7.26703814 -2.89889311  2.24817067  1.75861823 -3.99158358  0.        ]
     [ 0.         -6.5516207  -0.21441438 -1.69903803  2.67442965  3.75258624 -1.8929462   0.41918294 21.29155581  6.04401778  2.98330225  5.50805909  4.535067    4.16958667 -2.11480789 -5.74995497]
     [ 6.5516207   0.         -0.66077973 -1.93674498  2.54699619  1.43934     1.55465395 -7.91352194  6.04401778 21.80259863 -3.24126215  7.02289379 -1.30035324 -3.78781466 -1.43956043 -5.16025618]
     [ 0.21441438  0.66077973  0.          2.22136793  4.33229318 -0.49758936  5.21416945  7.26703814  2.98330225 -3.24126215 28.58501439 -1.268667   -2.91587041 -3.24649212 -3.10987218  3.13242643]
     [ 1.69903803  1.93674498 -2.22136793  0.         -0.62580378 -1.62767676  4.63910118 -2.89889311  5.50805909  7.02289379 -1.268667   22.58053501 10.29240408  5.35564655 -3.16171741 -0.42202286]
     [-2.67442965 -2.54699619 -4.33229318  0.62580378  0.          0.6223267  -1.46271143  2.24817067  4.535067   -1.30035324 -2.91587041 10.29240408 31.12076227  1.34509751 -8.32040003  2.03236077]
     [-3.75258624 -1.43934     0.49758936  1.62767676 -0.6223267   0.          0.74110387  1.75861823  4.16958667 -3.78781466 -3.24649212  5.35564655  1.34509751 14.89573657 -3.49361128 -0.24438853]
     [ 1.8929462  -1.55465395 -5.21416945 -4.63910118  1.46271143 -0.74110387  0.         -3.99158358 -2.11480789 -1.43956043 -3.10987218 -3.16171741 -8.32040003 -3.49361128 20.85895758 -3.88519514]
     [-0.41918294  7.91352194 -7.26703814  2.89889311 -2.24817067 -1.75861823  3.99158358  0.         -5.74995497 -5.16025618  3.13242643 -0.42202286  2.03236077 -0.24438853 -3.88519514 14.12563875]]
    hessian: [[ 21.29155581   6.04401778   2.98330225 ...   8.52066285   4.9624591   -8.8176028 ]
     [  6.04401778  21.80259863  -3.24126215 ... -12.4000575    6.12431664  -6.25034006]
     [  2.98330225  -3.24126215  28.58501439 ...  -6.42737249 -22.63189102  22.13031265]
     ...
     [  8.52066285 -12.4000575   -6.42737249 ... 156.4336476  -15.90393636  32.64453521]
     [  4.9624591    6.12431664 -22.63189102 ... -15.90393636 122.79461245 -15.31540714]
     [ -8.8176028   -6.25034006  22.13031265 ...  32.64453521 -15.31540714 100.45789485]]
    eigvals of hessian_by_M_M: [ 3.39046301  3.39046301  5.12485224  5.12485224  9.52532547  9.52532547 15.622785   15.622785   20.4495158  20.4495158  32.42217973 32.42217973 41.66263979 41.66263979 47.06303797 47.06303797]
WROR:
    iter_times, elapsed_time, sqdiff: 300, 0.49940991401672363, 1.1822240313806422
    MSN: Tensor(
        [[ 0.38890798+0.02861953j -0.18158808+0.17633422j  0.10061213+0.34429j    -0.1371214 -0.70677902j]
         [-0.11512392-0.55221774j -0.08709377+1.02852695j  0.57645364+0.05712593j -1.31827549-0.19825203j]
         [-0.90735751+0.85281814j -0.44056204+0.89050453j -0.64885322+0.05090103j  0.99214288+0.12781889j]
         [ 0.03792649+0.21998349j -0.34106268-0.26167177j -0.28657251+0.11812247j  0.6016668 -0.2367583j ]]
        labels=['kl', 'kr'],
        shape=(4, 4),
    )
    grad_by_M: [ 4.77395901e-15  2.44249065e-14 -6.75674794e-15  2.11540854e-14  1.18091301e-15  7.79758202e-15 -2.16493490e-15 -8.04911693e-16 -6.65786870e-15  1.73194792e-14  7.83401122e-15  3.69149156e-15 -1.79543880e-15 -1.24067423e-14  8.98283184e-15  5.10008702e-15]
    hessian_by_M_M: [[14.08018644  2.19308764  1.86992121  2.00132962  3.28660513  2.8768789  -3.5862568   0.11150297  0.          4.24071467  4.36700456  3.40325899 -2.08836381  0.7790963  -0.37090669  2.59109985]
     [ 2.19308764 13.37881996  1.01141366  4.53852213 -2.63860143  1.68144214  0.24638736  1.28772519 -4.24071467  0.          0.96978455  0.43793763 -0.95749241 -4.26422735  3.06138459  6.80055988]
     [ 1.86992121  1.01141366  9.80493338 -2.78894906  1.79311002  0.10264656  0.58294578  4.11127985 -4.36700456 -0.96978455  0.          0.10694565  0.10881036  1.57267448 -2.11349456  2.91876806]
     [ 2.00132962  4.53852213 -2.78894906 14.36583859  0.06562009 -1.85058569 -1.44058806 -3.81186766 -3.40325899 -0.43793763 -0.10694565  0.         -2.34185713 -7.65537313  4.14347489 -0.23025015]
     [ 3.28660513 -2.63860143  1.79311002  0.06562009  9.57438008 -0.17036646 -2.17485076  1.94262387  2.08836381  0.95749241 -0.10881036  2.34185713  0.          0.98697078 -0.93447525 -2.26983662]
     [ 2.8768789   1.68144214  0.10264656 -1.85058569 -0.17036646 17.59497404 -3.78886548 -3.24039169 -0.7790963   4.26422735 -1.57267448  7.65537313 -0.98697078  0.         -0.15014719  1.11672341]
     [-3.5862568   0.24638736  0.58294578 -1.44058806 -2.17485076 -3.78886548  7.21806414  0.55040889  0.37090669 -3.06138459  2.11349456 -4.14347489  0.93447525  0.15014719  0.          3.14199187]
     [ 0.11150297  1.28772519  4.11127985 -3.81186766  1.94262387 -3.24039169  0.55040889 18.45794909 -2.59109985 -6.80055988 -2.91876806  0.23025015  2.26983662 -1.11672341 -3.14199187  0.        ]
     [ 0.         -4.24071467 -4.36700456 -3.40325899  2.08836381 -0.7790963   0.37090669 -2.59109985 14.08018644  2.19308764  1.86992121  2.00132962  3.28660513  2.8768789  -3.5862568   0.11150297]
     [ 4.24071467  0.         -0.96978455 -0.43793763  0.95749241  4.26422735 -3.06138459 -6.80055988  2.19308764 13.37881996  1.01141366  4.53852213 -2.63860143  1.68144214  0.24638736  1.28772519]
     [ 4.36700456  0.96978455  0.         -0.10694565 -0.10881036 -1.57267448  2.11349456 -2.91876806  1.86992121  1.01141366  9.80493338 -2.78894906  1.79311002  0.10264656  0.58294578  4.11127985]
     [ 3.40325899  0.43793763  0.10694565  0.          2.34185713  7.65537313 -4.14347489  0.23025015  2.00132962  4.53852213 -2.78894906 14.36583859  0.06562009 -1.85058569 -1.44058806 -3.81186766]
     [-2.08836381 -0.95749241  0.10881036 -2.34185713  0.         -0.98697078  0.93447525  2.26983662  3.28660513 -2.63860143  1.79311002  0.06562009  9.57438008 -0.17036646 -2.17485076  1.94262387]
     [ 0.7790963  -4.26422735  1.57267448 -7.65537313  0.98697078  0.          0.15014719 -1.11672341  2.8768789   1.68144214  0.10264656 -1.85058569 -0.17036646 17.59497404 -3.78886548 -3.24039169]
     [-0.37090669  3.06138459 -2.11349456  4.14347489 -0.93447525 -0.15014719  0.         -3.14199187 -3.5862568   0.24638736  0.58294578 -1.44058806 -2.17485076 -3.78886548  7.21806414  0.55040889]
     [ 2.59109985  6.80055988  2.91876806 -0.23025015 -2.26983662  1.11672341  3.14199187  0.          0.11150297  1.28772519  4.11127985 -3.81186766  1.94262387 -3.24039169  0.55040889 18.45794909]]
    hessian: [[ 14.08018644   2.19308764   1.86992121 ...  -2.00144071   4.53575437   7.85598145]
     [  2.19308764  13.37881996   1.01141366 ... -10.35697138  -4.50539649  -6.02265448]
     [  1.86992121   1.01141366   9.80493338 ... -11.7957862  -18.17288555  11.51810621]
     ...
     [ -2.00144071 -10.35697138 -11.7957862  ... 135.43712313  -1.70588238  19.7019291 ]
     [  4.53575437  -4.50539649 -18.17288555 ...  -1.70588238 312.4019564  -48.78546814]
     [  7.85598145  -6.02265448  11.51810621 ...  19.7019291  -48.78546814 104.52428855]]
    eigvals of hessian_by_M_M: [ 2.01351248  2.01351248  3.51728817  3.51728817  5.64871308  5.64871308  7.21900256  7.21900256  9.199627    9.199627   17.40351441 17.40351441 25.34854867 25.34854867 34.12493934 34.12493934]
IWROR:
    iter_times, elapsed_time, sqdiff: 300, 0.5254080295562744, 1.1822240313806445
    MSN: Tensor(
        [[ 0.38890798+0.02861953j -0.18158808+0.17633422j  0.10061213+0.34429j    -0.1371214 -0.70677902j]
         [-0.11512392-0.55221774j -0.08709377+1.02852695j  0.57645364+0.05712593j -1.31827549-0.19825203j]
         [-0.90735751+0.85281814j -0.44056204+0.89050453j -0.64885322+0.05090103j  0.99214288+0.12781889j]
         [ 0.03792649+0.21998349j -0.34106268-0.26167177j -0.28657251+0.11812247j  0.6016668 -0.2367583j ]]
        labels=['kl', 'kr'],
        shape=(4, 4),
    )
    grad_by_M: [ 1.93386973e-14  2.29816166e-14 -7.79931675e-15  2.81719092e-15 -8.26595736e-16  1.56610835e-14 -1.47867829e-14 -3.85524945e-14 -2.12252091e-14  3.51108032e-15  1.67713066e-14  1.23234756e-14 -4.41487125e-15 -9.47505963e-15  4.20496971e-15 -1.22124533e-15]
    hessian_by_M_M: [[16.30684409  9.39898261  2.6680301   3.07577507  3.64612484  4.94737012 -3.69880954 -1.81784703  0.          6.58307488  5.05893285  6.00771211 -2.77588072 -0.19359901  0.54186213  3.6677918 ]
     [ 9.39898261 18.95065622  2.90803768  6.6126833  -1.83544809  2.48776381 -0.0332148   1.10617902 -6.58307488  0.          2.20366601  2.67430423 -2.6863984  -5.38900377  4.27308127  9.7791817 ]
     [ 2.6680301   2.90803768  9.8389084   2.36657588  2.18220542  1.25589431  0.76634947  3.96938323 -5.05893285 -2.20366601  0.          1.78030027 -0.17667436  0.53566361 -1.74347405  2.30663131]
     [ 3.07577507  6.6126833   2.36657588 15.37680018 -0.26245084 -1.62498406 -1.57460745 -3.26769562 -6.00771211 -2.67430423 -1.78030027  0.         -3.39978696 -8.9214394   4.04274032  1.90667516]
     [ 3.64612484 -1.83544809  2.18220542 -0.26245084 10.52508214  5.6706032  -2.77220854  0.74918546  2.77588072  2.6863984   0.17667436  3.39978696  0.          3.17692662 -1.76094209 -3.14445485]
     [ 4.94737012  2.48776381  1.25589431 -1.62498406  5.6706032  21.05487667 -5.28823303 -4.73058296  0.19359901  5.38900377 -0.53566361  8.9214394  -3.17692662  0.          0.03744224 -0.02510011]
     [-3.69880954 -0.0332148   0.76634947 -1.57460745 -2.77220854 -5.28823303  8.65217403  5.74673346 -0.54186213 -4.27308127  1.74347405 -4.04274032  1.76094209 -0.03744224  0.          5.42982504]
     [-1.81784703  1.10617902  3.96938323 -3.26769562  0.74918546 -4.73058296  5.74673346 22.45755067 -3.6677918  -9.7791817  -2.30663131 -1.90667516  3.14445485  0.02510011 -5.42982504  0.        ]
     [ 0.         -6.58307488 -5.05893285 -6.00771211  2.77588072  0.19359901 -0.54186213 -3.6677918  16.30684409  9.39898261  2.6680301   3.07577507  3.64612484  4.94737012 -3.69880954 -1.81784703]
     [ 6.58307488  0.         -2.20366601 -2.67430423  2.6863984   5.38900377 -4.27308127 -9.7791817   9.39898261 18.95065622  2.90803768  6.6126833  -1.83544809  2.48776381 -0.0332148   1.10617902]
     [ 5.05893285  2.20366601  0.         -1.78030027  0.17667436 -0.53566361  1.74347405 -2.30663131  2.6680301   2.90803768  9.8389084   2.36657588  2.18220542  1.25589431  0.76634947  3.96938323]
     [ 6.00771211  2.67430423  1.78030027  0.          3.39978696  8.9214394  -4.04274032 -1.90667516  3.07577507  6.6126833   2.36657588 15.37680018 -0.26245084 -1.62498406 -1.57460745 -3.26769562]
     [-2.77588072 -2.6863984  -0.17667436 -3.39978696  0.         -3.17692662  1.76094209  3.14445485  3.64612484 -1.83544809  2.18220542 -0.26245084 10.52508214  5.6706032  -2.77220854  0.74918546]
     [-0.19359901 -5.38900377  0.53566361 -8.9214394   3.17692662  0.         -0.03744224  0.02510011  4.94737012  2.48776381  1.25589431 -1.62498406  5.6706032  21.05487667 -5.28823303 -4.73058296]
     [ 0.54186213  4.27308127 -1.74347405  4.04274032 -1.76094209  0.03744224  0.         -5.42982504 -3.69880954 -0.0332148   0.76634947 -1.57460745 -2.77220854 -5.28823303  8.65217403  5.74673346]
     [ 3.6677918   9.7791817   2.30663131  1.90667516 -3.14445485 -0.02510011  5.42982504  0.         -1.81784703  1.10617902  3.96938323 -3.26769562  0.74918546 -4.73058296  5.74673346 22.45755067]]
    hessian: [[  16.30684409    9.39898261    2.6680301  ...   -7.30577759    1.27497363    7.29592356]
     [   9.39898261   18.95065622    2.90803768 ...  -18.88317113   -2.04229368   -4.17612073]
     [   2.6680301     2.90803768    9.8389084  ...  -12.50141158  -15.69898996    9.7004271 ]
     ...
     [  -7.30577759  -18.88317113  -12.50141158 ...  167.51827531  -17.34353758   29.06794943]
     [   1.27497363   -2.04229368  -15.69898996 ...  -17.34353758  381.12993714 -126.3360091 ]
     [   7.29592356   -4.17612073    9.7004271  ...   29.06794943 -126.3360091   130.20924187]]
    eigvals of hessian_by_M_M: [ 1.77479531  1.77479531  3.20937235  3.20937235  4.77918971  4.77918971  7.98727307  7.98727307 10.34718865 10.34718865 16.2012994  16.2012994  28.90214324 28.90214324 49.96163068 49.96163068]
WLBOR:
    iter_times, elapsed_time, sqdiff: 300, 1.3805789947509766, 2.5658231913582883
    MSN: Tensor(
        [[ 0.84057967-0.67558775j  0.47718703+0.48006162j  0.22448286+0.44514118j -0.10271248-0.18870702j]
         [ 0.34761336-0.5895485j  -0.93365369+0.22563695j  0.55503215-1.2031883j  -1.0069508 +0.39044824j]
         [ 0.04290434+0.7697068j  -0.15583181+0.47302229j -0.86166882+0.17508265j  0.50910478+0.1849329j ]
         [-0.40981595-0.81708101j  0.59761361+0.07897986j -0.03529056-0.09434264j  0.0359335 +0.28269619j]]
        labels=['kl', 'kr'],
        shape=(4, 4),
    )
    grad_by_M: [ 8.83576468e-09  1.53157417e-09  2.66717121e-09 -1.39499496e-09 -2.26045149e-09 -1.78667614e-09  2.51313304e-10  2.43229958e-09 -5.65191038e-09 -3.62448727e-09  8.79121331e-10 -8.62133726e-10 -1.63799665e-09 -3.46322249e-09  1.19815769e-08 -8.66313687e-11]
    hessian_by_M_M: [[ 28.32905827   6.49107614   4.11116121   6.5863842    5.58567116   6.77946949  -1.27681535  -6.94252178   0.           8.08700514   0.21357835   0.38866651  -1.74079131  -6.23761203   3.71273536  -1.18277703]
     [  6.49107614  33.04790479  -6.66289911  10.22070241   0.5934836   -4.85678878  -0.07997264  -8.22051333  -8.08700514   0.          -0.59099904   2.68643659  -3.79268764  -3.17710889  -4.75438277  10.97509157]
     [  4.11116121  -6.66289911  44.75319842  -5.02090907  -6.13629466  -6.82029264  -4.45112526   2.21009508  -0.21357835   0.59099904   0.          -2.39048507  -7.40821016   0.28501531  -3.36803593 -12.6526614 ]
     [  6.5863842   10.22070241  -5.02090907  31.4395045   12.25786372   8.43445758  -3.62711719  -0.75052383  -0.38866651  -2.68643659   2.39048507   0.           2.49948885   2.92007306  -8.7895135    2.00535077]
     [  5.58567116   0.5934836   -6.13629466  12.25786372  46.12372865   1.77990786 -11.73127759   1.15014529   1.74079131   3.79268764   7.40821016  -2.49948885   0.          -0.81195307   3.29441962  -3.00760172]
     [  6.77946949  -4.85678878  -6.82029264   8.43445758   1.77990786  21.62697098  -5.93905878  -0.74373613   6.23761203   3.17710889  -0.28501531  -2.92007306   0.81195307   0.          -1.02296626  -3.08651111]
     [ -1.27681535  -0.07997264  -4.45112526  -3.62711719 -11.73127759  -5.93905878  33.70848723  -5.52340752  -3.71273536   4.75438277   3.36803593   8.7895135   -3.29441962   1.02296626   0.           7.1658818 ]
     [ -6.94252178  -8.22051333   2.21009508  -0.75052383   1.15014529  -0.74373613  -5.52340752  19.2721233    1.18277703 -10.97509157  12.6526614   -2.00535077   3.00760172   3.08651111  -7.1658818    0.        ]
     [  0.          -8.08700514  -0.21357835  -0.38866651   1.74079131   6.23761203  -3.71273536   1.18277703  28.32905827   6.49107614   4.11116121   6.5863842    5.58567116   6.77946949  -1.27681535  -6.94252178]
     [  8.08700514   0.           0.59099904  -2.68643659   3.79268764   3.17710889   4.75438277 -10.97509157   6.49107614  33.04790479  -6.66289911  10.22070241   0.5934836   -4.85678878  -0.07997264  -8.22051333]
     [  0.21357835  -0.59099904   0.           2.39048507   7.40821016  -0.28501531   3.36803593  12.6526614    4.11116121  -6.66289911  44.75319842  -5.02090907  -6.13629466  -6.82029264  -4.45112526   2.21009508]
     [  0.38866651   2.68643659  -2.39048507   0.          -2.49948885  -2.92007306   8.7895135   -2.00535077   6.5863842   10.22070241  -5.02090907  31.4395045   12.25786372   8.43445758  -3.62711719  -0.75052383]
     [ -1.74079131  -3.79268764  -7.40821016   2.49948885   0.           0.81195307  -3.29441962   3.00760172   5.58567116   0.5934836   -6.13629466  12.25786372  46.12372865   1.77990786 -11.73127759   1.15014529]
     [ -6.23761203  -3.17710889   0.28501531   2.92007306  -0.81195307   0.           1.02296626   3.08651111   6.77946949  -4.85678878  -6.82029264   8.43445758   1.77990786  21.62697098  -5.93905878  -0.74373613]
     [  3.71273536  -4.75438277  -3.36803593  -8.7895135    3.29441962  -1.02296626   0.          -7.1658818   -1.27681535  -0.07997264  -4.45112526  -3.62711719 -11.73127759  -5.93905878  33.70848723  -5.52340752]
     [ -1.18277703  10.97509157 -12.6526614    2.00535077  -3.00760172  -3.08651111   7.1658818    0.          -6.94252178  -8.22051333   2.21009508  -0.75052383   1.15014529  -0.74373613  -5.52340752  19.2721233 ]]
    hessian: [[ 28.32905827   6.49107614   4.11116121 ...  14.21033545   4.29820869  -8.70023648]
     [  6.49107614  33.04790479  -6.66289911 ... -10.12835073   8.47977791  -5.40445309]
     [  4.11116121  -6.66289911  44.75319842 ...  -1.67735664 -28.02083781  19.33464371]
     ...
     [ 14.21033545 -10.12835073  -1.67735664 ... 101.05837153 -12.07913522  22.12550244]
     [  4.29820869   8.47977791 -28.02083781 ... -12.07913522  83.20333407  -1.74199101]
     [ -8.70023648  -5.40445309  19.33464371 ...  22.12550244  -1.74199101  67.07216013]]
    eigvals of hessian_by_M_M: [ 4.67085847  4.67085847  7.33889263  7.33889263 14.48189699 14.48189699 22.93513606 22.93513606 32.90987504 32.90987504 45.51941168 45.51941168 61.60770969 61.60770969 68.83719558 68.83719558]
WNAG:
    iter_times, elapsed_time, sqdiff: 300, 0.49884510040283203, 1.1994650298934906
    MSN: Tensor(
        [[ 0.39033292+0.03199867j -0.18286903+0.17257392j  0.09755384+0.34555495j -0.13019605-0.70889358j]
         [-0.11187964-0.55755214j -0.10522053+1.02679003j  0.57550416+0.06228268j -1.31652307-0.21204239j]
         [-0.92076279+0.84554247j -0.45533309+0.89153702j -0.65185832+0.04503469j  0.99386666+0.13671624j]
         [ 0.03690748+0.22113739j -0.33662808-0.26646607j -0.28780761+0.11533139j  0.60469424-0.23061762j]]
        labels=['kl', 'kr'],
        shape=(4, 4),
    )
    grad_by_M: [ -443.77376544  -819.15042231  -622.51358885  -759.62959024  -508.05402727 -2527.77783356   521.20822101  1098.7002258    218.4951022   -667.22397001   162.61739627 -1052.53259898  1030.62694935  -235.60365103  -318.0622036    754.94284269]
    hessian_by_M_M: [[ 9.01724630e+07  7.74604471e+07  2.42254985e+07 -3.07693868e+07  1.61921019e+07  5.47754243e+07 -8.85605009e+06 -6.07662533e+07  0.00000000e+00  1.81592164e+08  2.44842386e+07  7.06116229e+07 -2.06262341e+07  1.53885175e+07  2.53158901e+07  1.30110485e+06]
     [ 7.74604471e+07  4.32852411e+08  7.05047969e+07  1.14753920e+08 -2.60424141e+07  7.82728184e+07  4.27581975e+07 -4.56570432e+07 -1.81592164e+08  0.00000000e+00 -2.70337867e+07  1.24072792e+08 -4.97086163e+07 -9.34625974e+07  3.73481101e+07  1.20447752e+08]
     [ 2.42254985e+07  7.05047969e+07  4.70766131e+07  3.96902945e+07  6.31314838e+06  3.94087073e+07 -3.48759666e+05 -9.62192715e+06 -2.44842386e+07  2.70337867e+07  0.00000000e+00  9.50095706e+07 -1.63009362e+07  1.22246607e+05  4.02765478e+06  2.36202004e+06]
     [-3.07693868e+07  1.14753920e+08  3.96902945e+07  2.26158277e+08 -2.65015785e+07  2.87489206e+07  1.10089299e+07  2.82984231e+06 -7.06116229e+07 -1.24072792e+08 -9.50095706e+07  0.00000000e+00 -2.37312876e+07 -7.51526813e+07  2.29383547e+06  2.61254680e+07]
     [ 1.61921019e+07 -2.60424141e+07  6.31314838e+06 -2.65015785e+07  6.64704043e+07  5.49952484e+07 -1.96884595e+07  6.41444342e+06  2.06262341e+07  4.97086163e+07  1.63009362e+07  2.37312876e+07  0.00000000e+00  1.34373712e+08 -1.18775653e+07 -5.02457462e+07]
     [ 5.47754243e+07  7.82728184e+07  3.94087073e+07  2.87489206e+07  5.49952484e+07  3.17990147e+08 -3.94212273e+07 -9.36514272e+07 -1.53885175e+07  9.34625974e+07 -1.22246607e+05  7.51526813e+07 -1.34373712e+08  0.00000000e+00  2.89953887e+07 -5.34222526e+07]
     [-8.85605009e+06  4.27581975e+07 -3.48759666e+05  1.10089299e+07 -1.96884595e+07 -3.94212273e+07  6.77887202e+07  5.51446391e+07 -2.53158901e+07 -3.73481101e+07 -4.02765478e+06 -2.29383547e+06  1.18775653e+07 -2.89953887e+07  0.00000000e+00  1.35917126e+08]
     [-6.07662533e+07 -4.56570432e+07 -9.62192715e+06  2.82984231e+06  6.41444342e+06 -9.36514272e+07  5.51446391e+07  3.17983088e+08 -1.30110485e+06 -1.20447752e+08 -2.36202004e+06 -2.61254680e+07  5.02457462e+07  5.34222526e+07 -1.35917126e+08  0.00000000e+00]
     [ 0.00000000e+00 -1.81592164e+08 -2.44842386e+07 -7.06116229e+07  2.06262341e+07 -1.53885175e+07 -2.53158901e+07 -1.30110485e+06  9.01724630e+07  7.74604471e+07  2.42254985e+07 -3.07693868e+07  1.61921019e+07  5.47754243e+07 -8.85605009e+06 -6.07662533e+07]
     [ 1.81592164e+08  0.00000000e+00  2.70337867e+07 -1.24072792e+08  4.97086163e+07  9.34625974e+07 -3.73481101e+07 -1.20447752e+08  7.74604471e+07  4.32852411e+08  7.05047969e+07  1.14753920e+08 -2.60424141e+07  7.82728184e+07  4.27581975e+07 -4.56570432e+07]
     [ 2.44842386e+07 -2.70337867e+07  0.00000000e+00 -9.50095706e+07  1.63009362e+07 -1.22246607e+05 -4.02765478e+06 -2.36202004e+06  2.42254985e+07  7.05047969e+07  4.70766131e+07  3.96902945e+07  6.31314838e+06  3.94087073e+07 -3.48759666e+05 -9.62192715e+06]
     [ 7.06116229e+07  1.24072792e+08  9.50095706e+07  0.00000000e+00  2.37312876e+07  7.51526813e+07 -2.29383547e+06 -2.61254680e+07 -3.07693868e+07  1.14753920e+08  3.96902945e+07  2.26158277e+08 -2.65015785e+07  2.87489206e+07  1.10089299e+07  2.82984231e+06]
     [-2.06262341e+07 -4.97086163e+07 -1.63009362e+07 -2.37312876e+07  0.00000000e+00 -1.34373712e+08  1.18775653e+07  5.02457462e+07  1.61921019e+07 -2.60424141e+07  6.31314838e+06 -2.65015785e+07  6.64704043e+07  5.49952484e+07 -1.96884595e+07  6.41444342e+06]
     [ 1.53885175e+07 -9.34625974e+07  1.22246607e+05 -7.51526813e+07  1.34373712e+08  0.00000000e+00 -2.89953887e+07  5.34222526e+07  5.47754243e+07  7.82728184e+07  3.94087073e+07  2.87489206e+07  5.49952484e+07  3.17990147e+08 -3.94212273e+07 -9.36514272e+07]
     [ 2.53158901e+07  3.73481101e+07  4.02765478e+06  2.29383547e+06 -1.18775653e+07  2.89953887e+07  0.00000000e+00 -1.35917126e+08 -8.85605009e+06  4.27581975e+07 -3.48759666e+05  1.10089299e+07 -1.96884595e+07 -3.94212273e+07  6.77887202e+07  5.51446391e+07]
     [ 1.30110485e+06  1.20447752e+08  2.36202004e+06  2.61254680e+07 -5.02457462e+07 -5.34222526e+07  1.35917126e+08  0.00000000e+00 -6.07662533e+07 -4.56570432e+07 -9.62192715e+06  2.82984231e+06  6.41444342e+06 -9.36514272e+07  5.51446391e+07  3.17983088e+08]]
    hessian: [[ 9.01724630e+07  7.74604471e+07  2.42254985e+07 ...  1.26575640e+02  1.17469331e+02 -3.85775097e+01]
     [ 7.74604471e+07  4.32852411e+08  7.05047969e+07 ...  6.97039390e+02  1.73384096e+02  4.61177735e+01]
     [ 2.42254985e+07  7.05047969e+07  4.70766131e+07 ...  1.33305312e+02 -1.19371993e+01  6.72527066e+01]
     ...
     [ 1.26575640e+02  6.97039390e+02  1.33305312e+02 ...  4.29422993e-03  8.71475558e-05  1.03169000e-03]
     [ 1.17469331e+02  1.73384096e+02 -1.19371993e+01 ...  8.71475558e-05  1.80979846e-02 -3.11442973e-03]
     [-3.85775097e+01  4.61177735e+01  6.72527066e+01 ...  1.03169000e-03 -3.11442973e-03  3.84516840e-03]]
    eigvals of hessian_by_M_M: [3.95391136e+04 3.95391136e+04 6.32062403e+04 6.32062403e+04 1.05815443e+05 1.05815443e+05 1.90318741e+05 1.90318741e+05 1.43872233e+08 1.43872233e+08 2.15580630e+08 2.15580630e+08 4.03737939e+08 4.03737939e+08 8.02902444e+08 8.02902444e+08]
SNAG:
    iter_times, elapsed_time, sqdiff: 300, 0.5360860824584961, 2.5658231913582843
    MSN: Tensor(
        [[ 0.84057967-0.67558775j  0.47718703+0.48006161j  0.22448286+0.44514118j -0.10271248-0.18870701j]
         [ 0.34761336-0.5895485j  -0.93365369+0.22563694j  0.55503215-1.2031883j  -1.00695079+0.39044824j]
         [ 0.04290435+0.7697068j  -0.15583181+0.4730223j  -0.86166882+0.17508265j  0.50910477+0.18493289j]
         [-0.40981595-0.81708101j  0.59761361+0.07897986j -0.03529056-0.09434265j  0.0359335 +0.28269619j]]
        labels=['kl', 'kr'],
        shape=(4, 4),
    )
    grad_by_M: [ 1.45716772e-15  1.76941795e-16 -7.00828284e-16  4.21754645e-16  2.20656826e-15 -1.11716192e-15  8.29197822e-16 -5.82867088e-16 -1.92554306e-15  1.33226763e-15  9.02056208e-16  1.04083409e-16 -8.25728375e-16 -2.10942375e-15  2.76167977e-15 -1.81799020e-15]
    hessian_by_M_M: [[ 2.4309262   0.29782738  0.38707098  0.40539318  0.50187864  0.14101669 -0.42569275 -0.35359237  0.          0.19570106  0.16207285  0.14867368 -0.38123065 -0.19478136  0.15622903  0.05012057]
     [ 0.29782738  0.72330656 -0.15339627  0.25352837 -0.21078348 -0.15366549 -0.17019421 -0.14094389 -0.19570106  0.          0.15680819  0.09939283 -0.0567939   0.02805142 -0.02189374  0.30914155]
     [ 0.38707098 -0.15339627  2.94529848 -0.08646943 -0.08129183 -0.16776998 -0.28911646  0.26481074 -0.16207285 -0.15680819  0.         -0.53477663 -0.49988477  0.08113197 -0.7321519  -0.22262743]
     [ 0.40539318  0.25352837 -0.08646943  1.0193797   0.81768885  0.12763921 -0.15706084 -0.01224256 -0.14867368 -0.09939283  0.53477663  0.         -0.02610444 -0.0360328  -0.1247799   0.24812665]
     [ 0.50187864 -0.21078348 -0.08129183  0.81768885  3.24533311 -0.11804239 -0.84602618  0.29019577  0.38123065  0.0567939   0.49988477  0.02610444  0.         -0.41725562  0.10551408 -0.05547441]
     [ 0.14101669 -0.15366549 -0.16776998  0.12763921 -0.11804239  0.66069207 -0.12587098 -0.014541    0.19478136 -0.02805142 -0.08113197  0.0360328   0.41725562  0.         -0.13549455 -0.00331623]
     [-0.42569275 -0.17019421 -0.28911646 -0.15706084 -0.84602618 -0.12587098  1.89946847 -0.34221157 -0.15622903  0.02189374  0.7321519   0.1247799  -0.10551408  0.13549455  0.         -0.04981958]
     [-0.35359237 -0.14094389  0.26481074 -0.01224256  0.29019577 -0.014541   -0.34221157  0.65138654 -0.05012057 -0.30914155  0.22262743 -0.24812665  0.05547441  0.00331623  0.04981958  0.        ]
     [ 0.         -0.19570106 -0.16207285 -0.14867368  0.38123065  0.19478136 -0.15622903 -0.05012057  2.4309262   0.29782738  0.38707098  0.40539318  0.50187864  0.14101669 -0.42569275 -0.35359237]
     [ 0.19570106  0.         -0.15680819 -0.09939283  0.0567939  -0.02805142  0.02189374 -0.30914155  0.29782738  0.72330656 -0.15339627  0.25352837 -0.21078348 -0.15366549 -0.17019421 -0.14094389]
     [ 0.16207285  0.15680819  0.          0.53477663  0.49988477 -0.08113197  0.7321519   0.22262743  0.38707098 -0.15339627  2.94529848 -0.08646943 -0.08129183 -0.16776998 -0.28911646  0.26481074]
     [ 0.14867368  0.09939283 -0.53477663  0.          0.02610444  0.0360328   0.1247799  -0.24812665  0.40539318  0.25352837 -0.08646943  1.0193797   0.81768885  0.12763921 -0.15706084 -0.01224256]
     [-0.38123065 -0.0567939  -0.49988477 -0.02610444  0.          0.41725562 -0.10551408  0.05547441  0.50187864 -0.21078348 -0.08129183  0.81768885  3.24533311 -0.11804239 -0.84602618  0.29019577]
     [-0.19478136  0.02805142  0.08113197 -0.0360328  -0.41725562  0.          0.13549455  0.00331623  0.14101669 -0.15366549 -0.16776998  0.12763921 -0.11804239  0.66069207 -0.12587098 -0.014541  ]
     [ 0.15622903 -0.02189374 -0.7321519  -0.1247799   0.10551408 -0.13549455  0.          0.04981958 -0.42569275 -0.17019421 -0.28911646 -0.15706084 -0.84602618 -0.12587098  1.89946847 -0.34221157]
     [ 0.05012057  0.30914155 -0.22262743  0.24812665 -0.05547441 -0.00331623 -0.04981958  0.         -0.35359237 -0.14094389  0.26481074 -0.01224256  0.29019577 -0.014541   -0.34221157  0.65138654]]
    hessian: [[ 2.43092620e+00  2.97827376e-01  3.87070983e-01 ...  3.12954687e+00  1.07246541e+00 -1.42103953e+01]
     [ 2.97827376e-01  7.23306557e-01 -1.53396266e-01 ... -9.69520437e+00  1.19939237e+00 -7.07416257e+00]
     [ 3.87070983e-01 -1.53396266e-01  2.94529848e+00 ... -2.45674185e+01 -1.31615181e+01  3.81804944e+01]
     ...
     [ 3.12954687e+00 -9.69520437e+00 -2.45674185e+01 ...  3.85878173e+03 -2.03907317e+02  7.17941481e+02]
     [ 1.07246541e+00  1.19939237e+00 -1.31615181e+01 ... -2.03907317e+02  1.07337419e+03 -2.60397143e+02]
     [-1.42103953e+01 -7.07416257e+00  3.81804944e+01 ...  7.17941481e+02 -2.60397143e+02  2.62191640e+03]]
    eigvals of hessian_by_M_M: [0.18701856 0.18701856 0.24469328 0.24469328 0.53227638 0.53227638 0.85186634 0.85186634 1.37376291 1.37376291 2.48087684 2.48087684 3.43938474 3.43938474 4.46591208 4.46591208]
SSpiral(8):
    iter_times, elapsed_time, sqdiff: 300, 0.9224560260772705, 2.565823191358281
    MSN: Tensor(
        [[ 0.84057967-0.67558775j  0.47718703+0.48006161j  0.22448286+0.44514118j -0.10271248-0.18870701j]
         [ 0.34761336-0.5895485j  -0.93365369+0.22563694j  0.55503215-1.2031883j  -1.00695079+0.39044824j]
         [ 0.04290435+0.7697068j  -0.15583181+0.4730223j  -0.86166882+0.17508265j  0.50910477+0.18493289j]
         [-0.40981595-0.81708101j  0.59761361+0.07897986j -0.03529056-0.09434265j  0.0359335 +0.28269619j]]
        labels=['kl', 'kr'],
        shape=(4, 4),
    )
    grad_by_M: [ 4.32431868e-14 -1.60982339e-15  6.18949336e-15 -1.44654254e-15  1.70974346e-14  1.72362125e-14  7.04991621e-15 -4.39648318e-14  8.60422844e-15  5.58442181e-14 -9.02056208e-15 -2.72004641e-15 -2.62845301e-14 -1.77635684e-15  2.17603713e-14 -3.17523785e-14]
    hessian_by_M_M: [[ 2.89716421e+01  5.98796932e+00  4.31171759e+00  6.66673544e+00  5.59114801e+00  7.32698375e+00 -1.13095678e+00 -6.63774224e+00  0.00000000e+00  6.62865931e+00  4.40928885e-01 -3.76002302e-02 -1.33958601e+00 -6.63941984e+00  4.03481413e+00 -1.44846466e+00]
     [ 5.98796932e+00  3.44803303e+01 -7.41391984e+00  1.07847026e+01  1.01198758e+00 -4.87876521e+00 -1.57166713e-01 -9.01050717e+00 -6.62865931e+00  0.00000000e+00 -3.35856724e-01  3.51269686e+00 -3.70057652e+00 -3.22812515e+00 -5.55599486e+00  1.11846010e+01]
     [ 4.31171759e+00 -7.41391984e+00  4.74009212e+01 -5.73992889e+00 -6.59274296e+00 -7.97057558e+00 -4.54856714e+00  2.22454262e+00 -4.40928885e-01  3.35856724e-01  0.00000000e+00 -5.29686050e+00 -8.15927444e+00  2.15957430e-01 -2.59275460e+00 -1.32111254e+01]
     [ 6.66673544e+00  1.07847026e+01 -5.73992889e+00  3.34875003e+01  1.28211752e+01  9.12131977e+00 -3.79681389e+00 -6.35622238e-01  3.76002302e-02 -3.51269686e+00  5.29686050e+00  0.00000000e+00  2.16435409e+00  2.15488051e+00 -9.59844181e+00  2.04316399e+00]
     [ 5.59114801e+00  1.01198758e+00 -6.59274296e+00  1.28211752e+01  4.82371901e+01  1.81874298e+00 -1.20712523e+01  1.18001620e+00  1.33958601e+00  3.70057652e+00  8.15927444e+00 -2.16435409e+00  0.00000000e+00 -3.50210277e+00  3.71344098e+00 -2.39081686e+00]
     [ 7.32698375e+00 -4.87876521e+00 -7.97057558e+00  9.12131977e+00  1.81874298e+00  2.31719882e+01 -6.55707766e+00 -8.00810907e-01  6.63941984e+00  3.22812515e+00 -2.15957430e-01 -2.15488051e+00  3.50210277e+00  0.00000000e+00 -1.46858314e+00 -2.97022589e+00]
     [-1.13095678e+00 -1.57166713e-01 -4.54856714e+00 -3.79681389e+00 -1.20712523e+01 -6.55707766e+00  3.55549629e+01 -6.01121261e+00 -4.03481413e+00  5.55599486e+00  2.59275460e+00  9.59844181e+00 -3.71344098e+00  1.46858314e+00  0.00000000e+00  5.52470769e+00]
     [-6.63774224e+00 -9.01050717e+00  2.22454262e+00 -6.35622238e-01  1.18001620e+00 -8.00810907e-01 -6.01121261e+00  1.95872082e+01  1.44846466e+00 -1.11846010e+01  1.32111254e+01 -2.04316399e+00  2.39081686e+00  2.97022589e+00 -5.52470769e+00  0.00000000e+00]
     [ 0.00000000e+00 -6.62865931e+00 -4.40928885e-01  3.76002302e-02  1.33958601e+00  6.63941984e+00 -4.03481413e+00  1.44846466e+00  2.89716421e+01  5.98796932e+00  4.31171759e+00  6.66673544e+00  5.59114801e+00  7.32698375e+00 -1.13095678e+00 -6.63774224e+00]
     [ 6.62865931e+00  0.00000000e+00  3.35856724e-01 -3.51269686e+00  3.70057652e+00  3.22812515e+00  5.55599486e+00 -1.11846010e+01  5.98796932e+00  3.44803303e+01 -7.41391984e+00  1.07847026e+01  1.01198758e+00 -4.87876521e+00 -1.57166713e-01 -9.01050717e+00]
     [ 4.40928885e-01 -3.35856724e-01  0.00000000e+00  5.29686050e+00  8.15927444e+00 -2.15957430e-01  2.59275460e+00  1.32111254e+01  4.31171759e+00 -7.41391984e+00  4.74009212e+01 -5.73992889e+00 -6.59274296e+00 -7.97057558e+00 -4.54856714e+00  2.22454262e+00]
     [-3.76002302e-02  3.51269686e+00 -5.29686050e+00  0.00000000e+00 -2.16435409e+00 -2.15488051e+00  9.59844181e+00 -2.04316399e+00  6.66673544e+00  1.07847026e+01 -5.73992889e+00  3.34875003e+01  1.28211752e+01  9.12131977e+00 -3.79681389e+00 -6.35622238e-01]
