b=4, chi=2, seed=475, 
NOR:
    iter_times, elapsed_time, sqdiff: 300, 0.4188878536224365, 2.77689084663751
    MSN: Tensor(
        [[-4.34045533e-01+0.48392134j -5.43272197e-01-0.26758217j -9.85111087e-01+0.25208403j  6.25018832e-01-0.46045421j]
         [-4.96054613e-01-0.57501202j  3.14819246e-02-0.49111191j  2.06612769e-01-1.19447999j  7.23274250e-02-0.24825089j]
         [ 2.69923034e-01+1.09288895j -7.74740476e-01+0.5101363j  -7.27209731e-01+1.63351577j -2.55415867e-04-0.93820864j]
         [ 2.36531999e-01-0.43827835j -1.00329181e-01-0.30024547j  1.11396261e+00+0.12204408j  6.86696086e-01-1.26492416j]]
        labels=['kl', 'kr'],
        shape=(4, 4),
    )
    grad_by_M: [-3.38618023e-15  4.32986980e-15  2.50910404e-14 -1.82076576e-14  2.27040609e-14  1.85407245e-14 -1.58206781e-14 -6.66133815e-16 -2.02615702e-14  1.59317004e-14  5.55111512e-16 -1.33781874e-14  1.50573998e-14  6.52256027e-15  3.21964677e-15  1.91513472e-15]
    hessian_by_M_M: [[ 61.55414839 -18.45426746  -7.10467325   1.70072617   5.01731811  13.31887269  15.84424768  10.50618182   0.          -3.04363205   9.69554434  -8.2237936    8.94366864   0.90310001  -4.69136068   3.40990763]
     [-18.45426746  43.48275162  -2.91926771  -1.4617544   -4.65324786   9.69057334  -6.85772063  -1.60945961   3.04363205   0.          -2.39006868   4.40016415   5.85820377   1.42581404  -1.20998595   0.86803308]
     [ -7.10467325  -2.91926771  55.04324339  -9.55113379   1.57196294   3.14997514  -2.69374386 -12.11806322  -9.69554434   2.39006868   0.          -0.11006434 -13.69738805  -8.96150861 -19.38610705   5.14159904]
     [  1.70072617  -1.4617544   -9.55113379  41.49720817  -9.9293257    0.7720088  -17.12169706   6.40695628   8.2237936   -4.40016415   0.11006434   0.           1.5128654   13.79995106   3.87964026   4.88371302]
     [  5.01731811  -4.65324786   1.57196294  -9.9293257   65.09841001   2.19802742  -9.0167554  -13.65154399  -8.94366864  -5.85820377  13.69738805  -1.5128654    0.         -20.54346998  15.85636983 -26.9491234 ]
     [ 13.31887269   9.69057334   3.14997514   0.7720088    2.19802742  50.76479045   1.33761724  12.39702412  -0.90310001  -1.42581404   8.96150861 -13.79995106  20.54346998   0.          13.32924109  -2.77255074]
     [ 15.84424768  -6.85772063  -2.69374386 -17.12169706  -9.0167554    1.33761724  79.51182145  -0.91077295   4.69136068   1.20998595  19.38610705  -3.87964026 -15.85636983 -13.32924109   0.          -6.62688563]
     [ 10.50618182  -1.60945961 -12.11806322   6.40695628 -13.65154399  12.39702412  -0.91077295  38.61845497  -3.40990763  -0.86803308  -5.14159904  -4.88371302  26.9491234    2.77255074   6.62688563   0.        ]
     [  0.           3.04363205  -9.69554434   8.2237936   -8.94366864  -0.90310001   4.69136068  -3.40990763  61.55414839 -18.45426746  -7.10467325   1.70072617   5.01731811  13.31887269  15.84424768  10.50618182]
     [ -3.04363205   0.           2.39006868  -4.40016415  -5.85820377  -1.42581404   1.20998595  -0.86803308 -18.45426746  43.48275162  -2.91926771  -1.4617544   -4.65324786   9.69057334  -6.85772063  -1.60945961]
     [  9.69554434  -2.39006868   0.           0.11006434  13.69738805   8.96150861  19.38610705  -5.14159904  -7.10467325  -2.91926771  55.04324339  -9.55113379   1.57196294   3.14997514  -2.69374386 -12.11806322]
     [ -8.2237936    4.40016415  -0.11006434   0.          -1.5128654  -13.79995106  -3.87964026  -4.88371302   1.70072617  -1.4617544   -9.55113379  41.49720817  -9.9293257    0.7720088  -17.12169706   6.40695628]
     [  8.94366864   5.85820377 -13.69738805   1.5128654    0.          20.54346998 -15.85636983  26.9491234    5.01731811  -4.65324786   1.57196294  -9.9293257   65.09841001   2.19802742  -9.0167554  -13.65154399]
     [  0.90310001   1.42581404  -8.96150861  13.79995106 -20.54346998   0.         -13.32924109   2.77255074  13.31887269   9.69057334   3.14997514   0.7720088    2.19802742  50.76479045   1.33761724  12.39702412]
     [ -4.69136068  -1.20998595 -19.38610705   3.87964026  15.85636983  13.32924109   0.           6.62688563  15.84424768  -6.85772063  -2.69374386 -17.12169706  -9.0167554    1.33761724  79.51182145  -0.91077295]
     [  3.40990763   0.86803308   5.14159904   4.88371302 -26.9491234   -2.77255074  -6.62688563   0.          10.50618182  -1.60945961 -12.11806322   6.40695628 -13.65154399  12.39702412  -0.91077295  38.61845497]]
