b=4, chi=2, seed=269, 
NOR:
    iter_times, elapsed_time, sqdiff: 300, 0.6294410228729248, 1.7170900113300238
    MSN: Tensor(
        [[-0.08195065+0.12559657j  0.18358548-0.10455908j  0.12038   -0.72119563j -0.0851237 -0.42009127j]
         [-0.12984257+0.60884404j -0.36064019-0.49098093j -0.67482488-0.24287684j -0.42478455-0.04865331j]
         [ 1.14192665-0.06192009j -0.18681534+1.18462908j  1.10911414+0.0616401j   0.4985684 -0.13469171j]
         [ 0.60600627-0.35698631j -0.34312167+0.42282013j -0.54299075+1.17953664j -0.0774237 +0.79596775j]]
        labels=['kl', 'kr'],
        shape=(4, 4),
    )
    grad_by_M: [ 1.22124533e-14 -6.88338275e-15 -2.55351296e-15 -1.66533454e-15 -1.66533454e-15  1.59768032e-15 -1.13225401e-14  1.16018306e-14  8.64933125e-15 -1.38777878e-15  8.32667268e-16 -4.16333634e-15 -1.04083409e-14  4.71844785e-15  1.21291865e-14 -2.77555756e-15]
    hessian_by_M_M: [[ 7.80581576e+01 -1.91622534e+01 -1.27052846e+00  1.15356025e+01  5.72615214e+00 -7.15218658e+00  1.87095708e+01  4.76785434e+00  0.00000000e+00  1.59173164e+01  1.07241289e+00  1.30618801e+01  7.33132541e+00  1.51466675e+01 -7.52537791e+00  1.74162466e+01]
     [-1.91622534e+01  2.83078581e+01  1.82853154e+00 -3.02461220e+00  3.99938503e+00  2.85389320e+00  2.63806046e+00  7.13182364e+00 -1.59173164e+01  0.00000000e+00  2.63464883e+00 -7.94327382e+00  1.45165197e+00  3.13224862e+00 -1.13304346e+01 -4.11796211e+00]
     [-1.27052846e+00  1.82853154e+00  3.96878416e+01  6.25742610e+00 -1.09502949e+00  2.82741347e+00 -1.57428403e+01  4.78415179e+00 -1.07241289e+00 -2.63464883e+00  0.00000000e+00  6.26120619e+00  1.71670680e+00  1.53176834e+00  1.36744229e+01  5.39085795e+00]
     [ 1.15356025e+01 -3.02461220e+00  6.25742610e+00  2.90467888e+01  4.11127164e+00  4.90759937e-01 -1.43390422e+00 -2.75105667e+00 -1.30618801e+01  7.94327382e+00 -6.26120619e+00  0.00000000e+00 -3.79040853e+00  6.00249497e+00 -1.17915136e+01 -6.09953560e-02]
     [ 5.72615214e+00  3.99938503e+00 -1.09502949e+00  4.11127164e+00  7.03891863e+01 -2.25562433e+01  1.01024686e+01  4.95857887e+00 -7.33132541e+00 -1.45165197e+00 -1.71670680e+00  3.79040853e+00  0.00000000e+00  1.74965030e+01 -1.62210117e+01  1.33367585e+00]
     [-7.15218658e+00  2.85389320e+00  2.82741347e+00  4.90759937e-01 -2.25562433e+01  4.26238372e+01 -1.97883363e+01  1.16552227e+00 -1.51466675e+01 -3.13224862e+00 -1.53176834e+00 -6.00249497e+00 -1.74965030e+01  0.00000000e+00  7.09844496e+00 -1.51987827e+01]
     [ 1.87095708e+01  2.63806046e+00 -1.57428403e+01 -1.43390422e+00  1.01024686e+01 -1.97883363e+01  6.95572054e+01  3.54607015e-01  7.52537791e+00  1.13304346e+01 -1.36744229e+01  1.17915136e+01  1.62210117e+01 -7.09844496e+00  0.00000000e+00  1.32711395e+01]
     [ 4.76785434e+00  7.13182364e+00  4.78415179e+00 -2.75105667e+00  4.95857887e+00  1.16552227e+00  3.54607015e-01  3.55328956e+01 -1.74162466e+01  4.11796211e+00 -5.39085795e+00  6.09953560e-02 -1.33367585e+00  1.51987827e+01 -1.32711395e+01  0.00000000e+00]
     [ 0.00000000e+00 -1.59173164e+01 -1.07241289e+00 -1.30618801e+01 -7.33132541e+00 -1.51466675e+01  7.52537791e+00 -1.74162466e+01  7.80581576e+01 -1.91622534e+01 -1.27052846e+00  1.15356025e+01  5.72615214e+00 -7.15218658e+00  1.87095708e+01  4.76785434e+00]
     [ 1.59173164e+01  0.00000000e+00 -2.63464883e+00  7.94327382e+00 -1.45165197e+00 -3.13224862e+00  1.13304346e+01  4.11796211e+00 -1.91622534e+01  2.83078581e+01  1.82853154e+00 -3.02461220e+00  3.99938503e+00  2.85389320e+00  2.63806046e+00  7.13182364e+00]
     [ 1.07241289e+00  2.63464883e+00  0.00000000e+00 -6.26120619e+00 -1.71670680e+00 -1.53176834e+00 -1.36744229e+01 -5.39085795e+00 -1.27052846e+00  1.82853154e+00  3.96878416e+01  6.25742610e+00 -1.09502949e+00  2.82741347e+00 -1.57428403e+01  4.78415179e+00]
     [ 1.30618801e+01 -7.94327382e+00  6.26120619e+00  0.00000000e+00  3.79040853e+00 -6.00249497e+00  1.17915136e+01  6.09953560e-02  1.15356025e+01 -3.02461220e+00  6.25742610e+00  2.90467888e+01  4.11127164e+00  4.90759937e-01 -1.43390422e+00 -2.75105667e+00]
     [ 7.33132541e+00  1.45165197e+00  1.71670680e+00 -3.79040853e+00  0.00000000e+00 -1.74965030e+01  1.62210117e+01 -1.33367585e+00  5.72615214e+00  3.99938503e+00 -1.09502949e+00  4.11127164e+00  7.03891863e+01 -2.25562433e+01  1.01024686e+01  4.95857887e+00]
     [ 1.51466675e+01  3.13224862e+00  1.53176834e+00  6.00249497e+00  1.74965030e+01  0.00000000e+00 -7.09844496e+00  1.51987827e+01 -7.15218658e+00  2.85389320e+00  2.82741347e+00  4.90759937e-01 -2.25562433e+01  4.26238372e+01 -1.97883363e+01  1.16552227e+00]
     [-7.52537791e+00 -1.13304346e+01  1.36744229e+01 -1.17915136e+01 -1.62210117e+01  7.09844496e+00  0.00000000e+00 -1.32711395e+01  1.87095708e+01  2.63806046e+00 -1.57428403e+01 -1.43390422e+00  1.01024686e+01 -1.97883363e+01  6.95572054e+01  3.54607015e-01]
     [ 1.74162466e+01 -4.11796211e+00  5.39085795e+00 -6.09953560e-02  1.33367585e+00 -1.51987827e+01  1.32711395e+01  0.00000000e+00  4.76785434e+00  7.13182364e+00  4.78415179e+00 -2.75105667e+00  4.95857887e+00  1.16552227e+00  3.54607015e-01  3.55328956e+01]]
    eigvals of hessian_by_M_M: [  4.9941102    4.9941102   11.01043964  11.01043964  20.74381106  20.74381106  33.82318785  33.82318785  41.75577029  41.75577029  61.66136483  61.66136483  84.16532329  84.16532329 135.04976341 135.04976341]
WCOR:
    iter_times, elapsed_time, sqdiff: 300, 0.7182598114013672, 1.7170900113300247
    MSN: Tensor(
        [[-0.08195065+0.12559657j  0.18358548-0.10455908j  0.12038   -0.72119563j -0.0851237 -0.42009127j]
         [-0.12984257+0.60884404j -0.36064019-0.49098093j -0.67482488-0.24287684j -0.42478455-0.04865331j]
         [ 1.14192665-0.06192009j -0.18681534+1.18462908j  1.10911414+0.0616401j   0.4985684 -0.13469171j]
         [ 0.60600627-0.35698631j -0.34312167+0.42282013j -0.54299075+1.17953664j -0.0774237 +0.79596775j]]
        labels=['kl', 'kr'],
        shape=(4, 4),
    )
    grad_by_M: [ 1.46549439e-14 -5.96744876e-15 -3.88578059e-15 -8.60422844e-15 -7.10542736e-15  2.87443680e-15 -3.07219528e-15  1.16573418e-14 -1.45907592e-14 -8.07687250e-15  1.01307851e-14 -4.60742555e-15  2.35922393e-15 -3.24740235e-15  6.02295991e-15  3.44169138e-15]
    hessian_by_M_M: [[ 70.34734862 -13.78107746  -0.82528017   9.85922933   5.51752801  -5.82689463  17.4966901    4.13091319   0.           9.37649222   0.61411343  11.40845269   6.83132465  12.81250898  -6.75789909  13.75618943]
     [-13.78107746  20.48301931   1.30734415  -2.6257905    3.31438767   1.47066663   3.08686559   4.55150966  -9.37649222   0.           2.29670263  -5.40173921   1.72872826   2.54619313  -9.06439053  -3.08530974]
     [ -0.82528017   1.30734415  35.61848407   6.67554181  -0.81536572   2.27658135 -13.43864136   4.2222051   -0.61411343  -2.29670263   0.           3.96992844   1.57358759   1.48910978  11.94832404   6.03007065]
     [  9.85922933  -2.6257905    6.67554181  23.77208434   3.48094421   0.33111208  -2.82682989  -3.22348262 -11.40845269   5.40173921  -3.96992844   0.          -3.33939398   4.78237015 -10.3661372    0.16245465]
     [  5.51752801   3.31438767  -0.81536572   3.48094421  63.66828715 -17.03062739   8.807848     4.02648079  -6.83132465  -1.72872826  -1.57358759   3.33939398   0.          11.53851401 -15.19732455   0.07292274]
     [ -5.82689463   1.47066663   2.27658135   0.33111208 -17.03062739  31.76879631 -15.85300014   0.82804026 -12.81250898  -2.54619313  -1.48910978  -4.78237015 -11.53851401   0.           6.40707635 -10.83573198]
     [ 17.4966901    3.08686559 -13.43864136  -2.82682989   8.807848   -15.85300014  62.58549419   2.61841135   6.75789909   9.06439053 -11.94832404  10.3661372   15.19732455  -6.40707635   0.           8.23813065]
     [  4.13091319   4.55150966   4.2222051   -3.22348262   4.02648079   0.82804026   2.61841135  28.03684924 -13.75618943   3.08530974  -6.03007065  -0.16245465  -0.07292274  10.83573198  -8.23813065   0.        ]
     [  0.          -9.37649222  -0.61411343 -11.40845269  -6.83132465 -12.81250898   6.75789909 -13.75618943  70.34734862 -13.78107746  -0.82528017   9.85922933   5.51752801  -5.82689463  17.4966901    4.13091319]
     [  9.37649222   0.          -2.29670263   5.40173921  -1.72872826  -2.54619313   9.06439053   3.08530974 -13.78107746  20.48301931   1.30734415  -2.6257905    3.31438767   1.47066663   3.08686559   4.55150966]
     [  0.61411343   2.29670263   0.          -3.96992844  -1.57358759  -1.48910978 -11.94832404  -6.03007065  -0.82528017   1.30734415  35.61848407   6.67554181  -0.81536572   2.27658135 -13.43864136   4.2222051 ]
     [ 11.40845269  -5.40173921   3.96992844   0.           3.33939398  -4.78237015  10.3661372   -0.16245465   9.85922933  -2.6257905    6.67554181  23.77208434   3.48094421   0.33111208  -2.82682989  -3.22348262]
     [  6.83132465   1.72872826   1.57358759  -3.33939398   0.         -11.53851401  15.19732455  -0.07292274   5.51752801   3.31438767  -0.81536572   3.48094421  63.66828715 -17.03062739   8.807848     4.02648079]
     [ 12.81250898   2.54619313   1.48910978   4.78237015  11.53851401   0.          -6.40707635  10.83573198  -5.82689463   1.47066663   2.27658135   0.33111208 -17.03062739  31.76879631 -15.85300014   0.82804026]
     [ -6.75789909  -9.06439053  11.94832404 -10.3661372  -15.19732455   6.40707635   0.          -8.23813065  17.4966901    3.08686559 -13.43864136  -2.82682989   8.807848   -15.85300014  62.58549419   2.61841135]
     [ 13.75618943  -3.08530974   6.03007065   0.16245465   0.07292274 -10.83573198   8.23813065   0.           4.13091319   4.55150966   4.2222051   -3.22348262   4.02648079   0.82804026   2.61841135  28.03684924]]
    eigvals of hessian_by_M_M: [  4.25353054   4.25353054   9.47421331   9.47421331  17.59807698  17.59807698  28.98066782  28.98066782  35.17858606  35.17858606  54.61147296  54.61147296  71.64320196  71.64320196 114.54061361 114.54061361]
WROR:
    iter_times, elapsed_time, sqdiff: 300, 0.6790909767150879, 1.717090011330026
    MSN: Tensor(
        [[-0.08195065+0.12559657j  0.18358548-0.10455908j  0.12038   -0.72119563j -0.0851237 -0.42009127j]
         [-0.12984257+0.60884404j -0.36064019-0.49098093j -0.67482488-0.24287684j -0.42478455-0.04865331j]
         [ 1.14192665-0.06192009j -0.18681534+1.18462908j  1.10911414+0.0616401j   0.4985684 -0.13469171j]
         [ 0.60600627-0.35698631j -0.34312167+0.42282013j -0.54299075+1.17953664j -0.0774237 +0.79596775j]]
        labels=['kl', 'kr'],
        shape=(4, 4),
    )
    grad_by_M: [ 2.43138842e-14 -3.08572612e-14 -1.68753900e-14  1.10744747e-14  3.04478665e-14  2.36755060e-14 -4.21390353e-14  1.84852134e-14 -2.60208521e-14 -3.55271368e-14 -7.96585020e-15 -1.98174810e-14 -1.09912079e-14 -1.41553436e-15 -4.24937863e-14 -2.82274204e-14]
    hessian_by_M_M: [[ 40.35321445   5.34006092   1.24396692   5.98295039   3.9865165   -3.49865556  12.87296421   5.79029783   0.           2.61088747   0.64820867   7.94774328   6.09579858   9.68755247  -3.66007513   7.12664851]
     [  5.34006092  13.51031986   0.62805624  -0.57557344   3.50012236  -0.07256439   5.71441537   4.25043143  -2.61088747   0.           1.56923059  -0.37257706   3.26614053   4.83773007  -6.94432094  -1.8081022 ]
     [  1.24396692   0.62805624  23.05169749  13.66411793   0.47398548   1.02973552  -6.25060399   0.24073976  -0.64820867  -1.56923059   0.           3.75807544   0.98152996   1.95145628   5.88301531   6.73381376]
     [  5.98295039  -0.57557344  13.66411793  23.66674305   2.52089428   0.99937056  -6.07780419  -4.85649422  -7.94774328   0.37257706  -3.75807544   0.          -1.8580747    3.38531795  -4.67212359   0.74598909]
     [  3.9865165    3.50012236   0.47398548   2.52089428  36.62448393   2.60293136   3.49762269   4.07312237  -6.09579858  -3.26614053  -0.98152996   1.8580747    0.           5.36741992 -10.25464179  -4.12136303]
     [ -3.49865556  -0.07256439   1.02973552   0.99937056   2.60293136  20.11590903  -8.49676508  -0.68262851  -9.68755247  -4.83773007  -1.95145628  -3.38531795  -5.36741992   0.           1.96077152  -6.33304411]
     [ 12.87296421   5.71441537  -6.25060399  -6.07780419   3.49762269  -8.49676508  38.75852276  16.22083239   3.66007513   6.94432094  -5.88301531   4.67212359  10.25464179  -1.96077152   0.           4.89270801]
     [  5.79029783   4.25043143   0.24073976  -4.85649422   4.07312237  -0.68262851  16.22083239  26.40680547  -7.12664851   1.8081022   -6.73381376  -0.74598909   4.12136303   6.33304411  -4.89270801   0.        ]
     [  0.          -2.61088747  -0.64820867  -7.94774328  -6.09579858  -9.68755247   3.66007513  -7.12664851  40.35321445   5.34006092   1.24396692   5.98295039   3.9865165   -3.49865556  12.87296421   5.79029783]
     [  2.61088747   0.          -1.56923059   0.37257706  -3.26614053  -4.83773007   6.94432094   1.8081022    5.34006092  13.51031986   0.62805624  -0.57557344   3.50012236  -0.07256439   5.71441537   4.25043143]
     [  0.64820867   1.56923059   0.          -3.75807544  -0.98152996  -1.95145628  -5.88301531  -6.73381376   1.24396692   0.62805624  23.05169749  13.66411793   0.47398548   1.02973552  -6.25060399   0.24073976]
     [  7.94774328  -0.37257706   3.75807544   0.           1.8580747   -3.38531795   4.67212359  -0.74598909   5.98295039  -0.57557344  13.66411793  23.66674305   2.52089428   0.99937056  -6.07780419  -4.85649422]
     [  6.09579858   3.26614053   0.98152996  -1.8580747    0.          -5.36741992  10.25464179   4.12136303   3.9865165    3.50012236   0.47398548   2.52089428  36.62448393   2.60293136   3.49762269   4.07312237]
     [  9.68755247   4.83773007   1.95145628   3.38531795   5.36741992   0.          -1.96077152   6.33304411  -3.49865556  -0.07256439   1.02973552   0.99937056   2.60293136  20.11590903  -8.49676508  -0.68262851]
     [ -3.66007513  -6.94432094   5.88301531  -4.67212359 -10.25464179   1.96077152   0.          -4.89270801  12.87296421   5.71441537  -6.25060399  -6.07780419   3.49762269  -8.49676508  38.75852276  16.22083239]
     [  7.12664851  -1.8081022    6.73381376   0.74598909  -4.12136303  -6.33304411   4.89270801   0.           5.79029783   4.25043143   0.24073976  -4.85649422   4.07312237  -0.68262851  16.22083239  26.40680547]]
    eigvals of hessian_by_M_M: [ 2.28913693  2.28913693  7.34638608  7.34638608 12.35804592 12.35804592 20.71432986 20.71432986 24.25537807 24.25537807 31.15287492 31.15287492 48.43628301 48.43628301 75.93526126 75.93526126]
IWROR:
    iter_times, elapsed_time, sqdiff: 300, 0.6530270576477051, 1.7170900113300251
    MSN: Tensor(
        [[-0.08195065+0.12559657j  0.18358548-0.10455908j  0.12038   -0.72119563j -0.0851237 -0.42009127j]
         [-0.12984257+0.60884404j -0.36064019-0.49098093j -0.67482488-0.24287684j -0.42478455-0.04865331j]
         [ 1.14192665-0.06192009j -0.18681534+1.18462908j  1.10911414+0.0616401j   0.4985684 -0.13469171j]
         [ 0.60600627-0.35698631j -0.34312167+0.42282013j -0.54299075+1.17953664j -0.0774237 +0.79596775j]]
        labels=['kl', 'kr'],
        shape=(4, 4),
    )
    grad_by_M: [-2.44804177e-14  8.13238366e-15  4.09672296e-14  3.87745391e-14  2.21767049e-14  2.71310752e-15 -9.85236198e-15  2.24820162e-15 -2.64649413e-14  7.88952237e-15  9.90874049e-15 -1.59317004e-14 -4.88220575e-14 -2.76167977e-15 -3.86357613e-14  4.70457007e-15]
    hessian_by_M_M: [[ 44.90645249   4.02122494   1.1088962    6.36649864   3.94770198  -3.15370103  13.64590353   5.3467838    0.          -0.49337752   1.42741317   8.30439491   6.69325618   9.93871494  -4.06989586   6.66549975]
     [  4.02122494  13.13607602   0.54420266  -1.24134239   2.82429595  -0.39929874   5.93551321   3.07049168   0.49337752   0.           1.60512182  -0.54620214   3.51467164   3.94335166  -6.20733636  -1.860452  ]
     [  1.1088962    0.54420266  26.08453809  14.02594822   0.3585852    1.41161506  -8.0296465    0.92622949  -1.42741317  -1.60512182   0.           0.88817957   1.00234885   2.02935105   7.09076299   7.59116848]
     [  6.36649864  -1.24134239  14.02594822  22.43724228   2.40261075   0.64093644  -6.60679661  -5.29876231  -8.30439491   0.54620214  -0.88817957   0.          -1.81041178   3.35936829  -6.04689562   1.02912825]
     [  3.94770198   2.82429595   0.3585852    2.40261075  40.20797926   1.54839281   4.20423314   3.09465257  -6.69325618  -3.51467164  -1.00234885   1.81041178   0.           2.20423872 -10.56164177  -4.26095221]
     [ -3.15370103  -0.39929874   1.41161506   0.64093644   1.54839281  19.79481368  -8.24776129  -0.13404718  -9.93871494  -3.94335166  -2.02935105  -3.35936829  -2.20423872   0.           2.48835295  -5.7049107 ]
     [ 13.64590353   5.93551321  -8.0296465   -6.60679661   4.20423314  -8.24776129  43.5610265   16.0233263    4.06989586   6.20733636  -7.09076299   6.04689562  10.56164177  -2.48835295   0.           1.0011174 ]
     [  5.3467838    3.07049168   0.92622949  -5.29876231   3.09465257  -0.13404718  16.0233263   24.9326171   -6.66549975   1.860452    -7.59116848  -1.02912825   4.26095221   5.7049107   -1.0011174    0.        ]
     [  0.           0.49337752  -1.42741317  -8.30439491  -6.69325618  -9.93871494   4.06989586  -6.66549975  44.90645249   4.02122494   1.1088962    6.36649864   3.94770198  -3.15370103  13.64590353   5.3467838 ]
     [ -0.49337752   0.          -1.60512182   0.54620214  -3.51467164  -3.94335166   6.20733636   1.860452     4.02122494  13.13607602   0.54420266  -1.24134239   2.82429595  -0.39929874   5.93551321   3.07049168]
     [  1.42741317   1.60512182   0.          -0.88817957  -1.00234885  -2.02935105  -7.09076299  -7.59116848   1.1088962    0.54420266  26.08453809  14.02594822   0.3585852    1.41161506  -8.0296465    0.92622949]
     [  8.30439491  -0.54620214   0.88817957   0.           1.81041178  -3.35936829   6.04689562  -1.02912825   6.36649864  -1.24134239  14.02594822  22.43724228   2.40261075   0.64093644  -6.60679661  -5.29876231]
     [  6.69325618   3.51467164   1.00234885  -1.81041178   0.          -2.20423872  10.56164177   4.26095221   3.94770198   2.82429595   0.3585852    2.40261075  40.20797926   1.54839281   4.20423314   3.09465257]
     [  9.93871494   3.94335166   2.02935105   3.35936829   2.20423872   0.          -2.48835295   5.7049107   -3.15370103  -0.39929874   1.41161506   0.64093644   1.54839281  19.79481368  -8.24776129  -0.13404718]
     [ -4.06989586  -6.20733636   7.09076299  -6.04689562 -10.56164177   2.48835295   0.          -1.0011174   13.64590353   5.93551321  -8.0296465   -6.60679661   4.20423314  -8.24776129  43.5610265   16.0233263 ]
     [  6.66549975  -1.860452     7.59116848   1.02912825  -4.26095221  -5.7049107    1.0011174    0.           5.3467838    3.07049168   0.92622949  -5.29876231   3.09465257  -0.13404718  16.0233263   24.9326171 ]]
    eigvals of hessian_by_M_M: [ 2.56728802  2.56728802  7.39721895  7.39721895 12.91854244 12.91854244 21.64307608 21.64307608 25.37707831 25.37707831 34.81518148 34.81518148 52.32506922 52.32506922 78.01729093 78.01729093]
WLBOR:
    iter_times, elapsed_time, sqdiff: 300, 1.5618908405303955, 1.7170900113300234
    MSN: Tensor(
        [[-0.08195065+0.12559657j  0.18358548-0.10455908j  0.12038   -0.72119563j -0.0851237 -0.42009127j]
         [-0.12984257+0.60884404j -0.36064019-0.49098093j -0.67482488-0.24287684j -0.42478455-0.04865331j]
         [ 1.14192665-0.06192009j -0.18681534+1.18462908j  1.10911414+0.0616401j   0.4985684 -0.13469171j]
         [ 0.60600627-0.35698631j -0.34312167+0.42282014j -0.54299075+1.17953664j -0.0774237 +0.79596775j]]
        labels=['kl', 'kr'],
        shape=(4, 4),
    )
    grad_by_M: [ 2.65869526e-09  4.11751527e-09  8.95218455e-10  2.20071539e-09  2.90313562e-09  2.01789665e-09  2.46413978e-09  4.27793201e-09 -1.52866862e-08  4.08341613e-09 -1.53120289e-09 -3.78419368e-09 -2.23047775e-09  2.11054196e-09 -9.66552852e-09  7.69095343e-11]
    hessian_by_M_M: [[ 7.83011071e+01 -1.94251825e+01 -1.27456083e+00  1.15138917e+01  5.73804307e+00 -7.17848136e+00  1.87642087e+01  4.69130046e+00  0.00000000e+00  1.59423673e+01  1.08791152e+00  1.30483539e+01  7.35870176e+00  1.51044828e+01 -7.54824736e+00  1.74393352e+01]
     [-1.94251825e+01  2.83173666e+01  1.83654881e+00 -3.04727465e+00  3.98119448e+00  2.86132865e+00  2.55857090e+00  7.09007913e+00 -1.59423673e+01  0.00000000e+00  2.62296280e+00 -7.96428104e+00  1.41868135e+00  3.06404501e+00 -1.13071024e+01 -4.11898098e+00]
     [-1.27456083e+00  1.83654881e+00  3.98270445e+01  6.11437276e+00 -1.09861312e+00  2.82928016e+00 -1.58057449e+01  4.82034055e+00 -1.08791152e+00 -2.62296280e+00  0.00000000e+00  6.27827762e+00  1.72114426e+00  1.52701010e+00  1.37231222e+01  5.32582470e+00]
     [ 1.15138917e+01 -3.04727465e+00  6.11437276e+00  2.88498058e+01  4.10730736e+00  4.67352260e-01 -1.37131202e+00 -2.73314637e+00 -1.30483539e+01  7.96428104e+00 -6.27827762e+00  0.00000000e+00 -3.79146217e+00  5.97820174e+00 -1.18160432e+01 -4.25554977e-02]
     [ 5.73804307e+00  3.98119448e+00 -1.09861312e+00  4.10730736e+00  7.06005205e+01 -2.27823760e+01  1.01346859e+01  4.92252302e+00 -7.35870176e+00 -1.41868135e+00 -1.72114426e+00  3.79146217e+00  0.00000000e+00  1.75038956e+01 -1.62620680e+01  1.39624691e+00]
     [-7.17848136e+00  2.86132865e+00  2.82928016e+00  4.67352260e-01 -2.27823760e+01  4.25804244e+01 -1.98060956e+01  1.20811094e+00 -1.51044828e+01 -3.06404501e+00 -1.52701010e+00 -5.97820174e+00 -1.75038956e+01  0.00000000e+00  7.14772281e+00 -1.51659582e+01]
     [ 1.87642087e+01  2.55857090e+00 -1.58057449e+01 -1.37131202e+00  1.01346859e+01 -1.98060956e+01  6.97896699e+01  1.07013562e-01  7.54824736e+00  1.13071024e+01 -1.37231222e+01  1.18160432e+01  1.62620680e+01 -7.14772281e+00  0.00000000e+00  1.32999157e+01]
     [ 4.69130046e+00  7.09007913e+00  4.82034055e+00 -2.73314637e+00  4.92252302e+00  1.20811094e+00  1.07013562e-01  3.53551029e+01 -1.74393352e+01  4.11898098e+00 -5.32582470e+00  4.25554977e-02 -1.39624691e+00  1.51659582e+01 -1.32999157e+01  0.00000000e+00]
     [ 0.00000000e+00 -1.59423673e+01 -1.08791152e+00 -1.30483539e+01 -7.35870176e+00 -1.51044828e+01  7.54824736e+00 -1.74393352e+01  7.83011071e+01 -1.94251825e+01 -1.27456083e+00  1.15138917e+01  5.73804307e+00 -7.17848136e+00  1.87642087e+01  4.69130046e+00]
     [ 1.59423673e+01  0.00000000e+00 -2.62296280e+00  7.96428104e+00 -1.41868135e+00 -3.06404501e+00  1.13071024e+01  4.11898098e+00 -1.94251825e+01  2.83173666e+01  1.83654881e+00 -3.04727465e+00  3.98119448e+00  2.86132865e+00  2.55857090e+00  7.09007913e+00]
     [ 1.08791152e+00  2.62296280e+00  0.00000000e+00 -6.27827762e+00 -1.72114426e+00 -1.52701010e+00 -1.37231222e+01 -5.32582470e+00 -1.27456083e+00  1.83654881e+00  3.98270445e+01  6.11437276e+00 -1.09861312e+00  2.82928016e+00 -1.58057449e+01  4.82034055e+00]
     [ 1.30483539e+01 -7.96428104e+00  6.27827762e+00  0.00000000e+00  3.79146217e+00 -5.97820174e+00  1.18160432e+01  4.25554977e-02  1.15138917e+01 -3.04727465e+00  6.11437276e+00  2.88498058e+01  4.10730736e+00  4.67352260e-01 -1.37131202e+00 -2.73314637e+00]
     [ 7.35870176e+00  1.41868135e+00  1.72114426e+00 -3.79146217e+00  0.00000000e+00 -1.75038956e+01  1.62620680e+01 -1.39624691e+00  5.73804307e+00  3.98119448e+00 -1.09861312e+00  4.10730736e+00  7.06005205e+01 -2.27823760e+01  1.01346859e+01  4.92252302e+00]
     [ 1.51044828e+01  3.06404501e+00  1.52701010e+00  5.97820174e+00  1.75038956e+01  0.00000000e+00 -7.14772281e+00  1.51659582e+01 -7.17848136e+00  2.86132865e+00  2.82928016e+00  4.67352260e-01 -2.27823760e+01  4.25804244e+01 -1.98060956e+01  1.20811094e+00]
     [-7.54824736e+00 -1.13071024e+01  1.37231222e+01 -1.18160432e+01 -1.62620680e+01  7.14772281e+00  0.00000000e+00 -1.32999157e+01  1.87642087e+01  2.55857090e+00 -1.58057449e+01 -1.37131202e+00  1.01346859e+01 -1.98060956e+01  6.97896699e+01  1.07013562e-01]
     [ 1.74393352e+01 -4.11898098e+00  5.32582470e+00 -4.25554977e-02  1.39624691e+00 -1.51659582e+01  1.32999157e+01  0.00000000e+00  4.69130046e+00  7.09007913e+00  4.82034055e+00 -2.73314637e+00  4.92252302e+00  1.20811094e+00  1.07013562e-01  3.53551029e+01]]
    eigvals of hessian_by_M_M: [  4.98497646   4.98497646  10.95414938  10.95414938  20.64189504  20.64189504  33.73932876  33.73932876  41.64596752  41.64596752  61.85217563  61.85217563  84.43212368  84.43212368 135.37042519 135.37042519]
WNAG:
    iter_times, elapsed_time, sqdiff: 300, 0.7077250480651855, 1.7243665294461201
    MSN: Tensor(
        [[-0.08217925+0.12031903j  0.18786034-0.1025869j   0.12293162-0.7222466j  -0.08371261-0.42071619j]
         [-0.13425943+0.60943476j -0.35724023-0.49383905j -0.67203424-0.25024546j -0.42447935-0.053387j  ]
         [ 1.15204271-0.0659562j  -0.18775593+1.18889352j  1.0975193 +0.06238634j  0.49191927-0.13102878j]
         [ 0.60418347-0.34898725j -0.34949054+0.41650433j -0.55232961+1.18121645j -0.08223349+0.7979862j ]]
        labels=['kl', 'kr'],
        shape=(4, 4),
    )
    grad_by_M: [ 0.08461425  0.05106663  0.02963464  0.24539058 -0.0900415  -0.39064208 -0.43386137 -0.08202152 -0.24962661 -0.05411079 -0.29565323  0.01153147  0.25506801  0.31355183  0.26198175  0.12139355]
    hessian_by_M_M: [[ 8.07474405e+01  1.59281743e+01  5.71897160e+00 -1.27016695e+01  8.65544923e+00 -1.24186802e+01  3.08716033e+01 -4.35876860e+00  0.00000000e+00  1.01742697e+01  3.32629060e+00  7.53845721e+00  1.74259331e+01 -4.81072213e+00 -6.90808538e+00  5.66128952e+00]
     [ 1.59281743e+01  2.10572069e+01  4.04614329e+00 -4.12203374e+00  7.66603325e+00 -2.39402006e+00 -4.82127299e+00  6.10619771e-02 -1.01742697e+01  0.00000000e+00 -2.48736264e-01  1.27413391e+00 -2.32102544e+00  2.78225127e+00 -9.06820084e+00 -2.94765783e+00]
     [ 5.71897160e+00  4.04614329e+00  5.54013847e+01  9.11926229e-01  2.89016780e+00 -3.60821158e+00 -1.17638288e+01 -1.33792600e+01 -3.32629060e+00  2.48736264e-01  0.00000000e+00  2.56645017e+01  2.41887714e+00  1.12466318e+00  1.04702563e+01 -6.25818884e-02]
     [-1.27016695e+01 -4.12203374e+00  9.11926229e-01  2.82954476e+01 -2.36163189e+00 -7.58194077e-01 -7.65122654e+00 -1.21426268e+01 -7.53845721e+00 -1.27413391e+00 -2.56645017e+01  0.00000000e+00 -3.57052760e+00  3.78982005e+00  1.54837968e+01  4.78736925e+00]
     [ 8.65544923e+00  7.66603325e+00  2.89016780e+00 -2.36163189e+00  7.35774221e+01  8.80541754e+00  3.79076577e+00  7.76755480e+00 -1.74259331e+01  2.32102544e+00 -2.41887714e+00  3.57052760e+00  0.00000000e+00  6.54655256e+00 -2.27470196e+01  2.11608004e+00]
     [-1.24186802e+01 -2.39402006e+00 -3.60821158e+00 -7.58194077e-01  8.80541754e+00  2.67394496e+01  6.11850069e+00  3.02507904e+00  4.81072213e+00 -2.78225127e+00 -1.12466318e+00 -3.78982005e+00 -6.54655256e+00  0.00000000e+00  7.33169382e+00 -3.82219538e+00]
     [ 3.08716033e+01 -4.82127299e+00 -1.17638288e+01 -7.65122654e+00  3.79076577e+00  6.11850069e+00  8.69944735e+01  7.38159692e+00  6.90808538e+00  9.06820084e+00 -1.04702563e+01 -1.54837968e+01  2.27470196e+01 -7.33169382e+00  0.00000000e+00  2.97140471e+01]
     [-4.35876860e+00  6.10619771e-02 -1.33792600e+01 -1.21426268e+01  7.76755480e+00  3.02507904e+00  7.38159692e+00  3.30755347e+01 -5.66128952e+00  2.94765783e+00  6.25818884e-02 -4.78736925e+00 -2.11608004e+00  3.82219538e+00 -2.97140471e+01  0.00000000e+00]
     [ 0.00000000e+00 -1.01742697e+01 -3.32629060e+00 -7.53845721e+00 -1.74259331e+01  4.81072213e+00  6.90808538e+00 -5.66128952e+00  8.07474405e+01  1.59281743e+01  5.71897160e+00 -1.27016695e+01  8.65544923e+00 -1.24186802e+01  3.08716033e+01 -4.35876860e+00]
     [ 1.01742697e+01  0.00000000e+00  2.48736264e-01 -1.27413391e+00  2.32102544e+00 -2.78225127e+00  9.06820084e+00  2.94765783e+00  1.59281743e+01  2.10572069e+01  4.04614329e+00 -4.12203374e+00  7.66603325e+00 -2.39402006e+00 -4.82127299e+00  6.10619771e-02]
     [ 3.32629060e+00 -2.48736264e-01  0.00000000e+00 -2.56645017e+01 -2.41887714e+00 -1.12466318e+00 -1.04702563e+01  6.25818884e-02  5.71897160e+00  4.04614329e+00  5.54013847e+01  9.11926229e-01  2.89016780e+00 -3.60821158e+00 -1.17638288e+01 -1.33792600e+01]
     [ 7.53845721e+00  1.27413391e+00  2.56645017e+01  0.00000000e+00  3.57052760e+00 -3.78982005e+00 -1.54837968e+01 -4.78736925e+00 -1.27016695e+01 -4.12203374e+00  9.11926229e-01  2.82954476e+01 -2.36163189e+00 -7.58194077e-01 -7.65122654e+00 -1.21426268e+01]
     [ 1.74259331e+01 -2.32102544e+00  2.41887714e+00 -3.57052760e+00  0.00000000e+00 -6.54655256e+00  2.27470196e+01 -2.11608004e+00  8.65544923e+00  7.66603325e+00  2.89016780e+00 -2.36163189e+00  7.35774221e+01  8.80541754e+00  3.79076577e+00  7.76755480e+00]
     [-4.81072213e+00  2.78225127e+00  1.12466318e+00  3.78982005e+00  6.54655256e+00  0.00000000e+00 -7.33169382e+00  3.82219538e+00 -1.24186802e+01 -2.39402006e+00 -3.60821158e+00 -7.58194077e-01  8.80541754e+00  2.67394496e+01  6.11850069e+00  3.02507904e+00]
     [-6.90808538e+00 -9.06820084e+00  1.04702563e+01  1.54837968e+01 -2.27470196e+01  7.33169382e+00  0.00000000e+00 -2.97140471e+01  3.08716033e+01 -4.82127299e+00 -1.17638288e+01 -7.65122654e+00  3.79076577e+00  6.11850069e+00  8.69944735e+01  7.38159692e+00]
     [ 5.66128952e+00 -2.94765783e+00 -6.25818884e-02  4.78736925e+00  2.11608004e+00 -3.82219538e+00  2.97140471e+01  0.00000000e+00 -4.35876860e+00  6.10619771e-02 -1.33792600e+01 -1.21426268e+01  7.76755480e+00  3.02507904e+00  7.38159692e+00  3.30755347e+01]]
    eigvals of hessian_by_M_M: [  3.33542998   3.33542998   9.68068421   9.68068421  16.48997215  16.48997215  27.1580187   27.1580187   45.28013371  45.28013371  63.60482081  63.60482081  95.54633268  95.54633268 144.79296741 144.79296741]
SNAG:
    iter_times, elapsed_time, sqdiff: 300, 0.6644201278686523, 1.7170900113300254
    MSN: Tensor(
        [[-0.08195065+0.12559657j  0.18358548-0.10455908j  0.12038   -0.72119563j -0.0851237 -0.42009127j]
         [-0.12984257+0.60884404j -0.36064019-0.49098093j -0.67482488-0.24287684j -0.42478455-0.04865331j]
         [ 1.14192665-0.06192009j -0.18681534+1.18462908j  1.10911414+0.0616401j   0.4985684 -0.13469171j]
         [ 0.60600627-0.35698631j -0.34312167+0.42282013j -0.54299075+1.17953664j -0.0774237 +0.79596775j]]
        labels=['kl', 'kr'],
        shape=(4, 4),
    )
    grad_by_M: [-5.71764858e-15  6.24500451e-16 -3.27515792e-15  3.33066907e-16  7.78543896e-15 -1.69959533e-15 -1.51961776e-15  9.85322934e-16  4.31599201e-15 -4.28476699e-16 -7.47665818e-16 -3.60822483e-16 -2.22044605e-16 -2.77555756e-17 -8.74300632e-16 -3.19189120e-15]
    hessian_by_M_M: [[ 1.48966142e+01 -1.90027040e+00 -8.58404806e-03  1.20081260e+00  1.64973754e+00 -1.65965972e+00  4.26115548e+00  1.00319920e-01  0.00000000e+00 -7.13996946e-01 -7.21411050e-01  2.76882240e+00  1.41047254e+00  1.81032406e+00 -1.46010595e+00  2.22992175e+00]
     [-1.90027040e+00  3.20382369e+00  4.00481009e-01 -6.43896132e-01  7.76687484e-01 -1.15279568e-01  4.37038955e-01  2.57606597e-01  7.13996946e-01  0.00000000e+00  5.50608211e-01 -4.77473587e-01  3.66301683e-01  3.93788924e-01 -1.46292449e+00 -5.07204048e-01]
     [-8.58404806e-03  4.00481009e-01  7.03803410e+00  9.28324291e-01 -4.25145076e-02  1.70658891e-01 -1.75525268e+00  5.22322966e-01  7.21411050e-01 -5.50608211e-01  0.00000000e+00  1.05315367e+00  4.71560777e-01  3.13546862e-01  1.96203116e+00  1.79166558e+00]
     [ 1.20081260e+00 -6.43896132e-01  9.28324291e-01  4.46912849e+00  4.94397238e-01 -3.62394349e-02 -1.63529514e+00 -1.24249794e+00 -2.76882240e+00  4.77473587e-01 -1.05315367e+00  0.00000000e+00 -9.98406298e-01  8.05651932e-01 -1.54606831e+00  3.10769130e-01]
     [ 1.64973754e+00  7.76687484e-01 -4.25145076e-02  4.94397238e-01  1.42149154e+01 -3.20528481e+00  1.60565488e+00  7.17612126e-01 -1.41047254e+00 -3.66301683e-01 -4.71560777e-01  9.98406298e-01  0.00000000e+00 -1.01031843e-04 -4.11746776e+00 -4.48186633e-02]
     [-1.65965972e+00 -1.15279568e-01  1.70658891e-01 -3.62394349e-02 -3.20528481e+00  4.94129184e+00 -2.03129940e+00  2.76676556e-01 -1.81032406e+00 -3.93788924e-01 -3.13546862e-01 -8.05651932e-01  1.01031843e-04  0.00000000e+00  2.34378154e+00 -1.28394758e+00]
     [ 4.26115548e+00  4.37038955e-01 -1.75525268e+00 -1.63529514e+00  1.60565488e+00 -2.03129940e+00  1.26988078e+01  5.17373777e-01  1.46010595e+00  1.46292449e+00 -1.96203116e+00  1.54606831e+00  4.11746776e+00 -2.34378154e+00  0.00000000e+00  8.52293042e-01]
     [ 1.00319920e-01  2.57606597e-01  5.22322966e-01 -1.24249794e+00  7.17612126e-01  2.76676556e-01  5.17373777e-01  5.03811003e+00 -2.22992175e+00  5.07204048e-01 -1.79166558e+00 -3.10769130e-01  4.48186633e-02  1.28394758e+00 -8.52293042e-01  0.00000000e+00]
     [ 0.00000000e+00  7.13996946e-01  7.21411050e-01 -2.76882240e+00 -1.41047254e+00 -1.81032406e+00  1.46010595e+00 -2.22992175e+00  1.48966142e+01 -1.90027040e+00 -8.58404806e-03  1.20081260e+00  1.64973754e+00 -1.65965972e+00  4.26115548e+00  1.00319920e-01]
     [-7.13996946e-01  0.00000000e+00 -5.50608211e-01  4.77473587e-01 -3.66301683e-01 -3.93788924e-01  1.46292449e+00  5.07204048e-01 -1.90027040e+00  3.20382369e+00  4.00481009e-01 -6.43896132e-01  7.76687484e-01 -1.15279568e-01  4.37038955e-01  2.57606597e-01]
     [-7.21411050e-01  5.50608211e-01  0.00000000e+00 -1.05315367e+00 -4.71560777e-01 -3.13546862e-01 -1.96203116e+00 -1.79166558e+00 -8.58404806e-03  4.00481009e-01  7.03803410e+00  9.28324291e-01 -4.25145076e-02  1.70658891e-01 -1.75525268e+00  5.22322966e-01]
     [ 2.76882240e+00 -4.77473587e-01  1.05315367e+00  0.00000000e+00  9.98406298e-01 -8.05651932e-01  1.54606831e+00 -3.10769130e-01  1.20081260e+00 -6.43896132e-01  9.28324291e-01  4.46912849e+00  4.94397238e-01 -3.62394349e-02 -1.63529514e+00 -1.24249794e+00]
     [ 1.41047254e+00  3.66301683e-01  4.71560777e-01 -9.98406298e-01  0.00000000e+00  1.01031843e-04  4.11746776e+00  4.48186633e-02  1.64973754e+00  7.76687484e-01 -4.25145076e-02  4.94397238e-01  1.42149154e+01 -3.20528481e+00  1.60565488e+00  7.17612126e-01]
     [ 1.81032406e+00  3.93788924e-01  3.13546862e-01  8.05651932e-01 -1.01031843e-04  0.00000000e+00 -2.34378154e+00  1.28394758e+00 -1.65965972e+00 -1.15279568e-01  1.70658891e-01 -3.62394349e-02 -3.20528481e+00  4.94129184e+00 -2.03129940e+00  2.76676556e-01]
     [-1.46010595e+00 -1.46292449e+00  1.96203116e+00 -1.54606831e+00 -4.11746776e+00  2.34378154e+00  0.00000000e+00 -8.52293042e-01  4.26115548e+00  4.37038955e-01 -1.75525268e+00 -1.63529514e+00  1.60565488e+00 -2.03129940e+00  1.26988078e+01  5.17373777e-01]
     [ 2.22992175e+00 -5.07204048e-01  1.79166558e+00  3.10769130e-01 -4.48186633e-02 -1.28394758e+00  8.52293042e-01  0.00000000e+00  1.00319920e-01  2.57606597e-01  5.22322966e-01 -1.24249794e+00  7.17612126e-01  2.76676556e-01  5.17373777e-01  5.03811003e+00]]
    eigvals of hessian_by_M_M: [ 0.80008182  0.80008182  1.78273001  1.78273001  3.31626075  3.31626075  5.63598904  5.63598904  6.87699668  6.87699668 10.46740956 10.46740956 14.30879717 14.30879717 23.31246049 23.31246049]
SSpiral(8):
    iter_times, elapsed_time, sqdiff: 300, 1.0379760265350342, 1.7170900113300247
    MSN: Tensor(
        [[-0.08195065+0.12559657j  0.18358548-0.10455908j  0.12038   -0.72119563j -0.0851237 -0.42009127j]
         [-0.12984257+0.60884404j -0.36064019-0.49098093j -0.67482488-0.24287684j -0.42478455-0.04865331j]
         [ 1.14192665-0.06192009j -0.18681534+1.18462908j  1.10911414+0.0616401j   0.4985684 -0.13469171j]
         [ 0.60600627-0.35698631j -0.34312167+0.42282013j -0.54299075+1.17953664j -0.0774237 +0.79596775j]]
        labels=['kl', 'kr'],
        shape=(4, 4),
    )
    grad_by_M: [-2.10942375e-14 -2.77555756e-16 -6.55031585e-15  3.77475828e-15  2.63677968e-15 -1.01099684e-14  6.66133815e-15  1.74582571e-14 -1.26426647e-14 -9.40914013e-15 -1.45439216e-14 -9.54791801e-15  1.02695630e-14 -4.60742555e-15 -1.69309011e-14  8.27116153e-15]
    hessian_by_M_M: [[ 6.75882755e+01 -1.42372124e+01  6.95832203e-01  1.20115714e+01  6.09842160e+00 -5.62582781e+00  1.92908545e+01  6.93656598e+00  0.00000000e+00  2.25559932e+01  7.02037912e-01  9.75461395e+00  8.33908031e+00  1.49300675e+01 -6.30603550e+00  1.66494832e+01]
     [-1.42372124e+01  2.94104722e+01  4.11353875e-01 -2.56296212e+00  4.36004142e+00  3.46724426e+00  2.95178779e+00  8.20490550e+00 -2.25559932e+01  0.00000000e+00  2.20704900e+00 -8.29344766e+00  1.17880109e+00  3.35255504e+00 -1.18887592e+01 -4.15124541e+00]
     [ 6.95832203e-01  4.11353875e-01  3.60643823e+01  7.88767645e+00  1.60738709e-02  2.00777555e+00 -1.14511523e+01  4.08151336e+00 -7.02037912e-01 -2.20704900e+00  0.00000000e+00  9.93605394e+00  1.54989173e+00  1.57097432e+00  1.05867752e+01  3.35083258e+00]
     [ 1.20115714e+01 -2.56296212e+00  7.88767645e+00  2.83911712e+01  4.73413978e+00  6.38408002e-01  2.94632835e-01 -1.87499410e+00 -9.75461395e+00  8.29344766e+00 -9.93605394e+00  0.00000000e+00 -2.64016874e+00  5.84885830e+00 -9.82991229e+00 -2.43693304e-01]
     [ 6.09842160e+00  4.36004142e+00  1.60738709e-02  4.73413978e+00  6.12497463e+01 -1.60395139e+01  7.14269236e+00  6.97621843e+00 -8.33908031e+00 -1.17880109e+00 -1.54989173e+00  2.64016874e+00  0.00000000e+00  2.53528728e+01 -1.59984719e+01  3.16775025e-01]
     [-5.62582781e+00  3.46724426e+00  2.00777555e+00  6.38408002e-01 -1.60395139e+01  4.33512195e+01 -2.06900758e+01  1.05515980e+00 -1.49300675e+01 -3.35255504e+00 -1.57097432e+00 -5.84885830e+00 -2.53528728e+01  0.00000000e+00  3.06919259e+00 -1.59385263e+01]
     [ 1.92908545e+01  2.95178779e+00 -1.14511523e+01  2.94632835e-01  7.14269236e+00 -2.06900758e+01  6.22079200e+01  3.48589079e+00  6.30603550e+00  1.18887592e+01 -1.05867752e+01  9.82991229e+00  1.59984719e+01 -3.06919259e+00  0.00000000e+00  1.88365380e+01]
     [ 6.93656598e+00  8.20490550e+00  4.08151336e+00 -1.87499410e+00  6.97621843e+00  1.05515980e+00  3.48589079e+00  3.55342622e+01 -1.66494832e+01  4.15124541e+00 -3.35083258e+00  2.43693304e-01 -3.16775025e-01  1.59385263e+01 -1.88365380e+01  0.00000000e+00]
     [ 0.00000000e+00 -2.25559932e+01 -7.02037912e-01 -9.75461395e+00 -8.33908031e+00 -1.49300675e+01  6.30603550e+00 -1.66494832e+01  6.75882755e+01 -1.42372124e+01  6.95832203e-01  1.20115714e+01  6.09842160e+00 -5.62582781e+00  1.92908545e+01  6.93656598e+00]
     [ 2.25559932e+01  0.00000000e+00 -2.20704900e+00  8.29344766e+00 -1.17880109e+00 -3.35255504e+00  1.18887592e+01  4.15124541e+00 -1.42372124e+01  2.94104722e+01  4.11353875e-01 -2.56296212e+00  4.36004142e+00  3.46724426e+00  2.95178779e+00  8.20490550e+00]
     [ 7.02037912e-01  2.20704900e+00  0.00000000e+00 -9.93605394e+00 -1.54989173e+00 -1.57097432e+00 -1.05867752e+01 -3.35083258e+00  6.95832203e-01  4.11353875e-01  3.60643823e+01  7.88767645e+00  1.60738709e-02  2.00777555e+00 -1.14511523e+01  4.08151336e+00]
     [ 9.75461395e+00 -8.29344766e+00  9.93605394e+00  0.00000000e+00  2.64016874e+00 -5.84885830e+00  9.82991229e+00  2.43693304e-01  1.20115714e+01 -2.56296212e+00  7.88767645e+00  2.83911712e+01  4.73413978e+00  6.38408002e-01  2.94632835e-01 -1.87499410e+00]
     [ 8.33908031e+00  1.17880109e+00  1.54989173e+00 -2.64016874e+00  0.00000000e+00 -2.53528728e+01  1.59984719e+01 -3.16775025e-01  6.09842160e+00  4.36004142e+00  1.60738709e-02  4.73413978e+00  6.12497463e+01 -1.60395139e+01  7.14269236e+00  6.97621843e+00]
     [ 1.49300675e+01  3.35255504e+00  1.57097432e+00  5.84885830e+00  2.53528728e+01  0.00000000e+00 -3.06919259e+00  1.59385263e+01 -5.62582781e+00  3.46724426e+00  2.00777555e+00  6.38408002e-01 -1.60395139e+01  4.33512195e+01 -2.06900758e+01  1.05515980e+00]
     [-6.30603550e+00 -1.18887592e+01  1.05867752e+01 -9.82991229e+00 -1.59984719e+01  3.06919259e+00  0.00000000e+00 -1.88365380e+01  1.92908545e+01  2.95178779e+00 -1.14511523e+01  2.94632835e-01  7.14269236e+00 -2.06900758e+01  6.22079200e+01  3.48589079e+00]
