b=4, chi=2, seed=575, 
NOR:
    iter_times, elapsed_time, sqdiff: 300, 0.6155762672424316, 0.605142974913792
    MSN: Tensor(
        [[-0.04316187-0.53453571j -0.08905373-0.23757412j  0.2024673 -0.02497681j  1.06767342+0.41422829j]
         [ 1.2613842 +0.28948843j -0.17349054+0.17949992j  0.91422512-0.18750514j -0.93749676+1.05481965j]
         [-0.0305161 -0.42206724j -0.27982604+0.62640452j  0.06930991-1.26521352j  0.25472416-0.94188651j]
         [ 0.69131965-0.04075727j -0.55255589+0.40959776j  0.99290397-0.8771649j   0.00424161-0.21093641j]]
        labels=['kl', 'kr'],
        shape=(4, 4),
    )
    grad_by_M: [ 6.30051566e-15 -4.68375339e-17  8.16013923e-15  6.97358837e-15  1.13797860e-14 -9.16627885e-15 -9.03443986e-15 -4.64905892e-15  4.53803661e-15 -9.86363768e-15 -2.34534614e-15  4.11129464e-15  7.69523334e-15 -9.05525654e-15  2.56739074e-16 -3.93782229e-15]
    hessian_by_M_M: [[ 88.09141956 -28.65630646 -13.58464437  -7.22070042  30.38921751 -16.56942629  -5.89914108   3.03500594   0.          12.24922877  -2.4440778    2.89086966  -5.3189135   -5.70989242  14.23277276 -22.51447686]
     [-28.65630646  61.93151767   5.09947993  -2.22796522  -9.1639242    5.63555193   1.76230227  -4.31520834 -12.24922877   0.          -0.24373178   4.71717644 -16.45983998   7.71669016 -10.01883119  14.44366117]
     [-13.58464437   5.09947993  56.60446493  -9.45520552   2.61946611 -17.55580814   8.15676291  11.06182313   2.4440778    0.24373178   0.           2.14283077  -2.94866259 -17.53358587 -13.94917194   2.62851064]
     [ -7.22070042  -2.22796522  -9.45520552  45.67533392  -9.70938979  19.69868119   5.40156077   2.40444919  -2.89086966  -4.71717644  -2.14283077   0.           4.30185198  18.97588235   6.55122968   6.07257655]
     [ 30.38921751  -9.1639242    2.61946611  -9.70938979  45.20130996 -13.6546721  -11.35110805 -12.07335626   5.3189135   16.45983998   2.94866259  -4.30185198   0.          -3.69089102   7.92252229  -6.86353771]
     [-16.56942629   5.63555193 -17.55580814  19.69868119 -13.6546721   68.426919     8.73972627   0.74280592   5.70989242  -7.71669016  17.53358587 -18.97588235   3.69089102   0.          -4.85748214  10.09347694]
     [ -5.89914108   1.76230227   8.15676291   5.40156077 -11.35110805   8.73972627  55.5113153   11.18908152 -14.23277276  10.01883119  13.94917194  -6.55122968  -7.92252229   4.85748214   0.           9.10034038]
     [  3.03500594  -4.31520834  11.06182313   2.40444919 -12.07335626   0.74280592  11.18908152  39.9552007   22.51447686 -14.44366117  -2.62851064  -6.07257655   6.86353771 -10.09347694  -9.10034038   0.        ]
     [  0.         -12.24922877   2.4440778   -2.89086966   5.3189135    5.70989242 -14.23277276  22.51447686  88.09141956 -28.65630646 -13.58464437  -7.22070042  30.38921751 -16.56942629  -5.89914108   3.03500594]
     [ 12.24922877   0.           0.24373178  -4.71717644  16.45983998  -7.71669016  10.01883119 -14.44366117 -28.65630646  61.93151767   5.09947993  -2.22796522  -9.1639242    5.63555193   1.76230227  -4.31520834]
     [ -2.4440778   -0.24373178   0.          -2.14283077   2.94866259  17.53358587  13.94917194  -2.62851064 -13.58464437   5.09947993  56.60446493  -9.45520552   2.61946611 -17.55580814   8.15676291  11.06182313]
     [  2.89086966   4.71717644   2.14283077   0.          -4.30185198 -18.97588235  -6.55122968  -6.07257655  -7.22070042  -2.22796522  -9.45520552  45.67533392  -9.70938979  19.69868119   5.40156077   2.40444919]
     [ -5.3189135  -16.45983998  -2.94866259   4.30185198   0.           3.69089102  -7.92252229   6.86353771  30.38921751  -9.1639242    2.61946611  -9.70938979  45.20130996 -13.6546721  -11.35110805 -12.07335626]
     [ -5.70989242   7.71669016 -17.53358587  18.97588235  -3.69089102   0.           4.85748214 -10.09347694 -16.56942629   5.63555193 -17.55580814  19.69868119 -13.6546721   68.426919     8.73972627   0.74280592]
     [ 14.23277276 -10.01883119 -13.94917194   6.55122968   7.92252229  -4.85748214   0.          -9.10034038  -5.89914108   1.76230227   8.15676291   5.40156077 -11.35110805   8.73972627  55.5113153   11.18908152]
     [-22.51447686  14.44366117   2.62851064   6.07257655  -6.86353771  10.09347694   9.10034038   0.           3.03500594  -4.31520834  11.06182313   2.40444919 -12.07335626   0.74280592  11.18908152  39.9552007 ]]
    eigvals of hessian_by_M_M: [  9.80987821   9.80987821  18.84866201  18.84866201  27.53398905  27.53398905  34.73836581  34.73836581  49.93679276  49.93679276  67.30119517  67.30119517 103.27412796 103.27412796 149.95447009 149.95447009]
WCOR:
    iter_times, elapsed_time, sqdiff: 300, 0.7140030860900879, 0.6051429749137897
    MSN: Tensor(
        [[-0.04316187-0.53453571j -0.08905373-0.23757412j  0.2024673 -0.02497681j  1.06767342+0.41422829j]
         [ 1.2613842 +0.28948843j -0.17349054+0.17949992j  0.91422512-0.18750514j -0.93749676+1.05481965j]
         [-0.0305161 -0.42206724j -0.27982604+0.62640452j  0.06930991-1.26521352j  0.25472416-0.94188651j]
         [ 0.69131965-0.04075727j -0.55255589+0.40959776j  0.99290397-0.8771649j   0.00424161-0.21093641j]]
        labels=['kl', 'kr'],
        shape=(4, 4),
    )
    grad_by_M: [ 1.96787031e-14 -3.27689265e-15  1.79439796e-14  1.32532874e-15  6.74460487e-15 -1.19626531e-14 -2.05391260e-15  2.22044605e-14  2.57224797e-14 -3.28903571e-15 -1.67921232e-14  1.16699185e-14 -3.10168558e-15  3.66338904e-14 -1.66464065e-14  3.00844419e-15]
    hessian_by_M_M: [[109.82910354 -38.81291777 -15.41296242  -5.88731728  38.3760407  -19.37768004  -7.13746967  -2.54377898   0.          31.59723737  -3.50813059   1.60164611  -2.93721798   0.86002251  21.42437652 -27.34704039]
     [-38.81291777  68.27075237   5.49203813  -1.93359733  -8.90421009   8.80704699   6.97755007  -6.24259455 -31.59723737   0.           2.05103153   6.08099951 -24.73884674   9.46916062 -11.70499487  15.76470848]
     [-15.41296242   5.49203813  68.43925881 -17.32098662   8.12390343 -23.75906036   7.11312404  13.79912414   3.50813059  -2.05103153   0.          12.51041553  -1.32404463 -17.04857115 -17.03332549   1.36548576]
     [ -5.88731728  -1.93359733 -17.32098662  47.2051329  -14.08229959  17.62676026   1.72800868   1.20131151  -1.60164611  -6.08099951 -12.51041553   0.          -0.62778828  20.13099537   6.33240062   4.4297617 ]
     [ 38.3760407   -8.90421009   8.12390343 -14.08229959  57.43633567 -25.56884076 -12.44402356 -14.8320229    2.93721798  24.73884674   1.32404463   0.62778828   0.           5.45634637  10.31137717  -8.43711602]
     [-19.37768004   8.80704699 -23.75906036  17.62676026 -25.56884076  67.98365089  11.36799517   0.37601803  -0.86002251  -9.46916062  17.04857115 -20.13099537  -5.45634637   0.          -3.56959062  13.36992107]
     [ -7.13746967   6.97755007   7.11312404   1.72800868 -12.44402356  11.36799517  60.54639467   6.31139233 -21.42437652  11.70499487  17.03332549  -6.33240062 -10.31137717   3.56959062   0.          15.3352193 ]
     [ -2.54377898  -6.24259455  13.79912414   1.20131151 -14.8320229    0.37601803   6.31139233  41.50604429  27.34704039 -15.76470848  -1.36548576  -4.4297617    8.43711602 -13.36992107 -15.3352193    0.        ]
     [  0.         -31.59723737   3.50813059  -1.60164611   2.93721798  -0.86002251 -21.42437652  27.34704039 109.82910354 -38.81291777 -15.41296242  -5.88731728  38.3760407  -19.37768004  -7.13746967  -2.54377898]
     [ 31.59723737   0.          -2.05103153  -6.08099951  24.73884674  -9.46916062  11.70499487 -15.76470848 -38.81291777  68.27075237   5.49203813  -1.93359733  -8.90421009   8.80704699   6.97755007  -6.24259455]
     [ -3.50813059   2.05103153   0.         -12.51041553   1.32404463  17.04857115  17.03332549  -1.36548576 -15.41296242   5.49203813  68.43925881 -17.32098662   8.12390343 -23.75906036   7.11312404  13.79912414]
     [  1.60164611   6.08099951  12.51041553   0.           0.62778828 -20.13099537  -6.33240062  -4.4297617   -5.88731728  -1.93359733 -17.32098662  47.2051329  -14.08229959  17.62676026   1.72800868   1.20131151]
     [ -2.93721798 -24.73884674  -1.32404463  -0.62778828   0.          -5.45634637 -10.31137717   8.43711602  38.3760407   -8.90421009   8.12390343 -14.08229959  57.43633567 -25.56884076 -12.44402356 -14.8320229 ]
     [  0.86002251   9.46916062 -17.04857115  20.13099537   5.45634637   0.           3.56959062 -13.36992107 -19.37768004   8.80704699 -23.75906036  17.62676026 -25.56884076  67.98365089  11.36799517   0.37601803]
     [ 21.42437652 -11.70499487 -17.03332549   6.33240062  10.31137717  -3.56959062   0.         -15.3352193   -7.13746967   6.97755007   7.11312404   1.72800868 -12.44402356  11.36799517  60.54639467   6.31139233]
     [-27.34704039  15.76470848   1.36548576   4.4297617   -8.43711602  13.36992107  15.3352193    0.          -2.54377898  -6.24259455  13.79912414   1.20131151 -14.8320229    0.37601803   6.31139233  41.50604429]]
    eigvals of hessian_by_M_M: [  9.40976995   9.40976995  21.60764878  21.60764878  28.33020605  28.33020605  32.17874924  32.17874924  48.5805198   48.5805198   67.1505705   67.1505705  121.73662369 121.73662369 192.22258512 192.22258512]
WROR:
    iter_times, elapsed_time, sqdiff: 300, 0.6524248123168945, 0.6051429749137895
    MSN: Tensor(
        [[-0.04316187-0.53453571j -0.08905373-0.23757412j  0.2024673 -0.02497681j  1.06767342+0.41422829j]
         [ 1.2613842 +0.28948843j -0.17349054+0.17949992j  0.91422512-0.18750514j -0.93749676+1.05481965j]
         [-0.0305161 -0.42206724j -0.27982604+0.62640452j  0.06930991-1.26521352j  0.25472416-0.94188651j]
         [ 0.69131965-0.04075727j -0.55255589+0.40959776j  0.99290397-0.8771649j   0.00424161-0.21093641j]]
        labels=['kl', 'kr'],
        shape=(4, 4),
    )
    grad_by_M: [ 1.13242749e-13  4.53404675e-14  8.52096171e-15  1.67227343e-14  2.82829316e-14  3.65332764e-14  8.09630141e-14 -1.98452366e-15 -1.39617484e-13  6.45039577e-14 -6.00075545e-14  1.26704203e-14 -4.49848492e-14  6.88685220e-14 -1.24945627e-14  1.69378400e-14]
    hessian_by_M_M: [[152.52793925 -43.98093622 -19.78917099  -3.515103    52.11250449 -19.69545334  -8.0380567  -14.11113093   0.          69.44758854  -6.79216624  -2.82737407   0.41861378  14.28934861  35.67152482 -31.20457501]
     [-43.98093622  79.86461148   3.10108538  -2.68176089  -5.39277115  16.74101884  17.52954132  -9.25276656 -69.44758854   0.           6.28291039   7.07223971 -40.23044489  10.7940054  -11.7276502   17.91861415]
     [-19.78917099   3.10108538  94.55529117 -22.90110145  22.53952279 -29.69922302   6.55939252  19.55802662   6.79216624  -6.28291039   0.          33.95021494   1.86308749 -12.75351977 -21.44829939  -1.44997517]
     [ -3.515103    -2.68176089 -22.90110145  49.60793093 -18.78600032  12.4962025   -5.04314565  -0.36233262   2.82737407  -7.07223971 -33.95021494   0.         -11.31421779  18.97226008   4.15205911  -0.72256549]
     [ 52.11250449  -5.39277115  22.53952279 -18.78600032  87.53823993 -37.17332682 -14.44351782 -18.95067975  -0.41861378  40.23044489  -1.86308749  11.31421779   0.          25.05467805  12.53869854 -11.2661025 ]
     [-19.69545334  16.74101884 -29.69922302  12.4962025  -37.17332682  62.93057957  13.70925698  -1.51573254 -14.28934861 -10.7940054   12.75351977 -18.97226008 -25.05467805   0.          -0.34809161  17.91080071]
     [ -8.0380567   17.52954132   6.55939252  -5.04314565 -14.44351782  13.70925698  72.63208392   2.57878803 -35.67152482  11.7276502   21.44829939  -4.15205911 -12.53869854   0.34809161   0.          27.23952102]
     [-14.11113093  -9.25276656  19.55802662  -0.36233262 -18.95067975  -1.51573254   2.57878803  43.78039989  31.20457501 -17.91861415   1.44997517   0.72256549  11.2661025  -17.91080071 -27.23952102   0.        ]
     [  0.         -69.44758854   6.79216624   2.82737407  -0.41861378 -14.28934861 -35.67152482  31.20457501 152.52793925 -43.98093622 -19.78917099  -3.515103    52.11250449 -19.69545334  -8.0380567  -14.11113093]
     [ 69.44758854   0.          -6.28291039  -7.07223971  40.23044489 -10.7940054   11.7276502  -17.91861415 -43.98093622  79.86461148   3.10108538  -2.68176089  -5.39277115  16.74101884  17.52954132  -9.25276656]
     [ -6.79216624   6.28291039   0.         -33.95021494  -1.86308749  12.75351977  21.44829939   1.44997517 -19.78917099   3.10108538  94.55529117 -22.90110145  22.53952279 -29.69922302   6.55939252  19.55802662]
     [ -2.82737407   7.07223971  33.95021494   0.          11.31421779 -18.97226008  -4.15205911   0.72256549  -3.515103    -2.68176089 -22.90110145  49.60793093 -18.78600032  12.4962025   -5.04314565  -0.36233262]
     [  0.41861378 -40.23044489   1.86308749 -11.31421779   0.         -25.05467805 -12.53869854  11.2661025   52.11250449  -5.39277115  22.53952279 -18.78600032  87.53823993 -37.17332682 -14.44351782 -18.95067975]
     [ 14.28934861  10.7940054  -12.75351977  18.97226008  25.05467805   0.           0.34809161 -17.91080071 -19.69545334  16.74101884 -29.69922302  12.4962025  -37.17332682  62.93057957  13.70925698  -1.51573254]
     [ 35.67152482 -11.7276502  -21.44829939   4.15205911  12.53869854  -0.34809161   0.         -27.23952102  -8.0380567   17.52954132   6.55939252  -5.04314565 -14.44351782  13.70925698  72.63208392   2.57878803]
     [-31.20457501  17.91861415  -1.44997517  -0.72256549 -11.2661025   17.91080071  27.23952102   0.         -14.11113093  -9.25276656  19.55802662  -0.36233262 -18.95067975  -1.51573254   2.57878803  43.78039989]]
    eigvals of hessian_by_M_M: [  8.32673991   8.32673991  19.71889532  19.71889532  23.93303825  23.93303825  27.9202428   27.9202428   52.58540275  52.58540275  77.90422462  77.90422462 161.36146845 161.36146845 271.68706405 271.68706405]
IWROR:
    iter_times, elapsed_time, sqdiff: 300, 0.6472659111022949, 0.60514297491379
    MSN: Tensor(
        [[-0.04316187-0.53453571j -0.08905373-0.23757412j  0.2024673 -0.02497681j  1.06767342+0.41422829j]
         [ 1.2613842 +0.28948843j -0.17349054+0.17949992j  0.91422512-0.18750514j -0.93749676+1.05481965j]
         [-0.0305161 -0.42206724j -0.27982604+0.62640452j  0.06930991-1.26521352j  0.25472416-0.94188651j]
         [ 0.69131965-0.04075727j -0.55255589+0.40959776j  0.99290397-0.8771649j   0.00424161-0.21093641j]]
        labels=['kl', 'kr'],
        shape=(4, 4),
    )
    grad_by_M: [ 6.23390228e-14  1.58206781e-15  7.50788320e-15  9.64506253e-15  4.09117185e-14 -6.69603262e-15 -5.88418203e-15  2.85188539e-14  1.01932351e-14  7.17481630e-15 -7.04436509e-14  2.85604873e-14 -5.81548698e-14  1.58068003e-14  3.19943724e-14  1.97619698e-14]
    hessian_by_M_M: [[165.07042634 -46.71808754 -21.29096247  -2.67755803  56.56399435 -21.09751634  -8.95718172 -16.4486882    0.          78.22467077  -7.08559174  -3.39278176   0.6113722   17.37340609  38.47222946 -32.1821378 ]
     [-46.71808754  82.31669279   3.42499927  -2.88077203  -5.87022458  18.59767756  19.83028056  -9.41823103 -78.22467077   0.           7.5136939    6.60963407 -42.54225124  11.35174125 -11.75742834  19.27747693]
     [-21.29096247   3.42499927 102.00156226 -24.87244346  23.75955677 -30.80140803   6.95344131  20.04717888   7.08559174  -7.5136939    0.          39.38877918   2.09500203 -10.55570635 -23.36144995  -0.85986272]
     [ -2.67755803  -2.88077203 -24.87244346  50.06887135 -18.53000332  13.08771347  -6.32874449  -1.03444215   3.39278176  -6.60963407 -39.38877918   0.         -12.86224419  18.63757926   4.45121071  -1.84125398]
     [ 56.56399435  -5.87022458  23.75955677 -18.53000332  94.012848   -38.84608002 -15.6525379  -19.41162013  -0.6113722   42.54225124  -2.09500203  12.86224419   0.          30.87795683  13.98841582 -11.71180802]
     [-21.09751634  18.59767756 -30.80140803  13.08771347 -38.84608002  62.46732715  14.98754079  -1.70861601 -17.37340609 -11.35174125  10.55570635 -18.63757926 -30.87795683   0.           0.33006941  18.18126508]
     [ -8.95718172  19.83028056   6.95344131  -6.32874449 -15.6525379   14.98754079  78.60937838   0.85035743 -38.47222946  11.75742834  23.36144995  -4.45121071 -13.98841582  -0.33006941   0.          31.01326389]
     [-16.4486882   -9.41823103  20.04717888  -1.03444215 -19.41162013  -1.70861601   0.85035743  42.38613758  32.1821378  -19.27747693   0.85986272   1.84125398  11.71180802 -18.18126508 -31.01326389   0.        ]
     [  0.         -78.22467077   7.08559174   3.39278176  -0.6113722  -17.37340609 -38.47222946  32.1821378  165.07042634 -46.71808754 -21.29096247  -2.67755803  56.56399435 -21.09751634  -8.95718172 -16.4486882 ]
     [ 78.22467077   0.          -7.5136939   -6.60963407  42.54225124 -11.35174125  11.75742834 -19.27747693 -46.71808754  82.31669279   3.42499927  -2.88077203  -5.87022458  18.59767756  19.83028056  -9.41823103]
     [ -7.08559174   7.5136939    0.         -39.38877918  -2.09500203  10.55570635  23.36144995   0.85986272 -21.29096247   3.42499927 102.00156226 -24.87244346  23.75955677 -30.80140803   6.95344131  20.04717888]
     [ -3.39278176   6.60963407  39.38877918   0.          12.86224419 -18.63757926  -4.45121071   1.84125398  -2.67755803  -2.88077203 -24.87244346  50.06887135 -18.53000332  13.08771347  -6.32874449  -1.03444215]
     [  0.6113722  -42.54225124   2.09500203 -12.86224419   0.         -30.87795683 -13.98841582  11.71180802  56.56399435  -5.87022458  23.75955677 -18.53000332  94.012848   -38.84608002 -15.6525379  -19.41162013]
     [ 17.37340609  11.35174125 -10.55570635  18.63757926  30.87795683   0.          -0.33006941 -18.18126508 -21.09751634  18.59767756 -30.80140803  13.08771347 -38.84608002  62.46732715  14.98754079  -1.70861601]
     [ 38.47222946 -11.75742834 -23.36144995   4.45121071  13.98841582   0.33006941   0.         -31.01326389  -8.95718172  19.83028056   6.95344131  -6.32874449 -15.6525379   14.98754079  78.60937838   0.85035743]
     [-32.1821378   19.27747693  -0.85986272  -1.84125398 -11.71180802  18.18126508  31.01326389   0.         -16.4486882   -9.41823103  20.04717888  -1.03444215 -19.41162013  -1.70861601   0.85035743  42.38613758]]
    eigvals of hessian_by_M_M: [  7.70895082   7.70895082  17.96679861  17.96679861  21.58005377  21.58005377  25.76559068  25.76559068  55.22517338  55.22517338  82.64139888  82.64139888 171.99214461 171.99214461 294.05313309 294.05313309]
WLBOR:
    iter_times, elapsed_time, sqdiff: 300, 1.5939948558807373, 0.6051429749137904
    MSN: Tensor(
        [[-0.04316187-0.53453571j -0.08905373-0.23757412j  0.2024673 -0.02497681j  1.06767342+0.41422829j]
         [ 1.2613842 +0.28948843j -0.17349053+0.17949992j  0.91422511-0.18750514j -0.93749676+1.05481965j]
         [-0.03051609-0.42206724j -0.27982604+0.62640452j  0.06930991-1.26521353j  0.25472415-0.94188651j]
         [ 0.69131965-0.04075727j -0.55255589+0.40959776j  0.99290397-0.8771649j   0.00424161-0.21093641j]]
        labels=['kl', 'kr'],
        shape=(4, 4),
    )
    grad_by_M: [-1.94231860e-08 -7.64827996e-09 -8.67021073e-09  1.18609488e-08  9.03693073e-09  1.62977921e-08 -7.20600893e-09 -2.18770424e-08 -1.39869096e-08  1.67371877e-09  4.76036673e-09  1.60620013e-09 -8.33100942e-09 -4.32035936e-09 -5.19373789e-09 -4.89003721e-09]
    hessian_by_M_M: [[ 88.36685078 -28.62719559 -13.65453758  -7.26572479  30.47163231 -16.59891299  -5.89828665   3.0169658    0.          12.45824797  -2.47156928   2.88340298  -5.38769141  -5.66126526  14.25181467 -22.61724632]
     [-28.62719559  62.36820869   5.09641199  -2.23805754  -9.19407821   5.67444168   1.77682823  -4.37270376 -12.45824797   0.          -0.2072599    4.78537576 -16.62322637   7.76532599 -10.03090783  14.50574287]
     [-13.65453758   5.09641199  56.82661484  -9.37838314   2.62748292 -17.59434396   8.22435661  11.18593736   2.47156928   0.2072599    0.           2.23043467  -2.99426644 -17.62887724 -13.98962044   2.64937843]
     [ -7.26572479  -2.23805754  -9.37838314  45.987915    -9.77477216  19.75037039   5.3966858    2.4298611   -2.88340298  -4.78537576  -2.23043467   0.           4.37278649  19.11520694   6.56755198   6.11098583]
     [ 30.47163231  -9.19407821   2.62748292  -9.77477216  45.37878215 -13.58421122 -11.40416017 -12.16175854   5.38769141  16.62322637   2.99426644  -4.37278649   0.          -3.70235539   7.90701549  -6.9050256 ]
     [-16.59891299   5.67444168 -17.59434396  19.75037039 -13.58421122  68.86024707   8.78452835   0.73899953   5.66126526  -7.76532599  17.62887724 -19.11520694   3.70235539   0.          -4.82754653  10.20553124]
     [ -5.89828665   1.77682823   8.22435661   5.3966858  -11.40416017   8.78452835  55.76604339  11.37904602 -14.25181467  10.03090783  13.98962044  -6.56755198  -7.90701549   4.82754653   0.           9.2260013 ]
     [  3.0169658   -4.37270376  11.18593736   2.4298611  -12.16175854   0.73899953  11.37904602  40.31001361  22.61724632 -14.50574287  -2.64937843  -6.11098583   6.9050256  -10.20553124  -9.2260013    0.        ]
     [  0.         -12.45824797   2.47156928  -2.88340298   5.38769141   5.66126526 -14.25181467  22.61724632  88.36685078 -28.62719559 -13.65453758  -7.26572479  30.47163231 -16.59891299  -5.89828665   3.0169658 ]
     [ 12.45824797   0.           0.2072599   -4.78537576  16.62322637  -7.76532599  10.03090783 -14.50574287 -28.62719559  62.36820869   5.09641199  -2.23805754  -9.19407821   5.67444168   1.77682823  -4.37270376]
     [ -2.47156928  -0.2072599    0.          -2.23043467   2.99426644  17.62887724  13.98962044  -2.64937843 -13.65453758   5.09641199  56.82661484  -9.37838314   2.62748292 -17.59434396   8.22435661  11.18593736]
     [  2.88340298   4.78537576   2.23043467   0.          -4.37278649 -19.11520694  -6.56755198  -6.11098583  -7.26572479  -2.23805754  -9.37838314  45.987915    -9.77477216  19.75037039   5.3966858    2.4298611 ]
     [ -5.38769141 -16.62322637  -2.99426644   4.37278649   0.           3.70235539  -7.90701549   6.9050256   30.47163231  -9.19407821   2.62748292  -9.77477216  45.37878215 -13.58421122 -11.40416017 -12.16175854]
     [ -5.66126526   7.76532599 -17.62887724  19.11520694  -3.70235539   0.           4.82754653 -10.20553124 -16.59891299   5.67444168 -17.59434396  19.75037039 -13.58421122  68.86024707   8.78452835   0.73899953]
     [ 14.25181467 -10.03090783 -13.98962044   6.56755198   7.90701549  -4.82754653   0.          -9.2260013   -5.89828665   1.77682823   8.22435661   5.3966858  -11.40416017   8.78452835  55.76604339  11.37904602]
     [-22.61724632  14.50574287   2.64937843   6.11098583  -6.9050256   10.20553124   9.2260013    0.           3.0169658   -4.37270376  11.18593736   2.4298611  -12.16175854   0.73899953  11.37904602  40.31001361]]
    eigvals of hessian_by_M_M: [  9.86476665   9.86476665  18.92045303  18.92045303  27.70341012  27.70341012  35.0125605   35.0125605   50.31015715  50.31015715  67.77702891  67.77702891 103.74103594 103.74103594 150.53526323 150.53526323]
WNAG:
    iter_times, elapsed_time, sqdiff: 300, 0.7153470516204834, 0.9629668274417352
    MSN: Tensor(
        [[-0.04879546-0.52570774j -0.08641753-0.23619771j  0.19492287-0.02030174j  1.05425403+0.40381762j]
         [ 1.29458813+0.27424334j -0.17360486+0.16504175j  0.94071556-0.17691496j -0.91856944+1.12303053j]
         [-0.00601593-0.4574846j  -0.29277746+0.61304956j  0.10777875-1.27411264j  0.3189777 -0.89007043j]
         [ 0.74026043-0.06011749j -0.5551173 +0.38805749j  1.03548683-0.86052246j  0.03151077-0.11410972j]]
        labels=['kl', 'kr'],
        shape=(4, 4),
    )
    grad_by_M: [-0.22976222 -0.45605072  2.15336952  6.79382073  2.16185961  7.12811876  2.21759087  5.65639473  0.02406925 -0.27406413 -2.04264923 -0.76838532 -2.27240164 -1.17950949 -1.13724585  0.98546179]
    hessian_by_M_M: [[ 28.38733551  52.20144888  -4.96759232  -6.92195766   2.72394606   9.59665002   0.90307464  -4.3559386    0.          39.38832059  -1.59476081  -9.8255197   -3.30619268  -2.30037045   4.33682341   9.22649153]
     [ 52.20144888 150.64574027 -11.34848837 -26.36554216   0.41864268  14.4530174    7.6771473    4.79239385 -39.38832059   0.           3.96157056  -8.46209483  -9.86151278 -17.55396825   6.72027286  23.00615033]
     [ -4.96759232 -11.34848837  25.68857811  47.24033855   9.49301108  14.12387452   5.95010615   8.58538111   1.59476081  -3.96157056   0.          35.64377465   2.4025908   17.58824244   1.70004324  11.38398342]
     [ -6.92195766 -26.36554216  47.24033855 136.33017378  20.78722531  50.3678306   13.30075144  31.58354761   9.8255197    8.46209483 -35.64377465   0.          -8.75154928  12.74534338  -5.12961855   9.02209203]
     [  2.72394606   0.41864268   9.49301108  20.78722531  33.10721896  60.88305235  -2.25826412  -2.21637309   3.30619268   9.86151278  -2.4025908    8.75154928   0.          45.9346764   -1.39533419  -5.70024971]
     [  9.59665002  14.4530174   14.12387452  50.3678306   60.88305235 175.69402723  -6.08962931 -11.98778053   2.30037045  17.55396825 -17.58824244 -12.74534338 -45.9346764    0.           0.56845222  -7.40637147]
     [  0.90307464   7.6771473    5.95010615  13.30075144  -2.25826412  -6.08962931  25.4927878   46.88331862  -4.33682341  -6.72027286  -1.70004324   5.12961855   1.39533419  -0.56845222   0.          35.37352062]
     [ -4.3559386    4.79239385   8.58538111  31.58354761  -2.21637309 -11.98778053  46.88331862 135.30617366  -9.22649153 -23.00615033 -11.38398342  -9.02209203   5.70024971   7.40637147 -35.37352062   0.        ]
     [  0.         -39.38832059   1.59476081   9.8255197    3.30619268   2.30037045  -4.33682341  -9.22649153  28.38733551  52.20144888  -4.96759232  -6.92195766   2.72394606   9.59665002   0.90307464  -4.3559386 ]
     [ 39.38832059   0.          -3.96157056   8.46209483   9.86151278  17.55396825  -6.72027286 -23.00615033  52.20144888 150.64574027 -11.34848837 -26.36554216   0.41864268  14.4530174    7.6771473    4.79239385]
     [ -1.59476081   3.96157056   0.         -35.64377465  -2.4025908  -17.58824244  -1.70004324 -11.38398342  -4.96759232 -11.34848837  25.68857811  47.24033855   9.49301108  14.12387452   5.95010615   8.58538111]
     [ -9.8255197   -8.46209483  35.64377465   0.           8.75154928 -12.74534338   5.12961855  -9.02209203  -6.92195766 -26.36554216  47.24033855 136.33017378  20.78722531  50.3678306   13.30075144  31.58354761]
     [ -3.30619268  -9.86151278   2.4025908   -8.75154928   0.         -45.9346764    1.39533419   5.70024971   2.72394606   0.41864268   9.49301108  20.78722531  33.10721896  60.88305235  -2.25826412  -2.21637309]
     [ -2.30037045 -17.55396825  17.58824244  12.74534338  45.9346764    0.          -0.56845222   7.40637147   9.59665002  14.4530174   14.12387452  50.3678306   60.88305235 175.69402723  -6.08962931 -11.98778053]
     [  4.33682341   6.72027286   1.70004324  -5.12961855  -1.39533419   0.56845222   0.         -35.37352062   0.90307464   7.6771473    5.95010615  13.30075144  -2.25826412  -6.08962931  25.4927878   46.88331862]
     [  9.22649153  23.00615033  11.38398342   9.02209203  -5.70024971  -7.40637147  35.37352062   0.          -4.3559386    4.79239385   8.58538111  31.58354761  -2.21637309 -11.98778053  46.88331862 135.30617366]]
    eigvals of hessian_by_M_M: [1.27591646e-07 1.27591653e-07 1.99332315e-07 1.99332345e-07 2.50507549e-07 2.50507569e-07 6.74181381e-07 6.74181399e-07 7.87388430e+01 7.87388430e+01 1.63661028e+02 1.63661028e+02 2.06174027e+02 2.06174027e+02 2.62078136e+02 2.62078136e+02]
SNAG:
    iter_times, elapsed_time, sqdiff: 300, 0.6821701526641846, 0.6051429749137891
    MSN: Tensor(
        [[-0.04316187-0.53453571j -0.08905373-0.23757412j  0.2024673 -0.02497681j  1.06767342+0.41422829j]
         [ 1.2613842 +0.28948843j -0.17349054+0.17949992j  0.91422512-0.18750514j -0.93749676+1.05481965j]
         [-0.0305161 -0.42206724j -0.27982604+0.62640452j  0.06930991-1.26521352j  0.25472416-0.94188651j]
         [ 0.69131965-0.04075727j -0.55255589+0.40959776j  0.99290397-0.8771649j   0.00424161-0.21093641j]]
        labels=['kl', 'kr'],
        shape=(4, 4),
    )
    grad_by_M: [-1.82076576e-14  1.30034872e-14 -2.01227923e-15  1.84244980e-14 -1.43912660e-14  1.93456362e-14 -1.88737914e-15  6.12704332e-15 -2.38697950e-14 -3.49720253e-15 -1.89648644e-14  4.05231404e-15 -5.25135491e-14 -1.88286886e-14 -1.30867539e-14  5.96744876e-16]
    hessian_by_M_M: [[ 8.54113403e+01  3.21758031e+00 -1.02911569e+01  3.73355055e-01  2.11901757e+01 -3.33560728e-01 -4.57184030e-01 -9.98685023e+00  0.00000000e+00  3.80343815e+01 -5.82414028e+00 -5.94061578e+00  2.26966923e+00  9.04499727e+00  2.41635237e+01 -2.13451267e+00]
     [ 3.21758031e+00  2.08509370e+01 -4.76172178e+00 -2.70930877e+00  2.17593838e+00  7.21464346e+00  1.16202316e+01 -1.22258468e+00 -3.80343815e+01  0.00000000e+00  3.25500402e+00 -8.06102530e-01 -1.57506107e+01 -6.89602665e-03  1.35732869e-01  4.69392772e+00]
     [-1.02911569e+01 -4.76172178e+00  5.98449952e+01  4.30749699e+00  2.95297905e+01 -2.00700165e+00  4.34375817e+00  7.13732569e+00  5.82414028e+00 -3.25500402e+00  0.00000000e+00  2.38607834e+01  7.44966006e+00  7.03840160e+00 -4.10259997e+00  2.46505652e-03]
     [ 3.73355055e-01 -2.70930877e+00  4.30749699e+00  1.28308964e+01  1.00912718e+00  2.60885962e+00 -1.80740095e+00  9.31404573e-01  5.94061578e+00  8.06102530e-01 -2.38607834e+01  0.00000000e+00 -1.24652552e+01  1.77379580e-01 -1.67054219e+00 -3.04154908e+00]
     [ 2.11901757e+01  2.17593838e+00  2.95297905e+01  1.00912718e+00  7.32796145e+01  2.43700624e+00 -4.47083056e+00 -3.72864591e+00 -2.26966923e+00  1.57506107e+01 -7.44966006e+00  1.24652552e+01  0.00000000e+00  2.51053821e+01  2.05525095e+00 -4.72039677e+00]
     [-3.33560728e-01  7.21464346e+00 -2.00700165e+00  2.60885962e+00  2.43700624e+00  1.15338239e+01  4.64983383e-01 -2.05367465e+00 -9.04499727e+00  6.89602665e-03 -7.03840160e+00 -1.77379580e-01 -2.51053821e+01  0.00000000e+00  7.20634004e-01  1.88232446e+00]
     [-4.57184030e-01  1.16202316e+01  4.34375817e+00 -1.80740095e+00 -4.47083056e+00  4.64983383e-01  3.95954366e+01  6.38388508e+00 -2.41635237e+01 -1.35732869e-01  4.10259997e+00  1.67054219e+00 -2.05525095e+00 -7.20634004e-01  0.00000000e+00  1.47581839e+01]
     [-9.98685023e+00 -1.22258468e+00  7.13732569e+00  9.31404573e-01 -3.72864591e+00 -2.05367465e+00  6.38388508e+00  1.01969003e+01  2.13451267e+00 -4.69392772e+00 -2.46505652e-03  3.04154908e+00  4.72039677e+00 -1.88232446e+00 -1.47581839e+01  0.00000000e+00]
     [ 0.00000000e+00 -3.80343815e+01  5.82414028e+00  5.94061578e+00 -2.26966923e+00 -9.04499727e+00 -2.41635237e+01  2.13451267e+00  8.54113403e+01  3.21758031e+00 -1.02911569e+01  3.73355055e-01  2.11901757e+01 -3.33560728e-01 -4.57184030e-01 -9.98685023e+00]
     [ 3.80343815e+01  0.00000000e+00 -3.25500402e+00  8.06102530e-01  1.57506107e+01  6.89602665e-03 -1.35732869e-01 -4.69392772e+00  3.21758031e+00  2.08509370e+01 -4.76172178e+00 -2.70930877e+00  2.17593838e+00  7.21464346e+00  1.16202316e+01 -1.22258468e+00]
     [-5.82414028e+00  3.25500402e+00  0.00000000e+00 -2.38607834e+01 -7.44966006e+00 -7.03840160e+00  4.10259997e+00 -2.46505652e-03 -1.02911569e+01 -4.76172178e+00  5.98449952e+01  4.30749699e+00  2.95297905e+01 -2.00700165e+00  4.34375817e+00  7.13732569e+00]
     [-5.94061578e+00 -8.06102530e-01  2.38607834e+01  0.00000000e+00  1.24652552e+01 -1.77379580e-01  1.67054219e+00  3.04154908e+00  3.73355055e-01 -2.70930877e+00  4.30749699e+00  1.28308964e+01  1.00912718e+00  2.60885962e+00 -1.80740095e+00  9.31404573e-01]
     [ 2.26966923e+00 -1.57506107e+01  7.44966006e+00 -1.24652552e+01  0.00000000e+00 -2.51053821e+01 -2.05525095e+00  4.72039677e+00  2.11901757e+01  2.17593838e+00  2.95297905e+01  1.00912718e+00  7.32796145e+01  2.43700624e+00 -4.47083056e+00 -3.72864591e+00]
     [ 9.04499727e+00 -6.89602665e-03  7.03840160e+00  1.77379580e-01  2.51053821e+01  0.00000000e+00 -7.20634004e-01 -1.88232446e+00 -3.33560728e-01  7.21464346e+00 -2.00700165e+00  2.60885962e+00  2.43700624e+00  1.15338239e+01  4.64983383e-01 -2.05367465e+00]
     [ 2.41635237e+01  1.35732869e-01 -4.10259997e+00 -1.67054219e+00  2.05525095e+00  7.20634004e-01  0.00000000e+00 -1.47581839e+01 -4.57184030e-01  1.16202316e+01  4.34375817e+00 -1.80740095e+00 -4.47083056e+00  4.64983383e-01  3.95954366e+01  6.38388508e+00]
     [-2.13451267e+00  4.69392772e+00  2.46505652e-03 -3.04154908e+00 -4.72039677e+00  1.88232446e+00  1.47581839e+01  0.00000000e+00 -9.98685023e+00 -1.22258468e+00  7.13732569e+00  9.31404573e-01 -3.72864591e+00 -2.05367465e+00  6.38388508e+00  1.01969003e+01]]
    eigvals of hessian_by_M_M: [  1.05996196   1.05996196   1.94290605   1.94290605   2.41866581   2.41866581   3.42536202   3.42536202  24.53516786  24.53516786  43.39333655  43.39333655 103.65840122 103.65840122 133.11014281 133.11014281]
SSpiral(8):
    iter_times, elapsed_time, sqdiff: 300, 1.0372276306152344, 0.605142974913789
    MSN: Tensor(
        [[-0.04316187-0.53453571j -0.08905373-0.23757412j  0.2024673 -0.02497681j  1.06767342+0.41422829j]
         [ 1.2613842 +0.28948843j -0.17349054+0.17949992j  0.91422512-0.18750514j -0.93749676+1.05481965j]
         [-0.0305161 -0.42206724j -0.27982604+0.62640452j  0.06930991-1.26521352j  0.25472416-0.94188651j]
         [ 0.69131965-0.04075727j -0.55255589+0.40959776j  0.99290397-0.8771649j   0.00424161-0.21093641j]]
        labels=['kl', 'kr'],
        shape=(4, 4),
    )
    grad_by_M: [-2.82551760e-14  2.03691231e-14  4.03427292e-14  2.69315820e-15  2.92266211e-14  3.13776782e-14 -2.97956104e-14 -3.19189120e-14  1.27849120e-14 -2.58543187e-14  4.61575222e-14 -6.95277169e-15  3.29875016e-14 -6.31439345e-15 -7.38454436e-14 -5.81479309e-15]
    hessian_by_M_M: [[ 1.21263813e+02 -1.88118011e+01 -2.02351989e+01 -9.60219120e+00  4.00256428e+01 -1.77532405e+01 -8.95792187e+00  9.19764411e+00  0.00000000e+00 -2.25183921e+01 -1.59324697e+00  7.78701120e+00 -1.18550122e+01 -1.92387726e+01  1.39380950e+01 -1.73287430e+01]
     [-1.88118011e+01  4.56476455e+01  5.09415130e+00 -4.06358777e+00 -6.26715056e+00  4.67399504e+00 -3.70400032e+00 -4.92574772e-02  2.25183921e+01  0.00000000e+00 -6.26023435e+00 -7.40494089e-01 -2.86820131e+00  2.53009975e+00 -1.01042572e+01  1.20390283e+01]
     [-2.02351989e+01  5.09415130e+00  8.11665605e+01 -1.06094021e+00 -3.68421912e+00 -1.49792952e+01  1.54796514e+01  5.34915793e+00  1.59324697e+00  6.26023435e+00  0.00000000e+00 -1.88476287e+01 -5.80661491e+00 -1.54544441e+01 -1.86812063e+01  8.70127103e-01]
     [-9.60219120e+00 -4.06358777e+00 -1.06094021e+00  3.63865937e+01 -2.65826732e+00  1.99625307e+01  1.34719150e+01  3.60387178e+00 -7.78701120e+00  7.40494089e-01  1.88476287e+01  0.00000000e+00  5.79337045e+00  1.01103648e+01  1.01280034e+01  3.84725311e+00]
     [ 4.00256428e+01 -6.26715056e+00 -3.68421912e+00 -2.65826732e+00  6.23178481e+01 -1.39793534e+00 -1.76038151e+01 -8.82081775e+00  1.18550122e+01  2.86820131e+00  5.80661491e+00 -5.79337045e+00  0.00000000e+00 -1.78486427e+01  1.13916185e+01 -2.27434893e+00]
     [-1.77532405e+01  4.67399504e+00 -1.49792952e+01  1.99625307e+01 -1.39793534e+00  5.35325979e+01  5.09633602e+00 -3.16500270e-01  1.92387726e+01 -2.53009975e+00  1.54544441e+01 -1.01103648e+01  1.78486427e+01  0.00000000e+00 -9.97820824e+00  1.81020403e+00]
     [-8.95792187e+00 -3.70400032e+00  1.54796514e+01  1.34719150e+01 -1.76038151e+01  5.09633602e+00  9.01307225e+01  1.77101817e+01 -1.39380950e+01  1.01042572e+01  1.86812063e+01 -1.01280034e+01 -1.13916185e+01  9.97820824e+00  0.00000000e+00 -1.10180572e+01]
     [ 9.19764411e+00 -4.92574772e-02  5.34915793e+00  3.60387178e+00 -8.82081775e+00 -3.16500270e-01  1.77101817e+01  2.80723248e+01  1.73287430e+01 -1.20390283e+01 -8.70127103e-01 -3.84725311e+00  2.27434893e+00 -1.81020403e+00  1.10180572e+01  0.00000000e+00]
     [ 0.00000000e+00  2.25183921e+01  1.59324697e+00 -7.78701120e+00  1.18550122e+01  1.92387726e+01 -1.39380950e+01  1.73287430e+01  1.21263813e+02 -1.88118011e+01 -2.02351989e+01 -9.60219120e+00  4.00256428e+01 -1.77532405e+01 -8.95792187e+00  9.19764411e+00]
     [-2.25183921e+01  0.00000000e+00  6.26023435e+00  7.40494089e-01  2.86820131e+00 -2.53009975e+00  1.01042572e+01 -1.20390283e+01 -1.88118011e+01  4.56476455e+01  5.09415130e+00 -4.06358777e+00 -6.26715056e+00  4.67399504e+00 -3.70400032e+00 -4.92574772e-02]
     [-1.59324697e+00 -6.26023435e+00  0.00000000e+00  1.88476287e+01  5.80661491e+00  1.54544441e+01  1.86812063e+01 -8.70127103e-01 -2.02351989e+01  5.09415130e+00  8.11665605e+01 -1.06094021e+00 -3.68421912e+00 -1.49792952e+01  1.54796514e+01  5.34915793e+00]
     [ 7.78701120e+00 -7.40494089e-01 -1.88476287e+01  0.00000000e+00 -5.79337045e+00 -1.01103648e+01 -1.01280034e+01 -3.84725311e+00 -9.60219120e+00 -4.06358777e+00 -1.06094021e+00  3.63865937e+01 -2.65826732e+00  1.99625307e+01  1.34719150e+01  3.60387178e+00]
     [-1.18550122e+01 -2.86820131e+00 -5.80661491e+00  5.79337045e+00  0.00000000e+00  1.78486427e+01 -1.13916185e+01  2.27434893e+00  4.00256428e+01 -6.26715056e+00 -3.68421912e+00 -2.65826732e+00  6.23178481e+01 -1.39793534e+00 -1.76038151e+01 -8.82081775e+00]
     [-1.92387726e+01  2.53009975e+00 -1.54544441e+01  1.01103648e+01 -1.78486427e+01  0.00000000e+00  9.97820824e+00 -1.81020403e+00 -1.77532405e+01  4.67399504e+00 -1.49792952e+01  1.99625307e+01 -1.39793534e+00  5.35325979e+01  5.09633602e+00 -3.16500270e-01]
     [ 1.39380950e+01 -1.01042572e+01 -1.86812063e+01  1.01280034e+01  1.13916185e+01 -9.97820824e+00  0.00000000e+00  1.10180572e+01 -8.95792187e+00 -3.70400032e+00  1.54796514e+01  1.34719150e+01 -1.76038151e+01  5.09633602e+00  9.01307225e+01  1.77101817e+01]
     [-1.73287430e+01  1.20390283e+01  8.70127103e-01  3.84725311e+00 -2.27434893e+00  1.81020403e+00 -1.10180572e+01  0.00000000e+00  9.19764411e+00 -4.92574772e-02  5.34915793e+00  3.60387178e+00 -8.82081775e+00 -3.16500270e-01  1.77101817e+01  2.80723248e+01]]
    eigvals of hessian_by_M_M: [  9.96855966   9.96855966  13.78674365  13.78674365  21.1973852   21.1973852   38.69428595  38.69428595  52.42330118  52.42330118  89.43100197  89.43100197 116.47585237 116.47585237 176.54097637 176.54097637]
SSpiral(11):
    iter_times, elapsed_time, sqdiff: 300, 1.3151040077209473, 3.0181233750277197
    MSN: Tensor(
        [[-0.7960707 -0.8807529j  -0.19356659+0.42978643j -0.45913193-0.06583168j  0.90485191+0.57695554j]
         [ 1.1989227 -0.35520832j -0.17805933+0.55800044j  0.29223012-0.61020795j -0.16317486+0.20440733j]
         [ 1.16893003-0.3035873j   0.29329901+0.80773492j  0.21557946-0.66308077j -0.05571184-0.31754513j]
         [ 0.98745408+0.10607997j  0.5528656 -0.02077938j  0.20159892-0.32530889j -0.75916721-0.55605999j]]
        labels=['kl', 'kr'],
        shape=(4, 4),
    )
    grad_by_M: [-1.21327948e-12  7.87703236e-13  1.80178095e-12  1.25943700e-12 -8.77964368e-13 -1.72806214e-13 -1.01185726e-12  1.32782674e-13  6.90669744e-13  1.39191436e-12  1.09506848e-12 -1.94666505e-12 -1.00475184e-13  9.08106923e-13  7.00550729e-14  1.14724896e-12]
    hessian_by_M_M: [[ 91.17805043  14.9153383  -14.06153371  -7.71771301  34.36899764 -14.06982503  -1.58684446   8.19615883   0.         -93.61424549  -3.22328389  13.60674701 -13.83705407 -37.37657375  12.96093583   3.36534873]
     [ 14.9153383  106.99255931   5.4267036  -13.2540828   22.73689351  30.46622839 -12.93460969  -1.63132793  93.61424549   0.         -14.34524235 -10.60249046  27.68359987 -24.40905751  -0.64467624   8.83396107]
     [-14.06153371   5.4267036   66.10820639  10.59203094   4.58483864 -17.06635651  13.92836994   1.5974782    3.22328389  14.34524235   0.         -64.7444695  -15.13687553  -8.17312029  -2.65941396 -20.29064504]
     [ -7.71771301 -13.2540828   10.59203094  72.00761639  14.25194127   7.90892325   3.59712624  25.50887073 -13.60674701  10.60249046  64.7444695    0.           4.01662248 -15.0416222   17.90701307   1.97704716]
     [ 34.36899764  22.73689351   4.58483864  14.25194127  51.90924872  -0.79218872  -3.2795019    5.73053066  13.83705407 -27.68359987  15.13687553  -4.01662248   0.         -57.66242042   5.99373807   6.94217308]
