b=4, chi=2, seed=284, 
NOR:
    iter_times, elapsed_time, sqdiff: 1, 0.002834796905517578, 7.768509856743955
    MSN: Tensor(
        [[ 4.56395908e-01-0.35591623j  2.39969137e-02-0.34430603j -4.42663107e-01-0.3057464j  -7.14771454e-01-0.43848912j]
         [-2.27512145e-02-0.63057821j -3.79749309e-01+0.44627724j  2.03867688e-01-0.08950986j -7.00130239e-01+0.24453236j]
         [ 1.18270549e+00-0.49115623j -9.29632620e-01+0.63319627j  1.27834887e+00-0.44163023j -8.03406545e-01-1.37894891j]
         [-4.09986104e-01-0.22966509j -6.76560798e-04-0.05323448j -3.82939081e-01+0.23461223j -1.77566075e-01+0.64965748j]]
        labels=['kl', 'kr'],
        shape=(4, 4),
    )
    grad_by_reM_reM: Tensor(
        [ 2.72173985+1.11022302e-15j -0.71762935+1.11022302e-15j  1.26441699-2.77555756e-16j  0.48525812-2.22044605e-16j  0.27483608+9.71445147e-16j  0.05262596+3.88578059e-16j  2.99185809+2.66453526e-15j  1.78203525+1.66533454e-15j]
        labels=[('kl', 'rQdGlJAp')],
        shape=(8,),
    )
    grad_by_imM_imM: Tensor(
        [-2.36910753+1.77635684e-15j -1.24835748-2.77555756e-16j -0.39991921+2.22044605e-16j  0.13111967-2.22044605e-16j  0.48368336-8.88178420e-16j -0.51708289-9.85322934e-16j  5.09295462-4.44089210e-16j -1.70393346-2.22044605e-16j]
        labels=[('kl', 'rQdGlJAp')],
        shape=(8,),
    )
    hessian_by_M_M: [[ 6.01566291e+01  1.93430879e+01 -9.08024721e+00 -6.45775845e+00  2.23294257e+00  1.03922387e+01 -7.97169887e+00 -1.18144738e+01  0.00000000e+00 -4.07898329e-01  1.24245172e+01  2.62614619e+00 -5.37693703e+00 -8.27123771e+00 -6.77734679e+00  2.81036993e+00]
     [ 1.93430879e+01  3.92311778e+01 -4.32401848e+00 -7.80526951e+00 -1.87601838e+00  5.11190494e+00  7.21265050e+00 -1.07862668e+01  4.07898329e-01  0.00000000e+00  7.06123995e+00 -1.27656199e+00 -9.97207869e+00 -9.13338740e+00  2.04858430e+00 -9.36356433e-01]
     [-9.08024721e+00 -4.32401848e+00  4.81106211e+01  1.42889533e+01 -4.17785932e+00 -5.56447192e+00 -4.58806703e+00  2.79208252e+00 -1.24245172e+01 -7.06123995e+00  0.00000000e+00  5.43266398e+00  1.23787084e+00  3.52660211e+00 -1.15489521e+01 -3.67470533e+00]
     [-6.45775845e+00 -7.80526951e+00  1.42889533e+01  2.83676996e+01  1.34603624e+00 -1.16310434e+00 -2.94446269e+00  1.04661883e+00 -2.62614619e+00  1.27656199e+00 -5.43266398e+00  0.00000000e+00  7.82519771e-01  3.85310392e-01 -1.08580695e+01  8.57703366e-01]
     [ 2.23294257e+00 -1.87601838e+00 -4.17785932e+00  1.34603624e+00  3.47725026e+01  2.04685744e+01  3.70372678e+00 -8.91499290e-01  5.37693703e+00  9.97207869e+00 -1.23787084e+00 -7.82519771e-01  0.00000000e+00 -2.11624364e+00  8.24187938e+00  1.34212877e+00]
     [ 1.03922387e+01  5.11190494e+00 -5.56447192e+00 -1.16310434e+00  2.04685744e+01  3.50772997e+01 -1.44493444e+00 -7.03646814e+00  8.27123771e+00  9.13338740e+00 -3.52660211e+00 -3.85310392e-01  2.11624364e+00  0.00000000e+00  3.17146914e+00 -8.40136790e-03]
     [-7.97169887e+00  7.21265050e+00 -4.58806703e+00 -2.94446269e+00  3.70372678e+00 -1.44493444e+00  3.88925883e+01  1.79564579e+01  6.77734679e+00 -2.04858430e+00  1.15489521e+01  1.08580695e+01 -8.24187938e+00 -3.17146914e+00  0.00000000e+00 -1.41391709e+00]
     [-1.18144738e+01 -1.07862668e+01  2.79208252e+00  1.04661883e+00 -8.91499290e-01 -7.03646814e+00  1.79564579e+01  3.41702887e+01 -2.81036993e+00  9.36356433e-01  3.67470533e+00 -8.57703366e-01 -1.34212877e+00  8.40136790e-03  1.41391709e+00  0.00000000e+00]
     [ 0.00000000e+00  4.07898329e-01 -1.24245172e+01 -2.62614619e+00  5.37693703e+00  8.27123771e+00  6.77734679e+00 -2.81036993e+00  6.01566291e+01  1.93430879e+01 -9.08024721e+00 -6.45775845e+00  2.23294257e+00  1.03922387e+01 -7.97169887e+00 -1.18144738e+01]
     [-4.07898329e-01  0.00000000e+00 -7.06123995e+00  1.27656199e+00  9.97207869e+00  9.13338740e+00 -2.04858430e+00  9.36356433e-01  1.93430879e+01  3.92311778e+01 -4.32401848e+00 -7.80526951e+00 -1.87601838e+00  5.11190494e+00  7.21265050e+00 -1.07862668e+01]
     [ 1.24245172e+01  7.06123995e+00  0.00000000e+00 -5.43266398e+00 -1.23787084e+00 -3.52660211e+00  1.15489521e+01  3.67470533e+00 -9.08024721e+00 -4.32401848e+00  4.81106211e+01  1.42889533e+01 -4.17785932e+00 -5.56447192e+00 -4.58806703e+00  2.79208252e+00]
     [ 2.62614619e+00 -1.27656199e+00  5.43266398e+00  0.00000000e+00 -7.82519771e-01 -3.85310392e-01  1.08580695e+01 -8.57703366e-01 -6.45775845e+00 -7.80526951e+00  1.42889533e+01  2.83676996e+01  1.34603624e+00 -1.16310434e+00 -2.94446269e+00  1.04661883e+00]
     [-5.37693703e+00 -9.97207869e+00  1.23787084e+00  7.82519771e-01  0.00000000e+00  2.11624364e+00 -8.24187938e+00 -1.34212877e+00  2.23294257e+00 -1.87601838e+00 -4.17785932e+00  1.34603624e+00  3.47725026e+01  2.04685744e+01  3.70372678e+00 -8.91499290e-01]
     [-8.27123771e+00 -9.13338740e+00  3.52660211e+00  3.85310392e-01 -2.11624364e+00  0.00000000e+00 -3.17146914e+00  8.40136790e-03  1.03922387e+01  5.11190494e+00 -5.56447192e+00 -1.16310434e+00  2.04685744e+01  3.50772997e+01 -1.44493444e+00 -7.03646814e+00]
     [-6.77734679e+00  2.04858430e+00 -1.15489521e+01 -1.08580695e+01  8.24187938e+00  3.17146914e+00  0.00000000e+00  1.41391709e+00 -7.97169887e+00  7.21265050e+00 -4.58806703e+00 -2.94446269e+00  3.70372678e+00 -1.44493444e+00  3.88925883e+01  1.79564579e+01]
     [ 2.81036993e+00 -9.36356433e-01 -3.67470533e+00  8.57703366e-01  1.34212877e+00 -8.40136790e-03 -1.41391709e+00  0.00000000e+00 -1.18144738e+01 -1.07862668e+01  2.79208252e+00  1.04661883e+00 -8.91499290e-01 -7.03646814e+00  1.79564579e+01  3.41702887e+01]]
    eigvals of hessian_by_M_M: [ 5.28038016  5.28038016 12.96219558 12.96219558 19.38451972 19.38451972 27.88287758 27.88287758 33.55484601 33.55484601 51.1180069  51.1180069  70.50305702 70.50305702 98.09292385 98.09292385]
WCOR:
    iter_times, elapsed_time, sqdiff: 1, 0.004361867904663086, 9.274918289433064
    MSN: Tensor(
        [[ 0.56921388-0.36727755j  0.12557201-0.41911807j -0.33641497-0.26553575j -0.83014625-0.27544034j]
         [-0.15936878-0.67707837j -0.49539513+0.28237974j  0.1520229 -0.02373659j -0.48617568+0.41560318j]
         [ 1.13202135-0.61455594j -0.9102626 +0.61631486j  1.3112335 -0.5142128j  -0.90379582-1.39287469j]
         [-0.37827271-0.28723521j  0.04724241-0.14896303j -0.46165084+0.11436758j -0.16940244+0.70465222j]]
        labels=['kl', 'kr'],
        shape=(4, 4),
    )
    grad_by_reM_reM: Tensor(
        [-0.36904995-1.33226763e-15j -0.83777079+0.00000000e+00j  5.52663557+2.22044605e-16j  3.43682447+4.44089210e-16j  1.63258146-4.44089210e-16j -0.4172652 +8.88178420e-16j  2.75853497+4.44089210e-16j  3.93780659+1.11022302e-16j]
        labels=[('kl', 'rQdGlJAp')],
        shape=(8,),
    )
    grad_by_imM_imM: Tensor(
        [-4.87616258+0.00000000e+00j -1.36504487+8.88178420e-16j -3.2331391 -1.33226763e-15j -2.65969294-8.88178420e-16j  2.61430214+1.77635684e-15j -0.19891291+5.27355937e-16j  7.52346392+4.44089210e-16j -1.9910781 -6.66133815e-16j]
        labels=[('kl', 'rQdGlJAp')],
        shape=(8,),
    )
    hessian_by_M_M: [[ 54.33882458  10.23653698  -7.6906091   -4.0517508    1.19966355  10.81144744  -8.11078819 -11.93402845   0.          -6.80414427   9.87479523   2.77642182  -2.82167808 -11.80542201  -6.88333351   6.02908644]
     [ 10.23653698  42.03634877  -5.70576437  -5.84882662  -0.42732416   4.10183489  11.80688438 -12.27429462   6.80414427   0.           4.62426194  -2.21657151 -10.86386195  -7.98356539   2.27160386  -2.9604993 ]
     [ -7.6906091   -5.70576437  42.37527169   9.92422802  -2.78702439  -6.33279806  -4.10165368   0.52188471  -9.87479523  -4.62426194   0.          -0.92378725   0.64555295   2.58510804 -10.80661541  -3.98629013]
     [ -4.0517508   -5.84882662   9.92422802  26.68628679   2.59137279  -1.37760369   0.72819728  -0.15765046  -2.77642182   2.21657151   0.92378725   0.           1.31091671  -2.16848917  -9.19015311   2.17994245]
     [  1.19966355  -0.42732416  -2.78702439   2.59137279  31.3422857   15.77397653   3.71264545  -1.87641312   2.82167808  10.86386195  -0.64555295  -1.31091671   0.          -8.64726699   9.130138    -4.16959929]
     [ 10.81144744   4.10183489  -6.33279806  -1.37760369  15.77397653  36.21845543  -2.56733332  -4.12586807  11.80542201   7.98356539  -2.58510804   2.16848917   8.64726699   0.           1.19025721  -3.17454942]
     [ -8.11078819  11.80688438  -4.10165368   0.72819728   3.71264545  -2.56733332  36.56472801   9.65314052   6.88333351  -2.27160386  10.80661541   9.19015311  -9.130138    -1.19025721   0.          -7.6046003 ]
     [-11.93402845 -12.27429462   0.52188471  -0.15765046  -1.87641312  -4.12586807   9.65314052  33.83952057  -6.02908644   2.9604993    3.98629013  -2.17994245   4.16959929   3.17454942   7.6046003    0.        ]
     [  0.           6.80414427  -9.87479523  -2.77642182   2.82167808  11.80542201   6.88333351  -6.02908644  54.33882458  10.23653698  -7.6906091   -4.0517508    1.19966355  10.81144744  -8.11078819 -11.93402845]
     [ -6.80414427   0.          -4.62426194   2.21657151  10.86386195   7.98356539  -2.27160386   2.9604993   10.23653698  42.03634877  -5.70576437  -5.84882662  -0.42732416   4.10183489  11.80688438 -12.27429462]
     [  9.87479523   4.62426194   0.           0.92378725  -0.64555295  -2.58510804  10.80661541   3.98629013  -7.6906091   -5.70576437  42.37527169   9.92422802  -2.78702439  -6.33279806  -4.10165368   0.52188471]
     [  2.77642182  -2.21657151  -0.92378725   0.          -1.31091671   2.16848917   9.19015311  -2.17994245  -4.0517508   -5.84882662   9.92422802  26.68628679   2.59137279  -1.37760369   0.72819728  -0.15765046]
     [ -2.82167808 -10.86386195   0.64555295   1.31091671   0.           8.64726699  -9.130138     4.16959929   1.19966355  -0.42732416  -2.78702439   2.59137279  31.3422857   15.77397653   3.71264545  -1.87641312]
     [-11.80542201  -7.98356539   2.58510804  -2.16848917  -8.64726699   0.          -1.19025721   3.17454942  10.81144744   4.10183489  -6.33279806  -1.37760369  15.77397653  36.21845543  -2.56733332  -4.12586807]
     [ -6.88333351   2.27160386 -10.80661541  -9.19015311   9.130138     1.19025721   0.           7.6046003   -8.11078819  11.80688438  -4.10165368   0.72819728   3.71264545  -2.56733332  36.56472801   9.65314052]
     [  6.02908644  -2.9604993   -3.98629013   2.17994245  -4.16959929  -3.17454942  -7.6046003    0.         -11.93402845 -12.27429462   0.52188471  -0.15765046  -1.87641312  -4.12586807   9.65314052  33.83952057]]
    eigvals of hessian_by_M_M: [ 5.04203939  5.04203939 15.11391372 15.11391372 20.12247818 20.12247818 25.75060096 25.75060096 33.05383662 33.05383662 50.45327404 50.45327404 65.74395967 65.74395967 88.12161896 88.12161896]
WROR:
    iter_times, elapsed_time, sqdiff: 1, 0.004943132400512695, 11.676691535834475
    MSN: Tensor(
        [[ 0.66280144-0.38828271j  0.1315953 -0.50283189j -0.21738074-0.30057645j -0.88539867-0.18310134j]
         [-0.25642335-0.74196349j -0.57534489+0.2210562j   0.06129341-0.0378522j  -0.36764254+0.53600955j]
         [ 1.03441062-0.66078503j -0.82616677+0.57674091j  1.29770746-0.52335643j -0.98019296-1.3115878j ]
         [-0.32129811-0.3198949j   0.03755477-0.18594695j -0.48713032+0.01649469j -0.16915645+0.71008761j]]
        labels=['kl', 'kr'],
        shape=(4, 4),
    )
    grad_by_reM_reM: Tensor(
        [-3.98823332+1.33226763e-15j -1.49178143-8.88178420e-16j  8.03862586+8.88178420e-16j  3.67053942+0.00000000e+00j  4.23211402-4.44089210e-16j  0.36849146-6.66133815e-16j  2.33072226+8.88178420e-16j  5.94426713+0.00000000e+00j]
        labels=[('kl', 'rQdGlJAp')],
        shape=(8,),
    )
    grad_by_imM_imM: Tensor(
        [-5.71818358+2.22044605e-16j  1.1673751 -2.66453526e-15j -3.99094786-8.88178420e-16j -4.34293188+4.44089210e-16j  4.51212391-4.44089210e-16j -0.523516  -9.43689571e-16j  8.21542736+0.00000000e+00j -4.4581433 +0.00000000e+00j]
        labels=[('kl', 'rQdGlJAp')],
        shape=(8,),
    )
    hessian_by_M_M: [[ 50.33584533   0.72821126  -6.38165803  -2.71369716   0.36339971  11.13489808  -8.34162628 -10.52838411   0.         -10.78418373   8.1788708    1.69906933  -1.11650696 -12.58979686  -6.45012022   7.98964934]
     [  0.72821126  42.90697144  -5.47816821  -4.20659443  -0.1090649    2.8199096   14.56204997 -13.31861852  10.78418373   0.           2.36469359  -3.23527375 -10.87133401  -4.45347032   1.61720227  -6.66165113]
     [ -6.38165803  -5.47816821  38.07346321   4.35834338  -1.68247048  -6.13544902  -4.07441527  -0.27337404  -8.1788708   -2.36469359   0.          -4.25842063   0.27451952   1.31381739  -9.99520664  -3.1430021 ]
     [ -2.71369716  -4.20659443   4.35834338  25.25806768   3.52367205  -0.5824336    3.30186991  -1.10149036  -1.69906933   3.23527375   4.25842063   0.           1.82754488  -4.60172142  -7.90801138   2.11240176]
     [  0.36339971  -0.1090649   -1.68247048   3.52367205  28.90252802  10.12286664   3.66101143  -1.98084688   1.11650696  10.87133401  -0.27451952  -1.82754488   0.         -12.20607293   9.38976051  -7.40904465]
     [ 11.13489808   2.8199096   -6.13544902  -0.5824336   10.12286664  36.54642161  -3.89144407  -0.94788164  12.58979686   4.45347032  -1.31381739   4.60172142  12.20607293   0.          -0.38222224  -3.87760387]
     [ -8.34162628  14.56204997  -4.07441527   3.30186991   3.66101143  -3.89144407  34.97825331   1.33934428   6.45012022  -1.61720227   9.99520664   7.90801138  -9.38976051   0.38222224   0.         -11.88235483]
     [-10.52838411 -13.31861852  -0.27337404  -1.10149036  -1.98084688  -0.94788164   1.33934428  35.11720327  -7.98964934   6.66165113   3.1430021   -2.11240176   7.40904465   3.87760387  11.88235483   0.        ]
     [  0.          10.78418373  -8.1788708   -1.69906933   1.11650696  12.58979686   6.45012022  -7.98964934  50.33584533   0.72821126  -6.38165803  -2.71369716   0.36339971  11.13489808  -8.34162628 -10.52838411]
     [-10.78418373   0.          -2.36469359   3.23527375  10.87133401   4.45347032  -1.61720227   6.66165113   0.72821126  42.90697144  -5.47816821  -4.20659443  -0.1090649    2.8199096   14.56204997 -13.31861852]
     [  8.1788708    2.36469359   0.           4.25842063  -0.27451952  -1.31381739   9.99520664   3.1430021   -6.38165803  -5.47816821  38.07346321   4.35834338  -1.68247048  -6.13544902  -4.07441527  -0.27337404]
     [  1.69906933  -3.23527375  -4.25842063   0.          -1.82754488   4.60172142   7.90801138  -2.11240176  -2.71369716  -4.20659443   4.35834338  25.25806768   3.52367205  -0.5824336    3.30186991  -1.10149036]
     [ -1.11650696 -10.87133401   0.27451952   1.82754488   0.          12.20607293  -9.38976051   7.40904465   0.36339971  -0.1090649   -1.68247048   3.52367205  28.90252802  10.12286664   3.66101143  -1.98084688]
     [-12.58979686  -4.45347032   1.31381739  -4.60172142 -12.20607293   0.           0.38222224   3.87760387  11.13489808   2.8199096   -6.13544902  -0.5824336   10.12286664  36.54642161  -3.89144407  -0.94788164]
     [ -6.45012022   1.61720227  -9.99520664  -7.90801138   9.38976051  -0.38222224   0.          11.88235483  -8.34162628  14.56204997  -4.07441527   3.30186991   3.66101143  -3.89144407  34.97825331   1.33934428]
     [  7.98964934  -6.66165113  -3.1430021    2.11240176  -7.40904465  -3.87760387 -11.88235483   0.         -10.52838411 -13.31861852  -0.27337404  -1.10149036  -1.98084688  -0.94788164   1.33934428  35.11720327]]
    eigvals of hessian_by_M_M: [ 4.83226373  4.83226373 15.21596526 15.21596526 18.04038173 18.04038173 25.81065866 25.81065866 30.37561589 30.37561589 48.45682665 48.45682665 66.56054648 66.56054648 82.82649549 82.82649549]
IWROR:
    iter_times, elapsed_time, sqdiff: 1, 0.006432056427001953, 11.676691535834475
    MSN: Tensor(
        [[ 0.66280144-0.38828271j  0.1315953 -0.50283189j -0.21738074-0.30057645j -0.88539867-0.18310134j]
         [-0.25642335-0.74196349j -0.57534489+0.2210562j   0.06129341-0.0378522j  -0.36764254+0.53600955j]
         [ 1.03441062-0.66078503j -0.82616677+0.57674091j  1.29770746-0.52335643j -0.98019296-1.3115878j ]
         [-0.32129811-0.3198949j   0.03755477-0.18594695j -0.48713032+0.01649469j -0.16915645+0.71008761j]]
        labels=['kl', 'kr'],
        shape=(4, 4),
    )
    grad_by_reM_reM: Tensor(
        [-3.98823332+1.33226763e-15j -1.49178143-8.88178420e-16j  8.03862586+8.88178420e-16j  3.67053942+0.00000000e+00j  4.23211402-4.44089210e-16j  0.36849146-6.66133815e-16j  2.33072226+8.88178420e-16j  5.94426713+0.00000000e+00j]
        labels=[('kl', 'rQdGlJAp')],
        shape=(8,),
    )
    grad_by_imM_imM: Tensor(
        [-5.71818358+2.22044605e-16j  1.1673751 -2.66453526e-15j -3.99094786-8.88178420e-16j -4.34293188+4.44089210e-16j  4.51212391-4.44089210e-16j -0.523516  -9.43689571e-16j  8.21542736+0.00000000e+00j -4.4581433 +0.00000000e+00j]
        labels=[('kl', 'rQdGlJAp')],
        shape=(8,),
    )
    hessian_by_M_M: [[ 50.33584533   0.72821126  -6.38165803  -2.71369716   0.36339971  11.13489808  -8.34162628 -10.52838411   0.         -10.78418373   8.1788708    1.69906933  -1.11650696 -12.58979686  -6.45012022   7.98964934]
     [  0.72821126  42.90697144  -5.47816821  -4.20659443  -0.1090649    2.8199096   14.56204997 -13.31861852  10.78418373   0.           2.36469359  -3.23527375 -10.87133401  -4.45347032   1.61720227  -6.66165113]
     [ -6.38165803  -5.47816821  38.07346321   4.35834338  -1.68247048  -6.13544902  -4.07441527  -0.27337404  -8.1788708   -2.36469359   0.          -4.25842063   0.27451952   1.31381739  -9.99520664  -3.1430021 ]
     [ -2.71369716  -4.20659443   4.35834338  25.25806768   3.52367205  -0.5824336    3.30186991  -1.10149036  -1.69906933   3.23527375   4.25842063   0.           1.82754488  -4.60172142  -7.90801138   2.11240176]
     [  0.36339971  -0.1090649   -1.68247048   3.52367205  28.90252802  10.12286664   3.66101143  -1.98084688   1.11650696  10.87133401  -0.27451952  -1.82754488   0.         -12.20607293   9.38976051  -7.40904465]
     [ 11.13489808   2.8199096   -6.13544902  -0.5824336   10.12286664  36.54642161  -3.89144407  -0.94788164  12.58979686   4.45347032  -1.31381739   4.60172142  12.20607293   0.          -0.38222224  -3.87760387]
     [ -8.34162628  14.56204997  -4.07441527   3.30186991   3.66101143  -3.89144407  34.97825331   1.33934428   6.45012022  -1.61720227   9.99520664   7.90801138  -9.38976051   0.38222224   0.         -11.88235483]
     [-10.52838411 -13.31861852  -0.27337404  -1.10149036  -1.98084688  -0.94788164   1.33934428  35.11720327  -7.98964934   6.66165113   3.1430021   -2.11240176   7.40904465   3.87760387  11.88235483   0.        ]
     [  0.          10.78418373  -8.1788708   -1.69906933   1.11650696  12.58979686   6.45012022  -7.98964934  50.33584533   0.72821126  -6.38165803  -2.71369716   0.36339971  11.13489808  -8.34162628 -10.52838411]
     [-10.78418373   0.          -2.36469359   3.23527375  10.87133401   4.45347032  -1.61720227   6.66165113   0.72821126  42.90697144  -5.47816821  -4.20659443  -0.1090649    2.8199096   14.56204997 -13.31861852]
     [  8.1788708    2.36469359   0.           4.25842063  -0.27451952  -1.31381739   9.99520664   3.1430021   -6.38165803  -5.47816821  38.07346321   4.35834338  -1.68247048  -6.13544902  -4.07441527  -0.27337404]
     [  1.69906933  -3.23527375  -4.25842063   0.          -1.82754488   4.60172142   7.90801138  -2.11240176  -2.71369716  -4.20659443   4.35834338  25.25806768   3.52367205  -0.5824336    3.30186991  -1.10149036]
     [ -1.11650696 -10.87133401   0.27451952   1.82754488   0.          12.20607293  -9.38976051   7.40904465   0.36339971  -0.1090649   -1.68247048   3.52367205  28.90252802  10.12286664   3.66101143  -1.98084688]
     [-12.58979686  -4.45347032   1.31381739  -4.60172142 -12.20607293   0.           0.38222224   3.87760387  11.13489808   2.8199096   -6.13544902  -0.5824336   10.12286664  36.54642161  -3.89144407  -0.94788164]
     [ -6.45012022   1.61720227  -9.99520664  -7.90801138   9.38976051  -0.38222224   0.          11.88235483  -8.34162628  14.56204997  -4.07441527   3.30186991   3.66101143  -3.89144407  34.97825331   1.33934428]
     [  7.98964934  -6.66165113  -3.1430021    2.11240176  -7.40904465  -3.87760387 -11.88235483   0.         -10.52838411 -13.31861852  -0.27337404  -1.10149036  -1.98084688  -0.94788164   1.33934428  35.11720327]]
    eigvals of hessian_by_M_M: [ 4.83226373  4.83226373 15.21596526 15.21596526 18.04038173 18.04038173 25.81065866 25.81065866 30.37561589 30.37561589 48.45682665 48.45682665 66.56054648 66.56054648 82.82649549 82.82649549]
WLBOR:
    iter_times, elapsed_time, sqdiff: 1, 0.010835886001586914, 7.764759743749023
    MSN: Tensor(
        [[ 0.45695195-0.35701356j  0.01643758-0.34231715j -0.4425219 -0.31075664j -0.71462114-0.44602053j]
         [-0.02188698-0.63103417j -0.37523746+0.45252157j  0.20134427-0.0937175j  -0.7046055 +0.24645874j]
         [ 1.17620369-0.48692438j -0.92626009+0.63029256j  1.27311648-0.43937336j -0.79914265-1.36241447j]
         [-0.40953273-0.22901497j -0.00311463-0.04736446j -0.38059754+0.2373486j  -0.17875287+0.64700845j]]
        labels=['kl', 'kr'],
        shape=(4, 4),
    )
    grad_by_reM_reM: Tensor(
        [ 2.61069697+4.44089210e-16j -0.83700504-7.77156117e-16j  1.27261317-9.43689571e-16j  0.42103463+0.00000000e+00j  0.61016426+3.88578059e-16j  0.27462982-1.16573418e-15j  3.03749439+1.77635684e-15j  1.75282075+8.88178420e-16j]
        labels=[('kl', 'rQdGlJAp')],
        shape=(8,),
    )
    grad_by_imM_imM: Tensor(
        [-2.17323668-1.11022302e-15j -1.08509964+1.66533454e-16j -0.31432016-3.33066907e-16j  0.26045373+1.66533454e-16j  0.4893739 +2.77555756e-16j -0.47454873-7.49400542e-16j  5.02388159+4.44089210e-16j -1.84153673+2.22044605e-16j]
        labels=[('kl', 'rQdGlJAp')],
        shape=(8,),
    )
    hessian_by_M_M: [[ 60.15673363  19.15504215  -9.06373434  -6.40049124   2.23011886  10.2620503   -7.96369379 -11.73799575   0.          -0.52204084  12.48884687   2.58378653  -5.39305239  -8.12687683  -6.69918417   2.82556196]
     [ 19.15504215  38.88370585  -4.26061618  -7.75825365  -1.88147448   5.06050665   7.14525765 -10.71366716   0.52204084   0.           6.97121596  -1.324155    -9.85682616  -8.93082642   2.09074637  -1.0460081 ]
     [ -9.06373434  -4.26061618  48.08233555  14.04328523  -4.14723932  -5.46511688  -4.60403618   2.78908778 -12.48884687  -6.97121596   0.           5.36003486   1.27573289   3.56992692 -11.48080499  -3.547736  ]
     [ -6.40049124  -7.75825365  14.04328523  28.17555937   1.35221976  -1.14057521  -2.92282806   1.03783308  -2.58378653   1.324155    -5.36003486   0.           0.78190109   0.39005089 -10.84849429   0.90499842]
     [  2.23011886  -1.88147448  -4.14723932   1.35221976  34.70187349  20.27462624   3.64403477  -0.86788684   5.39305239   9.85682616  -1.27573289  -0.78190109   0.          -2.1158313    8.21764336   1.48966776]
     [ 10.2620503    5.06050665  -5.46511688  -1.14057521  20.27462624  34.80090996  -1.47304886  -7.06885259   8.12687683   8.93082642  -3.56992692  -0.39005089   2.1158313    0.           3.20923121   0.09011623]
     [ -7.96369379   7.14525765  -4.60403618  -2.92282806   3.64403477  -1.47304886  38.87981525  17.85946989   6.69918417  -2.09074637  11.48080499  10.84849429  -8.21764336  -3.20923121   0.          -1.41830284]
     [-11.73799575 -10.71366716   2.78908778   1.03783308  -0.86788684  -7.06885259  17.85946989  33.99240617  -2.82556196   1.0460081    3.547736    -0.90499842  -1.48966776  -0.09011623   1.41830284   0.        ]
     [  0.           0.52204084 -12.48884687  -2.58378653   5.39305239   8.12687683   6.69918417  -2.82556196  60.15673363  19.15504215  -9.06373434  -6.40049124   2.23011886  10.2620503   -7.96369379 -11.73799575]
     [ -0.52204084   0.          -6.97121596   1.324155     9.85682616   8.93082642  -2.09074637   1.0460081   19.15504215  38.88370585  -4.26061618  -7.75825365  -1.88147448   5.06050665   7.14525765 -10.71366716]
     [ 12.48884687   6.97121596   0.          -5.36003486  -1.27573289  -3.56992692  11.48080499   3.547736    -9.06373434  -4.26061618  48.08233555  14.04328523  -4.14723932  -5.46511688  -4.60403618   2.78908778]
     [  2.58378653  -1.324155     5.36003486   0.          -0.78190109  -0.39005089  10.84849429  -0.90499842  -6.40049124  -7.75825365  14.04328523  28.17555937   1.35221976  -1.14057521  -2.92282806   1.03783308]
     [ -5.39305239  -9.85682616   1.27573289   0.78190109   0.           2.1158313   -8.21764336  -1.48966776   2.23011886  -1.88147448  -4.14723932   1.35221976  34.70187349  20.27462624   3.64403477  -0.86788684]
     [ -8.12687683  -8.93082642   3.56992692   0.39005089  -2.1158313    0.          -3.20923121  -0.09011623  10.2620503    5.06050665  -5.46511688  -1.14057521  20.27462624  34.80090996  -1.47304886  -7.06885259]
     [ -6.69918417   2.09074637 -11.48080499 -10.84849429   8.21764336   3.20923121   0.           1.41830284  -7.96369379   7.14525765  -4.60403618  -2.92282806   3.64403477  -1.47304886  38.87981525  17.85946989]
     [  2.82556196  -1.0460081   -3.547736     0.90499842   1.48966776   0.09011623  -1.41830284   0.         -11.73799575 -10.71366716   2.78908778   1.03783308  -0.86788684  -7.06885259  17.85946989  33.99240617]]
    eigvals of hessian_by_M_M: [ 5.30698947  5.30698947 12.95009903 12.95009903 19.39136097 19.39136097 27.79640031 27.79640031 33.58673145 33.58673145 50.83669473 50.83669473 70.28699081 70.28699081 97.51807252 97.51807252]
WNAG:
    iter_times, elapsed_time, sqdiff: 1, 0.003306865692138672, 18.117578070810822
    MSN: Tensor(
        [[ 0.81348756-0.43908249j  0.11679449-0.61739379j -0.01444226-0.39108781j -0.95774961-0.0580162j ]
         [-0.40706289-0.87633461j -0.68456242+0.1589541j  -0.11584509-0.12442311j -0.21013945+0.70900941j]
         [ 0.84335522-0.68336367j -0.64876563+0.49239204j  1.2530048 -0.4972381j  -1.07268813-1.15095914j]
         [-0.20003998-0.36208682j  0.00378931-0.23980161j -0.47193106-0.13638509j -0.17941801+0.7015655j ]]
        labels=['kl', 'kr'],
        shape=(4, 4),
    )
    grad_by_reM_reM: Tensor(
        [-9.73779425-4.44089210e-16j -0.75045183-8.88178420e-16j 10.61756811-1.77635684e-15j  2.18008744+8.88178420e-16j  8.06992073+0.00000000e+00j  1.13619479-1.11022302e-15j  0.95879784+0.00000000e+00j 10.17944448-8.88178420e-16j]
        labels=[('kl', 'rQdGlJAp')],
        shape=(8,),
    )
    grad_by_imM_imM: Tensor(
        [-5.85072491-1.77635684e-15j  8.03935962+2.22044605e-16j -3.57427759+0.00000000e+00j -6.97952979-4.44089210e-16j  7.60294559+0.00000000e+00j -2.77678487-2.44249065e-15j  8.70578026+0.00000000e+00j -9.73700321+0.00000000e+00j]
        labels=[('kl', 'rQdGlJAp')],
        shape=(8,),
    )
    hessian_by_M_M: [[ 4.45518749e+01 -1.36270348e+01 -4.38995526e+00 -1.39033926e+00 -7.26966961e-01  1.19205961e+01 -8.69328835e+00 -6.82104956e+00  0.00000000e+00 -1.62119965e+01  5.75872178e+00 -1.80634140e-01  9.86745782e-01 -1.31609928e+01 -5.62243242e+00  1.09018273e+01]
     [-1.36270348e+01  5.04197793e+01 -4.92018815e+00 -1.60752867e+00  1.82984326e-01  4.52421701e-02  1.77205810e+01 -1.68671584e+01  1.62119965e+01  0.00000000e+00 -1.69329975e-01 -3.90109864e+00 -1.11788438e+01  2.91019340e+00 -1.24498206e-01 -1.21126193e+01]
     [-4.38995526e+00 -4.92018815e+00  3.20090010e+01 -4.04630132e+00 -3.86858907e-01 -5.54181207e+00 -4.07467007e+00 -5.96402400e-01 -5.75872178e+00  1.69329975e-01  0.00000000e+00 -7.90249805e+00 -2.71762295e-01 -7.08851267e-01 -8.83139618e+00 -9.88369543e-01]
     [-1.39033926e+00 -1.60752867e+00 -4.04630132e+00  2.58852324e+01  4.23122547e+00  1.60934392e+00  6.53193291e+00 -3.43856689e+00  1.80634140e-01  3.90109864e+00  7.90249805e+00  0.00000000e+00  2.70813437e+00 -7.33918444e+00 -5.87564191e+00  8.36725048e-01]
     [-7.26966961e-01  1.82984326e-01 -3.86858907e-01  4.23122547e+00  2.60683674e+01  9.76508021e-01  3.97200351e+00 -2.23446002e+00 -9.86745782e-01  1.11788438e+01  2.71762295e-01 -2.70813437e+00  0.00000000e+00 -1.70876874e+01  9.19708840e+00 -1.22424704e+01]
     [ 1.19205961e+01  4.52421701e-02 -5.54181207e+00  1.60934392e+00  9.76508021e-01  4.14344111e+01 -6.20729431e+00  5.14708358e+00  1.31609928e+01 -2.91019340e+00  7.08851267e-01  7.33918444e+00  1.70876874e+01  0.00000000e+00 -2.41885502e+00 -1.59953481e+00]
     [-8.69328835e+00  1.77205810e+01 -4.07467007e+00  6.53193291e+00  3.97200351e+00 -6.20729431e+00  3.27648238e+01 -1.16445973e+01  5.62243242e+00  1.24498206e-01  8.83139618e+00  5.87564191e+00 -9.19708840e+00  2.41885502e+00  0.00000000e+00 -1.83900728e+01]
     [-6.82104956e+00 -1.68671584e+01 -5.96402400e-01 -3.43856689e+00 -2.23446002e+00  5.14708358e+00 -1.16445973e+01  4.49884210e+01 -1.09018273e+01  1.21126193e+01  9.88369543e-01 -8.36725048e-01  1.22424704e+01  1.59953481e+00  1.83900728e+01  0.00000000e+00]
     [ 0.00000000e+00  1.62119965e+01 -5.75872178e+00  1.80634140e-01 -9.86745782e-01  1.31609928e+01  5.62243242e+00 -1.09018273e+01  4.45518749e+01 -1.36270348e+01 -4.38995526e+00 -1.39033926e+00 -7.26966961e-01  1.19205961e+01 -8.69328835e+00 -6.82104956e+00]
     [-1.62119965e+01  0.00000000e+00  1.69329975e-01  3.90109864e+00  1.11788438e+01 -2.91019340e+00  1.24498206e-01  1.21126193e+01 -1.36270348e+01  5.04197793e+01 -4.92018815e+00 -1.60752867e+00  1.82984326e-01  4.52421701e-02  1.77205810e+01 -1.68671584e+01]
     [ 5.75872178e+00 -1.69329975e-01  0.00000000e+00  7.90249805e+00  2.71762295e-01  7.08851267e-01  8.83139618e+00  9.88369543e-01 -4.38995526e+00 -4.92018815e+00  3.20090010e+01 -4.04630132e+00 -3.86858907e-01 -5.54181207e+00 -4.07467007e+00 -5.96402400e-01]
     [-1.80634140e-01 -3.90109864e+00 -7.90249805e+00  0.00000000e+00 -2.70813437e+00  7.33918444e+00  5.87564191e+00 -8.36725048e-01 -1.39033926e+00 -1.60752867e+00 -4.04630132e+00  2.58852324e+01  4.23122547e+00  1.60934392e+00  6.53193291e+00 -3.43856689e+00]
     [ 9.86745782e-01 -1.11788438e+01 -2.71762295e-01  2.70813437e+00  0.00000000e+00  1.70876874e+01 -9.19708840e+00  1.22424704e+01 -7.26966961e-01  1.82984326e-01 -3.86858907e-01  4.23122547e+00  2.60683674e+01  9.76508021e-01  3.97200351e+00 -2.23446002e+00]
     [-1.31609928e+01  2.91019340e+00 -7.08851267e-01 -7.33918444e+00 -1.70876874e+01  0.00000000e+00  2.41885502e+00  1.59953481e+00  1.19205961e+01  4.52421701e-02 -5.54181207e+00  1.60934392e+00  9.76508021e-01  4.14344111e+01 -6.20729431e+00  5.14708358e+00]
     [-5.62243242e+00 -1.24498206e-01 -8.83139618e+00 -5.87564191e+00  9.19708840e+00 -2.41885502e+00  0.00000000e+00  1.83900728e+01 -8.69328835e+00  1.77205810e+01 -4.07467007e+00  6.53193291e+00  3.97200351e+00 -6.20729431e+00  3.27648238e+01 -1.16445973e+01]
     [ 1.09018273e+01 -1.21126193e+01 -9.88369543e-01  8.36725048e-01 -1.22424704e+01 -1.59953481e+00 -1.83900728e+01  0.00000000e+00 -6.82104956e+00 -1.68671584e+01 -5.96402400e-01 -3.43856689e+00 -2.23446002e+00  5.14708358e+00 -1.16445973e+01  4.49884210e+01]]
    eigvals of hessian_by_M_M: [  4.41880887   4.41880887  10.33611284  10.33611284  13.90068099  13.90068099  25.86191901  25.86191901  33.04885236  33.04885236  40.94747078  40.94747078  68.26890013  68.26890013 101.33916588 101.33916588]
SNAG:
    iter_times, elapsed_time, sqdiff: 1, 0.0064046382904052734, 9.97035250973434
    MSN: Tensor(
        [[ 0.54051654-0.32357769j -0.15814246-0.4972849j  -0.28660522-0.29519692j -0.7053578 -0.36098216j]
         [-0.13914735-0.64133598j -0.61096004+0.38864649j  0.03229439+0.09076045j -0.52992775+0.48040812j]
         [ 1.30321329-0.48803928j -0.98767293+0.37870559j  1.33117483-0.53844501j -1.00319619-1.36483915j]
         [-0.30811722-0.32689464j  0.03327836-0.04472553j -0.53187747-0.01217088j -0.26072722+0.56682773j]]
        labels=['kl', 'kr'],
        shape=(4, 4),
    )
    grad_by_reM_reM: Tensor(
        [-0.86040895+1.33226763e-15j -3.91599096-2.22044605e-16j  6.29687166+0.00000000e+00j -0.21244486+6.66133815e-16j -1.52052801-4.44089210e-16j  0.91052663-7.77156117e-16j -1.33540947-8.88178420e-16j  4.63268797+4.44089210e-16j]
        labels=[('kl', 'rQdGlJAp')],
        shape=(8,),
    )
    grad_by_imM_imM: Tensor(
        [-7.05193992+8.88178420e-16j -2.35464199-2.88657986e-15j -4.18076316+4.44089210e-16j -3.33714098+9.99200722e-16j  1.46462951+8.88178420e-16j  0.45044122+2.22044605e-16j  4.08987945-1.77635684e-15j  1.08416575+4.44089210e-16j]
        labels=[('kl', 'rQdGlJAp')],
        shape=(8,),
    )
    hessian_by_M_M: [[ 50.97765043  -1.65312639  -6.14294292  -1.17102393   0.50968405   7.79022732  -7.91110554  -8.3709234    0.         -12.06124145  10.52077184   0.18937338  -2.2934732   -6.26333505  -3.79062013   6.22569533]
     [ -1.65312639  29.68796563  -3.03469265  -4.54022489  -1.45859471   2.41581207  10.4070791   -8.8478606   12.06124145   0.           0.25913951  -2.90002087  -6.89841904  -1.30895152   1.70861645  -8.15937146]
     [ -6.14294292  -3.03469265  37.75783352  -0.99002268  -1.07556501  -2.85997319  -4.78323636   1.10630104 -10.52077184  -0.25913951   0.          -4.36289495   1.47598377   1.97625988  -7.6928389   -0.43357536]
     [ -1.17102393  -4.54022489  -0.99002268  20.41392742   2.81437131  -0.65645183   2.40305704  -1.07990139  -0.18937338   2.90002087   4.36289495   0.           1.52169288  -3.1868887   -8.46973174   3.29261011]
     [  0.50968405  -1.45859471  -1.07556501   2.81437131  26.91403123   7.23701002   1.5642368    1.06870659   2.2934732    6.89841904  -1.47598377  -1.52169288   0.          -9.01896895   8.38632912  -1.11548999]
     [  7.79022732   2.41581207  -2.85997319  -0.65645183   7.23701002  24.40584238  -3.8275478   -4.42619612   6.26333505   1.30895152  -1.97625988   3.1868887    9.01896895   0.           0.27412842  -0.93724145]
     [ -7.91110554  10.4070791   -4.78323636   2.40305704   1.5642368   -3.8275478   34.49103065   1.8111495    3.79062013  -1.70861645   7.6928389    8.46973174  -8.38632912  -0.27412842   0.         -10.13744371]
     [ -8.3709234   -8.8478606    1.10630104  -1.07990139   1.06870659  -4.42619612   1.8111495   25.50533851  -6.22569533   8.15937146   0.43357536  -3.29261011   1.11548999   0.93724145  10.13744371   0.        ]
     [  0.          12.06124145 -10.52077184  -0.18937338   2.2934732    6.26333505   3.79062013  -6.22569533  50.97765043  -1.65312639  -6.14294292  -1.17102393   0.50968405   7.79022732  -7.91110554  -8.3709234 ]
     [-12.06124145   0.          -0.25913951   2.90002087   6.89841904   1.30895152  -1.70861645   8.15937146  -1.65312639  29.68796563  -3.03469265  -4.54022489  -1.45859471   2.41581207  10.4070791   -8.8478606 ]
     [ 10.52077184   0.25913951   0.           4.36289495  -1.47598377  -1.97625988   7.6928389    0.43357536  -6.14294292  -3.03469265  37.75783352  -0.99002268  -1.07556501  -2.85997319  -4.78323636   1.10630104]
     [  0.18937338  -2.90002087  -4.36289495   0.          -1.52169288   3.1868887    8.46973174  -3.29261011  -1.17102393  -4.54022489  -0.99002268  20.41392742   2.81437131  -0.65645183   2.40305704  -1.07990139]
     [ -2.2934732   -6.89841904   1.47598377   1.52169288   0.           9.01896895  -8.38632912   1.11548999   0.50968405  -1.45859471  -1.07556501   2.81437131  26.91403123   7.23701002   1.5642368    1.06870659]
     [ -6.26333505  -1.30895152   1.97625988  -3.1868887   -9.01896895   0.          -0.27412842   0.93724145   7.79022732   2.41581207  -2.85997319  -0.65645183   7.23701002  24.40584238  -3.8275478   -4.42619612]
     [ -3.79062013   1.70861645  -7.6928389   -8.46973174   8.38632912   0.27412842   0.          10.13744371  -7.91110554  10.4070791   -4.78323636   2.40305704   1.5642368   -3.8275478   34.49103065   1.8111495 ]
     [  6.22569533  -8.15937146  -0.43357536   3.29261011  -1.11548999  -0.93724145 -10.13744371   0.          -8.3709234   -8.8478606    1.10630104  -1.07990139   1.06870659  -4.42619612   1.8111495   25.50533851]]
    eigvals of hessian_by_M_M: [ 4.84780102  4.84780102 12.3431138  12.3431138  13.96696807 13.96696807 23.05099485 23.05099485 31.98146174 31.98146174 36.96927294 36.96927294 54.34145252 54.34145252 72.65255484 72.65255484]
SSpiral(8):
    iter_times, elapsed_time, sqdiff: 1, 0.007169961929321289, 34.93296047710087
    MSN: Tensor(
        [[ 0.83969035-0.20876187j -0.25111296-0.17697348j -0.02887318+0.2687592j  -0.45352125-0.42030813j]
         [ 0.06628079-0.87448625j -0.24324919+0.34042901j  0.20832607-0.59672834j -1.11088913+0.55935226j]
         [ 0.67541874-0.0713348j  -0.37244984-0.0767571j   0.84288542-0.20915943j -0.92448959-0.96975871j]
         [ 0.80454323+0.54462162j -0.05711055-0.26364662j -0.17545178-0.18482189j -0.30507842-0.63746019j]]
        labels=['kl', 'kr'],
        shape=(4, 4),
    )
    grad_by_reM_reM: Tensor(
        [ 15.12468257-1.77635684e-15j -24.28243415+1.77635684e-15j   4.39747926-7.77156117e-16j   0.15135164+1.11022302e-15j   4.58131456-2.22044605e-15j  -2.03247064+2.66453526e-15j -23.63606596+4.44089210e-16j  18.49728028+0.00000000e+00j]
        labels=[('kl', 'rQdGlJAp')],
        shape=(8,),
    )
    grad_by_imM_imM: Tensor(
        [-26.01415156-8.88178420e-16j  12.61847405+1.77635684e-15j   1.53897635-4.44089210e-16j  -2.51542078+5.55111512e-16j   4.15582007-1.33226763e-15j  -7.76711055+1.99840144e-15j  -1.57555606+0.00000000e+00j  12.39592946+0.00000000e+00j]
        labels=[('kl', 'rQdGlJAp')],
        shape=(8,),
    )
    hessian_by_M_M: [[ 62.00173917 -44.86641169  -4.72646438   9.77691314   0.53860742   3.84012386 -12.29631825   4.67972138   0.         -14.65020589  11.07553265  -7.541295    -0.21944537  -6.1033509   -5.67677809  11.97274846]
     [-44.86641169  44.28329283  -2.14275743  -3.50631166  -1.74006113  -1.62459992  15.42390175  -9.21704799  14.65020589   0.          -8.98510013   6.74832332  -3.8484514    8.22924338   6.47708385 -11.91855815]
     [ -4.72646438  -2.14275743  44.97576169 -34.07295021   2.57547267  -1.1274865   -5.82736841   3.0994853  -11.07553265   8.98510013   0.          -8.94908775  -1.54339478  -1.68046223 -10.56186898   8.32245357]
     [  9.77691314  -3.50631166 -34.07295021  33.45341449   1.58141387   1.16647538   2.70453521  -0.658333     7.541295    -6.74832332   8.94908775   0.           3.20736558  -0.89261127   5.58490549  -3.28301169]
     [  0.53860742  -1.74006113   2.57547267   1.58141387  36.4526278  -22.18944848   4.99143713  -5.83035962   0.21944537   3.8484514    1.54339478  -3.20736558   0.          -9.057322     8.44835468  -8.35319349]
     [  3.84012386  -1.62459992  -1.1274865    1.16647538 -22.18944848  23.02526872  -7.8710055    3.98999015   6.1033509   -8.22924338   1.68046223   0.89261127   9.057322     0.          -9.40655431   8.20764486]
     [-12.29631825  15.42390175  -5.82736841   2.70453521   4.99143713  -7.8710055   43.82277451 -31.46705043   5.67677809  -6.47708385  10.56186898  -5.58490549  -8.44835468   9.40655431   0.         -12.65895543]
     [  4.67972138  -9.21704799   3.0994853   -0.658333    -5.83035962   3.98999015 -31.46705043  31.30080832 -11.97274846  11.91855815  -8.32245357   3.28301169   8.35319349  -8.20764486  12.65895543   0.        ]
     [  0.          14.65020589 -11.07553265   7.541295     0.21944537   6.1033509    5.67677809 -11.97274846  62.00173917 -44.86641169  -4.72646438   9.77691314   0.53860742   3.84012386 -12.29631825   4.67972138]
     [-14.65020589   0.           8.98510013  -6.74832332   3.8484514   -8.22924338  -6.47708385  11.91855815 -44.86641169  44.28329283  -2.14275743  -3.50631166  -1.74006113  -1.62459992  15.42390175  -9.21704799]
     [ 11.07553265  -8.98510013   0.           8.94908775   1.54339478   1.68046223  10.56186898  -8.32245357  -4.72646438  -2.14275743  44.97576169 -34.07295021   2.57547267  -1.1274865   -5.82736841   3.0994853 ]
     [ -7.541295     6.74832332  -8.94908775   0.          -3.20736558   0.89261127  -5.58490549   3.28301169   9.77691314  -3.50631166 -34.07295021  33.45341449   1.58141387   1.16647538   2.70453521  -0.658333  ]
