b=4, chi=2, seed=285, 
NOR:
    iter_times, elapsed_time, sqdiff: 300, 0.41112804412841797, 2.237751786678433
    MSN: Tensor(
        [[ 0.52286579-0.21788357j  1.12399081+1.04521625j -0.0051674 +0.80238258j  0.88163087+1.0956587j ]
         [ 1.03740846+0.2271324j   0.55199123+0.01455432j  0.42607205+0.45103748j  0.60204157+0.07418j   ]
         [-1.09055762-1.37500487j  1.03221479+0.29592996j -0.02822168+0.02355868j  0.72542144+0.37788796j]
         [ 0.57978991+0.40811359j -0.50859714-0.09600519j  0.0346528 -0.07405156j -0.37562214-0.16653159j]]
        labels=['kl', 'kr'],
        shape=(4, 4),
    )
    grad_by_M: [[ 6.60582700e-15]
     [-3.58046925e-15]
     [-4.44089210e-15]
     [-2.01921813e-14]
     [-1.80411242e-15]
     [ 1.51961776e-15]
     [ 7.63278329e-15]
     [-1.17406085e-14]
     [ 1.86239912e-14]
     [ 1.56819002e-15]
     [ 7.88258347e-15]
     [-1.72639680e-14]
     [ 1.40720768e-14]
     [-1.04222186e-14]
     [ 3.21964677e-15]
     [-3.37230244e-15]]
    hessian_by_M_M: [[ 56.6039392    0.66661441  -6.47331691   2.96005933  -0.86897101  -3.73309309   9.20362769  -0.38233071   0.          -3.19491419  -0.09625421   3.29339694  10.60440916   4.93409323 -31.575352     7.03312374]
     [  0.66661441  43.60024197  -0.26262681   7.41159708 -17.06226699   2.49186775   4.29966258   3.28834348   3.19491419   0.           5.7468203   -1.47125646 -12.26612763   1.00993793  -0.96008185 -25.72409755]
     [ -6.47331691  -0.26262681  80.96187667   4.64121413  -7.22933016 -10.37688466   5.19522808 -13.3663244    0.09625421  -5.7468203    0.          -7.0455733    4.45629109  -8.1284498   -3.90761411  -1.07818885]
     [  2.96005933   7.41159708   4.64121413  44.13129929 -15.80157844   9.58433714 -20.89831163   2.16999444  -3.29339694   1.47125646   7.0455733    0.         -12.07849316 -14.7943818  -11.10738169 -15.0160885 ]
     [ -0.86897101 -17.06226699  -7.22933016 -15.80157844  82.00203569  -9.13106747  -7.56477937  -9.86836515 -10.60440916  12.26612763  -4.45629109  12.07849316   0.          11.27425322   0.37214383   3.54618861]
     [ -3.73309309   2.49186775 -10.37688466   9.58433714  -9.13106747  36.79884965  -2.73542151  10.39868904  -4.93409323  -1.00993793   8.1284498   14.7943818  -11.27425322   0.         -14.77823498  -4.52695019]
     [  9.20362769   4.29966258   5.19522808 -20.89831163  -7.56477937  -2.73542151  71.43303365  -0.76308672  31.575352     0.96008185   3.90761411  11.10738169  -0.37214383  14.77823498   0.           3.4076641 ]
     [ -0.38233071   3.28834348 -13.3663244    2.16999444  -9.86836515  10.39868904  -0.76308672  51.46573282  -7.03312374  25.72409755   1.07818885  15.0160885   -3.54618861   4.52695019  -3.4076641    0.        ]
     [  0.           3.19491419   0.09625421  -3.29339694 -10.60440916  -4.93409323  31.575352    -7.03312374  56.6039392    0.66661441  -6.47331691   2.96005933  -0.86897101  -3.73309309   9.20362769  -0.38233071]
     [ -3.19491419   0.          -5.7468203    1.47125646  12.26612763  -1.00993793   0.96008185  25.72409755   0.66661441  43.60024197  -0.26262681   7.41159708 -17.06226699   2.49186775   4.29966258   3.28834348]
     [ -0.09625421   5.7468203    0.           7.0455733   -4.45629109   8.1284498    3.90761411   1.07818885  -6.47331691  -0.26262681  80.96187667   4.64121413  -7.22933016 -10.37688466   5.19522808 -13.3663244 ]
     [  3.29339694  -1.47125646  -7.0455733    0.          12.07849316  14.7943818   11.10738169  15.0160885    2.96005933   7.41159708   4.64121413  44.13129929 -15.80157844   9.58433714 -20.89831163   2.16999444]
     [ 10.60440916 -12.26612763   4.45629109 -12.07849316   0.         -11.27425322  -0.37214383  -3.54618861  -0.86897101 -17.06226699  -7.22933016 -15.80157844  82.00203569  -9.13106747  -7.56477937  -9.86836515]
     [  4.93409323   1.00993793  -8.1284498  -14.7943818   11.27425322   0.          14.77823498   4.52695019  -3.73309309   2.49186775 -10.37688466   9.58433714  -9.13106747  36.79884965  -2.73542151  10.39868904]
     [-31.575352    -0.96008185  -3.90761411 -11.10738169   0.37214383 -14.77823498   0.          -3.4076641    9.20362769   4.29966258   5.19522808 -20.89831163  -7.56477937  -2.73542151  71.43303365  -0.76308672]
     [  7.03312374 -25.72409755  -1.07818885 -15.0160885    3.54618861  -4.52695019   3.4076641    0.          -0.38233071   3.28834348 -13.3663244    2.16999444  -9.86836515  10.39868904  -0.76308672  51.46573282]]
    eigvals of hessian_by_M_M: [  9.58861462   9.58861462  16.09623879  16.09623879  20.15153676  20.15153676  47.56718514  47.56718514  61.27263432  61.27263432  80.94168757  80.94168757 109.5301791  109.5301791  121.84893263 121.84893263]
WCOR:
    iter_times, elapsed_time, sqdiff: 300, 0.7200469970703125, 2.2377517866784316
    MSN: Tensor(
        [[ 0.52286579-0.21788357j  1.12399081+1.04521625j -0.0051674 +0.80238258j  0.88163087+1.0956587j ]
         [ 1.03740846+0.2271324j   0.55199123+0.01455432j  0.42607205+0.45103748j  0.60204157+0.07418j   ]
         [-1.09055762-1.37500487j  1.03221479+0.29592996j -0.02822168+0.02355868j  0.72542144+0.37788796j]
         [ 0.57978991+0.40811359j -0.50859714-0.09600519j  0.0346528 -0.07405156j -0.37562214-0.16653159j]]
        labels=['kl', 'kr'],
        shape=(4, 4),
    )
    grad_by_M: [[ 2.32036612e-14]
     [ 1.55014890e-14]
     [-4.07451850e-14]
     [-2.66037192e-14]
     [-4.16333634e-16]
     [-1.26548078e-15]
     [ 2.25236496e-14]
     [ 1.41275880e-14]
     [ 2.73114864e-14]
     [-3.33066907e-15]
     [-1.38500322e-14]
     [ 1.77635684e-15]
     [-1.89015470e-14]
     [ 2.68118860e-14]
     [-3.84137167e-14]
     [ 1.44467771e-14]]
    hessian_by_M_M: [[ 61.74505658  -5.74825428  -7.16399968   0.74540855   2.52396708  -5.09559468   9.17231134  -4.84071652   0.          -6.06591854  -1.67159559   3.84452281  12.83903009   3.12557858 -35.68039115  10.51126565]
     [ -5.74825428  39.69425015   0.45073802   6.71611847 -20.15949832   2.4405563    5.08458572   2.86889019   6.06591854   0.           6.07028731  -1.44840348  -6.92035345   1.14073426   2.46931136 -23.53013072]
     [ -7.16399968   0.45073802  86.58466995  -1.30294283  -2.98508139  -9.64874002  11.44457827 -13.65791685   1.67159559  -6.07028731   0.          -8.91814026   7.93496913  -8.97878282  -2.39926971  -2.76026695]
     [  0.74540855   6.71611847  -1.30294283  40.12722825 -18.94918153   9.07632008 -22.41648988   2.41174001  -3.84452281   1.44840348   8.91814026   0.          -4.33980523 -13.10096018  -2.07756701 -13.40950184]
     [  2.52396708 -20.15949832  -2.98508139 -18.94918153  91.79503741 -18.40827821  -5.86452476 -12.01880158 -12.83903009   6.92035345  -7.93496913   4.33980523   0.           4.85447728   2.12719054   0.70589906]
     [ -5.09559468   2.4405563   -9.64874002   9.07632008 -18.40827821  33.57992033  -7.9783458    9.49477734  -3.12557858  -1.14073426   8.97878282  13.10096018  -4.85447728   0.         -12.00556101  -4.00403515]
     [  9.17231134   5.08458572  11.44457827 -22.41648988  -5.86452476  -7.9783458   78.18354438 -10.32801645  35.68039115  -2.46931136   2.39926971   2.07756701  -2.12719054  12.00556101   0.          -0.88686696]
     [ -4.84071652   2.86889019 -13.65791685   2.41174001 -12.01880158   9.49477734 -10.32801645  46.78705011 -10.51126565  23.53013072   2.76026695  13.40950184  -0.70589906   4.00403515   0.88686696   0.        ]
     [  0.           6.06591854   1.67159559  -3.84452281 -12.83903009  -3.12557858  35.68039115 -10.51126565  61.74505658  -5.74825428  -7.16399968   0.74540855   2.52396708  -5.09559468   9.17231134  -4.84071652]
     [ -6.06591854   0.          -6.07028731   1.44840348   6.92035345  -1.14073426  -2.46931136  23.53013072  -5.74825428  39.69425015   0.45073802   6.71611847 -20.15949832   2.4405563    5.08458572   2.86889019]
     [ -1.67159559   6.07028731   0.           8.91814026  -7.93496913   8.97878282   2.39926971   2.76026695  -7.16399968   0.45073802  86.58466995  -1.30294283  -2.98508139  -9.64874002  11.44457827 -13.65791685]
     [  3.84452281  -1.44840348  -8.91814026   0.           4.33980523  13.10096018   2.07756701  13.40950184   0.74540855   6.71611847  -1.30294283  40.12722825 -18.94918153   9.07632008 -22.41648988   2.41174001]
     [ 12.83903009  -6.92035345   7.93496913  -4.33980523   0.          -4.85447728  -2.12719054  -0.70589906   2.52396708 -20.15949832  -2.98508139 -18.94918153  91.79503741 -18.40827821  -5.86452476 -12.01880158]
     [  3.12557858   1.14073426  -8.97878282 -13.10096018   4.85447728   0.          12.00556101   4.00403515  -5.09559468   2.4405563   -9.64874002   9.07632008 -18.40827821  33.57992033  -7.9783458    9.49477734]
     [-35.68039115   2.46931136  -2.39926971  -2.07756701   2.12719054 -12.00556101   0.           0.88686696   9.17231134   5.08458572  11.44457827 -22.41648988  -5.86452476  -7.9783458   78.18354438 -10.32801645]
     [ 10.51126565 -23.53013072  -2.76026695 -13.40950184   0.70589906  -4.00403515  -0.88686696   0.          -4.84071652   2.86889019 -13.65791685   2.41174001 -12.01880158   9.49477734 -10.32801645  46.78705011]]
    eigvals of hessian_by_M_M: [  8.77632339   8.77632339  14.69069342  14.69069342  20.49545722  20.49545722  43.19665288  43.19665288  58.79682025  58.79682025  83.10972621  83.10972621 115.95715255 115.95715255 133.47393124 133.47393124]
WROR:
    iter_times, elapsed_time, sqdiff: 300, 0.679481029510498, 2.2377517866784293
    MSN: Tensor(
        [[ 0.52286579-0.21788357j  1.12399081+1.04521625j -0.0051674 +0.80238258j  0.88163087+1.0956587j ]
         [ 1.03740846+0.2271324j   0.55199123+0.01455432j  0.42607205+0.45103748j  0.60204157+0.07418j   ]
         [-1.09055762-1.37500487j  1.03221479+0.29592996j -0.02822168+0.02355868j  0.72542144+0.37788796j]
         [ 0.57978991+0.40811359j -0.50859714-0.09600519j  0.0346528 -0.07405156j -0.37562214-0.16653159j]]
        labels=['kl', 'kr'],
        shape=(4, 4),
    )
    grad_by_M: [[-1.62092562e-14]
     [-5.97438765e-15]
     [ 6.26720897e-14]
     [-3.46528362e-14]
     [ 3.75810494e-14]
     [ 2.24126273e-15]
     [ 8.73190409e-14]
     [-1.35308431e-14]
     [ 4.77951012e-14]
     [-1.65284453e-14]
     [ 2.64172365e-14]
     [-4.10227408e-14]
     [-1.49880108e-15]
     [-6.52949916e-15]
     [-1.16573418e-15]
     [-4.71844785e-15]]
    hessian_by_M_M: [[ 70.66316831 -14.57380151  -7.95448262  -0.83777178   6.4346322   -5.1190999   10.1265147  -12.92612785   0.         -13.43252506  -3.29973263   4.03898889  14.80419648  -1.68775009 -41.76654724  13.01833816]
     [-14.57380151  31.06843156   3.03040795   4.55136628 -20.48368437   4.63433915   7.34758469   2.10964797  13.43252506   0.           4.99164358  -2.22455972   0.40459633   1.67820678   8.15473847 -19.15113474]
     [ -7.95448262   3.03040795  96.8573486  -13.07884704   1.00212654  -5.46143663  17.88347477 -12.95702114   3.29973263  -4.99164358   0.         -15.85499199  10.46953006 -10.93130336  -2.17695383  -6.72062484]
     [ -0.83777178   4.55136628 -13.07884704  30.8823953  -17.68152909   9.83210694 -20.03973037   6.17271549  -4.03898889   2.22455972  15.85499199   0.           3.9443178   -7.5555564    9.2393907   -8.97367226]
     [  6.4346322  -20.48368437   1.00212654 -17.68152909 107.32163663 -32.09168609  -3.46732383 -10.30775291 -14.80419648  -0.40459633 -10.46953006  -3.9443178    0.         -11.37359991   3.88761293  -3.98786615]
     [ -5.1190999    4.63433915  -5.46143663   9.83210694 -32.09168609  29.98836222 -11.24015511   8.87350688   1.68775009  -1.67820678  10.93130336   7.5555564   11.37359991   0.          -6.49437912  -1.54745999]
     [ 10.1265147    7.34758469  17.88347477 -20.03973037  -3.46732383 -11.24015511  90.24272369 -23.0249277   41.76654724  -8.15473847   2.17695383  -9.2393907   -3.88761293   6.49437912   0.         -12.58029709]
     [-12.92612785   2.10964797 -12.95702114   6.17271549 -10.30775291   8.87350688 -23.0249277   37.41333574 -13.01833816  19.15113474   6.72062484   8.97367226   3.98786615   1.54745999  12.58029709   0.        ]
     [  0.          13.43252506   3.29973263  -4.03898889 -14.80419648   1.68775009  41.76654724 -13.01833816  70.66316831 -14.57380151  -7.95448262  -0.83777178   6.4346322   -5.1190999   10.1265147  -12.92612785]
     [-13.43252506   0.          -4.99164358   2.22455972  -0.40459633  -1.67820678  -8.15473847  19.15113474 -14.57380151  31.06843156   3.03040795   4.55136628 -20.48368437   4.63433915   7.34758469   2.10964797]
     [ -3.29973263   4.99164358   0.          15.85499199 -10.46953006  10.93130336   2.17695383   6.72062484  -7.95448262   3.03040795  96.8573486  -13.07884704   1.00212654  -5.46143663  17.88347477 -12.95702114]
     [  4.03898889  -2.22455972 -15.85499199   0.          -3.9443178    7.5555564   -9.2393907    8.97367226  -0.83777178   4.55136628 -13.07884704  30.8823953  -17.68152909   9.83210694 -20.03973037   6.17271549]
     [ 14.80419648   0.40459633  10.46953006   3.9443178    0.          11.37359991  -3.88761293   3.98786615   6.4346322  -20.48368437   1.00212654 -17.68152909 107.32163663 -32.09168609  -3.46732383 -10.30775291]
     [ -1.68775009   1.67820678 -10.93130336  -7.5555564  -11.37359991   0.           6.49437912   1.54745999  -5.1190999    4.63433915  -5.46143663   9.83210694 -32.09168609  29.98836222 -11.24015511   8.87350688]
     [-41.76654724   8.15473847  -2.17695383   9.2393907    3.88761293  -6.49437912   0.          12.58029709  10.1265147    7.34758469  17.88347477 -20.03973037  -3.46732383 -11.24015511  90.24272369 -23.0249277 ]
     [ 13.01833816 -19.15113474  -6.72062484  -8.97367226  -3.98786615  -1.54745999 -12.58029709   0.         -12.92612785   2.10964797 -12.95702114   6.17271549 -10.30775291   8.87350688 -23.0249277   37.41333574]]
    eigvals of hessian_by_M_M: [  5.77988755   5.77988755   9.78433813   9.78433813  18.70045502  18.70045502  32.20840618  32.20840618  42.40494997  42.40494997  91.8044412   91.8044412  133.10277282 133.10277282 160.65215118 160.65215118]
IWROR:
    iter_times, elapsed_time, sqdiff: 300, 0.6434459686279297, 2.237751786678432
    MSN: Tensor(
        [[ 0.52286579-0.21788357j  1.12399081+1.04521625j -0.0051674 +0.80238258j  0.88163087+1.0956587j ]
         [ 1.03740846+0.2271324j   0.55199123+0.01455432j  0.42607205+0.45103748j  0.60204157+0.07418j   ]
         [-1.09055762-1.37500487j  1.03221479+0.29592996j -0.02822168+0.02355868j  0.72542144+0.37788796j]
         [ 0.57978991+0.40811359j -0.50859714-0.09600519j  0.0346528 -0.07405156j -0.37562214-0.16653159j]]
        labels=['kl', 'kr'],
        shape=(4, 4),
    )
    grad_by_M: [[-2.96984659e-14]
     [-4.69069228e-15]
     [ 6.02295991e-14]
     [ 1.30104261e-15]
     [ 2.98372438e-14]
     [ 3.73520659e-14]
     [ 9.05386877e-14]
     [-3.18078897e-14]
     [ 9.70334924e-14]
     [-3.53883589e-14]
     [ 2.25777513e-14]
     [-8.74300632e-15]
     [ 6.78623824e-14]
     [-2.98580605e-14]
     [-6.43929354e-15]
     [-8.42104164e-14]]
    hessian_by_M_M: [[ 72.29664978 -13.40645941  -8.00438704  -0.72003233   5.43433755  -5.27074126   9.93857281 -13.53715523   0.         -14.29257696  -3.10023358   3.82050914  15.75089535  -1.69268351 -42.71182415  12.58478464]
     [-13.40645941  32.80877388   3.39520222   4.88140006 -21.09788849   4.80380649   8.02016874   2.30697101  14.29257696   0.           5.42201626  -2.28205355   0.6129029    1.5728926    7.34638191 -20.15153147]
     [ -8.00438704   3.39520222  99.53568086 -11.71255053   0.50155633  -5.740267    17.3758116  -13.56940845   3.10023358  -5.42201626   0.         -16.45692862  10.85548568 -12.1716346   -1.86658293  -7.47240018]
     [ -0.72003233   4.88140006 -11.71255053  32.56070601 -17.62796979  10.2080713  -20.34410151   6.21404588  -3.82050914   2.28205355  16.45692862   0.           4.12755277  -8.32430227   9.15535161  -9.72173745]
     [  5.43433755 -21.09788849   0.50155633 -17.62796979 108.03301153 -31.65903627  -4.6971374  -10.52892419 -15.75089535  -0.6129029  -10.85548568  -4.12755277   0.         -11.5104285    3.50132293  -4.62576125]
     [ -5.27074126   4.80380649  -5.740267    10.2080713  -31.65903627  31.52488402 -11.23801048   9.4411125    1.69268351  -1.5728926   12.1716346    8.32430227  11.5104285    0.          -6.50631004  -1.73145725]
     [  9.93857281   8.02016874  17.3758116  -20.34410151  -4.6971374  -11.23801048  91.5204506  -21.85388854  42.71182415  -7.34638191   1.86658293  -9.15535161  -3.50132293   6.50631004   0.         -13.34888726]
     [-13.53715523   2.30697101 -13.56940845   6.21404588 -10.52892419   9.4411125  -21.85388854  39.55503152 -12.58478464  20.15153147   7.47240018   9.72173745   4.62576125   1.73145725  13.34888726   0.        ]
     [  0.          14.29257696   3.10023358  -3.82050914 -15.75089535   1.69268351  42.71182415 -12.58478464  72.29664978 -13.40645941  -8.00438704  -0.72003233   5.43433755  -5.27074126   9.93857281 -13.53715523]
     [-14.29257696   0.          -5.42201626   2.28205355  -0.6129029   -1.5728926   -7.34638191  20.15153147 -13.40645941  32.80877388   3.39520222   4.88140006 -21.09788849   4.80380649   8.02016874   2.30697101]
     [ -3.10023358   5.42201626   0.          16.45692862 -10.85548568  12.1716346    1.86658293   7.47240018  -8.00438704   3.39520222  99.53568086 -11.71255053   0.50155633  -5.740267    17.3758116  -13.56940845]
     [  3.82050914  -2.28205355 -16.45692862   0.          -4.12755277   8.32430227  -9.15535161   9.72173745  -0.72003233   4.88140006 -11.71255053  32.56070601 -17.62796979  10.2080713  -20.34410151   6.21404588]
     [ 15.75089535   0.6129029   10.85548568   4.12755277   0.          11.5104285   -3.50132293   4.62576125   5.43433755 -21.09788849   0.50155633 -17.62796979 108.03301153 -31.65903627  -4.6971374  -10.52892419]
     [ -1.69268351   1.5728926  -12.1716346   -8.32430227 -11.5104285    0.           6.50631004   1.73145725  -5.27074126   4.80380649  -5.740267    10.2080713  -31.65903627  31.52488402 -11.23801048   9.4411125 ]
     [-42.71182415   7.34638191  -1.86658293   9.15535161   3.50132293  -6.50631004   0.          13.34888726   9.93857281   8.02016874  17.3758116  -20.34410151  -4.6971374  -11.23801048  91.5204506  -21.85388854]
     [ 12.58478464 -20.15153147  -7.47240018  -9.72173745  -4.62576125  -1.73145725 -13.34888726   0.         -13.53715523   2.30697101 -13.56940845   6.21404588 -10.52892419   9.4411125  -21.85388854  39.55503152]]
    eigvals of hessian_by_M_M: [  6.25769544   6.25769544  10.57038346  10.57038346  19.89386914  19.89386914  33.85997001  33.85997001  45.74551324  45.74551324  93.45753387  93.45753387 135.28844373 135.28844373 162.7617793  162.7617793 ]
WLBOR:
    iter_times, elapsed_time, sqdiff: 300, 1.9498939514160156, 2.23775178667843
    MSN: Tensor(
        [[ 0.52286578-0.21788356j  1.12399081+1.04521625j -0.00516739+0.80238258j  0.88163088+1.0956587j ]
         [ 1.03740846+0.2271324j   0.55199123+0.01455433j  0.42607205+0.45103748j  0.60204157+0.07417999j]
         [-1.09055761-1.37500487j  1.03221479+0.29592995j -0.02822168+0.02355867j  0.72542144+0.37788796j]
         [ 0.57978991+0.40811359j -0.50859713-0.09600519j  0.0346528 -0.07405155j -0.37562214-0.16653159j]]
        labels=['kl', 'kr'],
        shape=(4, 4),
    )
    grad_by_M: [[ 3.72603439e-08]
     [ 6.57544829e-08]
     [-2.15092361e-08]
     [ 3.26725940e-08]
     [-5.42330176e-08]
     [ 4.47915776e-08]
     [ 9.60548030e-09]
     [ 7.71999885e-08]
     [-1.05158997e-08]
     [-2.98034676e-08]
     [ 1.70159888e-08]
     [ 8.01295592e-08]
     [-2.82740588e-08]
     [ 2.71012876e-08]
     [-5.52224872e-08]
     [-3.90581297e-08]]
    hessian_by_M_M: [[ 5.74004660e+01  1.62286861e+00 -6.40915508e+00  2.89423752e+00 -1.45591098e+00 -3.63358700e+00  8.82059930e+00 -1.82697832e+00  0.00000000e+00 -6.70182031e+00 -5.88407668e-02  3.14139710e+00  1.14438457e+01  5.62859477e+00 -3.21698306e+01  6.63933966e+00]
     [ 1.62286861e+00  4.96410401e+01 -7.30810976e-01  8.52322671e+00 -1.80722648e+01  1.85139393e+00  6.73678985e+00  3.73132021e+00  6.70182031e+00  0.00000000e+00  6.42682157e+00 -1.31723825e+00 -1.33020890e+01  1.14311952e+00 -1.09740421e+00 -2.90768242e+01]
     [-6.40915508e+00 -7.30810976e-01  8.22031890e+01  6.45619655e+00 -7.10325239e+00 -1.24441798e+01  5.18615304e+00 -1.50325919e+01  5.88407668e-02 -6.42682157e+00  0.00000000e+00 -1.14085445e+01  4.98631760e+00 -8.27981748e+00 -3.43434536e+00 -7.09323423e-01]
     [ 2.89423752e+00  8.52322671e+00  6.45619655e+00  5.06628719e+01 -1.60750108e+01  9.93126621e+00 -2.09089296e+01  1.17423079e+00 -3.14139710e+00  1.31723825e+00  1.14085445e+01  0.00000000e+00 -1.27180127e+01 -1.73340074e+01 -1.23083539e+01 -1.72970235e+01]
     [-1.45591098e+00 -1.80722648e+01 -7.10325239e+00 -1.60750108e+01  8.17565218e+01 -7.44210486e+00 -8.34006509e+00 -1.10490780e+01 -1.14438457e+01  1.33020890e+01 -4.98631760e+00  1.27180127e+01  0.00000000e+00  9.05793894e+00  1.53282594e-01  3.82822945e+00]
     [-3.63358700e+00  1.85139393e+00 -1.24441798e+01  9.93126621e+00 -7.44210486e+00  4.08304447e+01 -2.53893847e+00  1.10550060e+01 -5.62859477e+00 -1.14311952e+00  8.27981748e+00  1.73340074e+01 -9.05793894e+00  0.00000000e+00 -1.53901853e+01 -5.61943768e+00]
     [ 8.82059930e+00  6.73678985e+00  5.18615304e+00 -2.09089296e+01 -8.34006509e+00 -2.53893847e+00  7.17244045e+01  6.53502170e-01  3.21698306e+01  1.09740421e+00  3.43434536e+00  1.23083539e+01 -1.53282594e-01  1.53901853e+01  0.00000000e+00 -2.58080154e-01]
     [-1.82697832e+00  3.73132021e+00 -1.50325919e+01  1.17423079e+00 -1.10490780e+01  1.10550060e+01  6.53502170e-01  5.82572142e+01 -6.63933966e+00  2.90768242e+01  7.09323423e-01  1.72970235e+01 -3.82822945e+00  5.61943768e+00  2.58080154e-01  0.00000000e+00]
     [ 0.00000000e+00  6.70182031e+00  5.88407668e-02 -3.14139710e+00 -1.14438457e+01 -5.62859477e+00  3.21698306e+01 -6.63933966e+00  5.74004660e+01  1.62286861e+00 -6.40915508e+00  2.89423752e+00 -1.45591098e+00 -3.63358700e+00  8.82059930e+00 -1.82697832e+00]
     [-6.70182031e+00  0.00000000e+00 -6.42682157e+00  1.31723825e+00  1.33020890e+01 -1.14311952e+00  1.09740421e+00  2.90768242e+01  1.62286861e+00  4.96410401e+01 -7.30810976e-01  8.52322671e+00 -1.80722648e+01  1.85139393e+00  6.73678985e+00  3.73132021e+00]
     [-5.88407668e-02  6.42682157e+00  0.00000000e+00  1.14085445e+01 -4.98631760e+00  8.27981748e+00  3.43434536e+00  7.09323423e-01 -6.40915508e+00 -7.30810976e-01  8.22031890e+01  6.45619655e+00 -7.10325239e+00 -1.24441798e+01  5.18615304e+00 -1.50325919e+01]
     [ 3.14139710e+00 -1.31723825e+00 -1.14085445e+01  0.00000000e+00  1.27180127e+01  1.73340074e+01  1.23083539e+01  1.72970235e+01  2.89423752e+00  8.52322671e+00  6.45619655e+00  5.06628719e+01 -1.60750108e+01  9.93126621e+00 -2.09089296e+01  1.17423079e+00]
     [ 1.14438457e+01 -1.33020890e+01  4.98631760e+00 -1.27180127e+01  0.00000000e+00 -9.05793894e+00 -1.53282594e-01 -3.82822945e+00 -1.45591098e+00 -1.80722648e+01 -7.10325239e+00 -1.60750108e+01  8.17565218e+01 -7.44210486e+00 -8.34006509e+00 -1.10490780e+01]
     [ 5.62859477e+00  1.14311952e+00 -8.27981748e+00 -1.73340074e+01  9.05793894e+00  0.00000000e+00  1.53901853e+01  5.61943768e+00 -3.63358700e+00  1.85139393e+00 -1.24441798e+01  9.93126621e+00 -7.44210486e+00  4.08304447e+01 -2.53893847e+00  1.10550060e+01]
     [-3.21698306e+01 -1.09740421e+00 -3.43434536e+00 -1.23083539e+01  1.53282594e-01 -1.53901853e+01  0.00000000e+00  2.58080154e-01  8.82059930e+00  6.73678985e+00  5.18615304e+00 -2.09089296e+01 -8.34006509e+00 -2.53893847e+00  7.17244045e+01  6.53502170e-01]
     [ 6.63933966e+00 -2.90768242e+01 -7.09323423e-01 -1.72970235e+01  3.82822945e+00 -5.61943768e+00 -2.58080154e-01  0.00000000e+00 -1.82697832e+00  3.73132021e+00 -1.50325919e+01  1.17423079e+00 -1.10490780e+01  1.10550060e+01  6.53502170e-01  5.82572142e+01]]
    eigvals of hessian_by_M_M: [ 10.32116908  10.32116908  17.81825171  17.81825171  22.22779436  22.22779436  50.49933596  50.49933596  66.1660285   66.1660285   82.45674653  82.45674653 113.49087353 113.49087353 129.49595246 129.49595246]
WNAG:
    iter_times, elapsed_time, sqdiff: 300, 0.6043782234191895, 3.5031378091281025
    MSN: Tensor(
        [[ 0.17453226+1.30175712j  0.45014972+1.65995975j -1.48517985+0.5131804j   0.41658859+0.9255165j ]
         [ 0.44128507+1.1253072j   0.78030971+0.68600172j -0.36148602-0.80530111j  0.86056907-0.2313358j ]
         [-0.57240396-0.01238239j -0.44519456-0.07087092j  0.74797203-0.67358336j  0.04899384+0.01816583j]
         [-0.34576451-0.60261925j -0.76252053-0.91346497j  0.36567531-1.23283699j -0.60907352-0.71492577j]]
        labels=['kl', 'kr'],
        shape=(4, 4),
    )
    grad_by_M: [[ 8.53687857]
     [ 1.15777785]
     [ 2.44941822]
     [-1.77284156]
     [-5.55705434]
     [ 1.63533558]
     [-3.03312965]
     [-7.88726801]
     [-1.10140458]
     [-7.32022332]
     [-2.81320679]
     [-2.75161181]
     [ 3.82815878]
     [ 5.04009961]
     [-8.92610778]
     [ 0.56464419]]
    hessian_by_M_M: [[ 19572.31254646   4264.52534591  -4107.49650836   -693.32217541    619.49640195   1957.78203613   1745.68075408  -7719.15399383      0.         -15760.00056937    238.3272276    3343.68783273   2144.83504514   -429.2745487  -10400.19763399  -3971.55075391]
     [  4264.52534591  13671.08261014  -1132.76785723  -2794.98169865  -1921.7722581     740.20616449   8988.58115131   1406.5929681   15760.00056937      0.          -3187.24989379    217.02974633   1030.49130892   1764.22734985  -1039.38772745  -7319.34420094]
     [ -4107.49650836  -1132.76785723  25273.66201654   5939.92129741  -4040.35492396  -3490.07691903   4772.15264227  -3429.60607896   -238.3272276    3187.24989379      0.         -20412.92269288  -3264.01445419   2608.07109423  -5392.23048824  -5033.61719628]
     [  -693.32217541  -2794.98169865   5939.92129741  17936.99144377   1475.50167286  -2839.04181116   5208.420352     3107.94923799  -3343.68783273   -217.02974633  20412.92269288      0.          -3860.83468909  -2009.31809801   2478.75260637  -3757.94361399]
     [   619.49640195  -1921.7722581   -4040.35492396   1475.50167286  31709.47491138   7248.94994466  -7360.58258388   3756.02714165  -2144.83504514  -1030.49130892   3264.01445419   3860.83468909      0.         -25445.47524037   6854.00511703   7108.28692309]
     [  1957.78203613    740.20616449  -3490.07691903  -2839.04181116   7248.94994466  22132.01715659  -6870.43574441  -4888.58411067    429.2745487   -1764.22734985  -2608.07109423   2009.31809801  25445.47524037      0.          -4484.6162023    4364.44621117]
     [  1745.68075408   8988.58115131   4772.15264227   5208.420352    -7360.58258388  -6870.43574441  24309.12953571   5395.62339528  10400.19763399   1039.38772745   5392.23048824  -2478.75260637  -6854.00511703   4484.6162023       0.         -19611.39830987]
     [ -7719.15399383   1406.5929681   -3429.60607896   3107.94923799   3756.02714165  -4888.58411067   5395.62339528  17082.9549801    3971.55075391   7319.34420094   5033.61719628   3757.94361399  -7108.28692309  -4364.44621117  19611.39830987      0.        ]
     [     0.          15760.00056937   -238.3272276   -3343.68783273  -2144.83504514    429.2745487   10400.19763399   3971.55075391  19572.31254646   4264.52534591  -4107.49650836   -693.32217541    619.49640195   1957.78203613   1745.68075408  -7719.15399383]
     [-15760.00056937      0.           3187.24989379   -217.02974633  -1030.49130892  -1764.22734985   1039.38772745   7319.34420094   4264.52534591  13671.08261014  -1132.76785723  -2794.98169865  -1921.7722581     740.20616449   8988.58115131   1406.5929681 ]
     [   238.3272276   -3187.24989379      0.          20412.92269288   3264.01445419  -2608.07109423   5392.23048824   5033.61719628  -4107.49650836  -1132.76785723  25273.66201654   5939.92129741  -4040.35492396  -3490.07691903   4772.15264227  -3429.60607896]
     [  3343.68783273    217.02974633 -20412.92269288      0.           3860.83468909   2009.31809801  -2478.75260637   3757.94361399   -693.32217541  -2794.98169865   5939.92129741  17936.99144377   1475.50167286  -2839.04181116   5208.420352     3107.94923799]
     [  2144.83504514   1030.49130892  -3264.01445419  -3860.83468909      0.          25445.47524037  -6854.00511703  -7108.28692309    619.49640195  -1921.7722581   -4040.35492396   1475.50167286  31709.47491138   7248.94994466  -7360.58258388   3756.02714165]
     [  -429.2745487    1764.22734985   2608.07109423  -2009.31809801 -25445.47524037      0.           4484.6162023   -4364.44621117   1957.78203613    740.20616449  -3490.07691903  -2839.04181116   7248.94994466  22132.01715659  -6870.43574441  -4888.58411067]
     [-10400.19763399  -1039.38772745  -5392.23048824   2478.75260637   6854.00511703  -4484.6162023       0.          19611.39830987   1745.68075408   8988.58115131   4772.15264227   5208.420352    -7360.58258388  -6870.43574441  24309.12953571   5395.62339528]
     [ -3971.55075391  -7319.34420094  -5033.61719628  -3757.94361399   7108.28692309   4364.44621117 -19611.39830987      0.          -7719.15399383   1406.5929681   -3429.60607896   3107.94923799   3756.02714165  -4888.58411067   5395.62339528  17082.9549801 ]]
    eigvals of hessian_by_M_M: [1.12364221e+01 1.12364221e+01 1.92785526e+01 1.92785526e+01 3.11134265e+01 3.11134265e+01 4.45604633e+01 4.45604633e+01 1.18313824e+04 1.18313824e+04 3.84549850e+04 3.84549850e+04 4.70263562e+04 4.70263562e+04 7.42687127e+04 7.42687127e+04]
SNAG:
    iter_times, elapsed_time, sqdiff: 300, 0.6416130065917969, 3.497279367399864
    MSN: Tensor(
        [[ 0.16225257+1.300925j    0.43401558+1.66115322j -1.48742211+0.49890302j  0.40717908+0.927821j  ]
         [ 0.43130563+1.12491728j  0.77322568+0.68854333j -0.35131745-0.80705776j  0.86084793-0.22530923j]
         [-0.56995902-0.01764674j -0.44213791-0.07536521j  0.75329133-0.66469933j  0.0496884 +0.01786644j]
         [-0.33998554-0.60565038j -0.75360381-0.91998969j  0.37692104-1.22817545j -0.60216344-0.71993305j]]
        labels=['kl', 'kr'],
        shape=(4, 4),
    )
    grad_by_M: [[-2.11497486e-14]
     [ 1.24344979e-14]
     [ 6.05071548e-15]
     [-1.22124533e-15]
     [ 9.99200722e-15]
     [-1.13797860e-14]
     [-1.55431223e-14]
     [ 1.02695630e-14]
     [ 3.01980663e-14]
     [ 4.85722573e-16]
     [-1.88737914e-14]
     [-7.84095011e-16]
     [ 4.21884749e-15]
     [-8.04911693e-15]
     [ 2.57294186e-14]
     [-2.52575738e-15]]
    hessian_by_M_M: [[ 29.50418188  -5.74174841  -4.27219255   1.38388288   4.94177251   3.2299544    0.67762935  -2.88668034   0.         -10.19605359   0.30155883   1.00232898   7.91338841  -3.07576878 -12.65061332   4.49847077]
     [ -5.74174841   6.00221695   1.68699312  -0.67951382  -4.19822655   0.44002104   2.37403713  -1.49571936  10.19605359   0.          -1.19165681  -0.24617967   1.35137827   1.49007587   1.17198264  -1.36495077]
     [ -4.27219255   1.68699312  36.20553662  -6.34995282  -4.38636827  -0.39222084   5.04041053  -3.47826042  -0.30155883   1.19165681   0.          -9.82566933  -2.80169671   1.95044832  -5.90381585  -0.53652588]
     [  1.38388288  -0.67951382  -6.34995282   5.27634169   2.52429097  -0.29147527  -1.23363072   1.56877905  -1.00232898   0.24617967   9.82566933   0.           0.74434186  -1.43318299   3.9680616   -0.56386949]
     [  4.94177251  -4.19822655  -4.38636827   2.52429097  42.37599782  -9.08670144  -7.36372745   6.09842782  -7.91338841  -1.35137827   2.80169671  -0.74434186   0.         -12.14704397   6.74648924  -0.63116197]
     [  3.2299544    0.44002104  -0.39222084  -0.29147527  -9.08670144   7.09471822  -0.20179183  -1.73483429   3.07576878  -1.49007587  -1.95044832   1.43318299  12.14704397   0.          -5.40926907   2.60266408]
     [  0.67762935   2.37403713   5.04041053  -1.23363072  -7.36372745  -0.20179183  36.73372415  -6.82810916  12.65061332  -1.17198264   5.90381585  -3.9680616   -6.74648924   5.40926907   0.         -12.10981171]
     [ -2.88668034  -1.49571936  -3.47826042   1.56877905   6.09842782  -1.73483429  -6.82810916   6.94006156  -4.49847077   1.36495077   0.53652588   0.56386949   0.63116197  -2.60266408  12.10981171   0.        ]
     [  0.          10.19605359  -0.30155883  -1.00232898  -7.91338841   3.07576878  12.65061332  -4.49847077  29.50418188  -5.74174841  -4.27219255   1.38388288   4.94177251   3.2299544    0.67762935  -2.88668034]
     [-10.19605359   0.           1.19165681   0.24617967  -1.35137827  -1.49007587  -1.17198264   1.36495077  -5.74174841   6.00221695   1.68699312  -0.67951382  -4.19822655   0.44002104   2.37403713  -1.49571936]
     [  0.30155883  -1.19165681   0.           9.82566933   2.80169671  -1.95044832   5.90381585   0.53652588  -4.27219255   1.68699312  36.20553662  -6.34995282  -4.38636827  -0.39222084   5.04041053  -3.47826042]
     [  1.00232898  -0.24617967  -9.82566933   0.          -0.74434186   1.43318299  -3.9680616    0.56386949   1.38388288  -0.67951382  -6.34995282   5.27634169   2.52429097  -0.29147527  -1.23363072   1.56877905]
     [  7.91338841   1.35137827  -2.80169671   0.74434186   0.          12.14704397  -6.74648924   0.63116197   4.94177251  -4.19822655  -4.38636827   2.52429097  42.37599782  -9.08670144  -7.36372745   6.09842782]
     [ -3.07576878   1.49007587   1.95044832  -1.43318299 -12.14704397   0.           5.40926907  -2.60266408   3.2299544    0.44002104  -0.39222084  -0.29147527  -9.08670144   7.09471822  -0.20179183  -1.73483429]
     [-12.65061332   1.17198264  -5.90381585   3.9680616    6.74648924  -5.40926907   0.          12.10981171   0.67762935   2.37403713   5.04041053  -1.23363072  -7.36372745  -0.20179183  36.73372415  -6.82810916]
     [  4.49847077  -1.36495077  -0.53652588  -0.56386949  -0.63116197   2.60266408 -12.10981171   0.          -2.88668034  -1.49571936  -3.47826042   1.56877905   6.09842782  -1.73483429  -6.82810916   6.94006156]]
    eigvals of hessian_by_M_M: [ 0.3304965   0.3304965   0.79267763  0.79267763  1.20839119  1.20839119  1.96008131  1.96008131 18.06589675 18.06589675 34.8496469  34.8496469  44.44934245 44.44934245 68.47624616 68.47624616]
SSpiral(8):
    iter_times, elapsed_time, sqdiff: 300, 0.9566969871520996, 2.2377517866784338
    MSN: Tensor(
        [[ 0.52286579-0.21788357j  1.12399081+1.04521625j -0.0051674 +0.80238258j  0.88163087+1.0956587j ]
         [ 1.03740846+0.2271324j   0.55199123+0.01455432j  0.42607205+0.45103748j  0.60204157+0.07418j   ]
         [-1.09055762-1.37500487j  1.03221479+0.29592996j -0.02822168+0.02355868j  0.72542144+0.37788796j]
         [ 0.57978991+0.40811359j -0.50859714-0.09600519j  0.0346528 -0.07405156j -0.37562214-0.16653159j]]
        labels=['kl', 'kr'],
        shape=(4, 4),
    )
    grad_by_M: [[ 5.85642645e-15]
     [-5.78703752e-15]
     [ 1.35724765e-14]
     [-2.18644547e-14]
     [-7.78543896e-15]
     [-1.80281137e-15]
     [-1.13520304e-14]
     [-3.57075480e-14]
     [-3.47638585e-15]
     [-2.48134846e-14]
     [ 1.01030295e-14]
     [-1.92623695e-14]
     [ 2.23432384e-14]
     [-3.45556916e-15]
     [ 1.06303855e-14]
     [-5.71764858e-15]]
    hessian_by_M_M: [[ 28.03316732  -7.44641249  -3.37174953   2.74523054   1.61494324  -2.43741972   4.63483847   2.75558434   0.           2.14164569  -0.7713982    2.49678163   5.17474583   3.63065732 -16.04653929   9.74902415]
     [ -7.44641249  49.13542568  -1.47997468   7.91747925 -10.01952759   5.02814441  -0.33880194   3.35113315  -2.14164569   0.           3.77332119  -2.62129431 -12.87378173   2.02039691   3.929596   -29.71012944]
     [ -3.37174953  -1.47997468  39.21744813  -6.94664976  -1.61458941  -8.27323804   5.17620571  -9.30285078   0.7713982   -3.77332119   0.          -0.86819653   3.10374672  -2.44684965  -1.61435626   3.42508126]
     [  2.74523054   7.91747925  -6.94664976  49.11980728 -10.60611523  13.45480355 -14.96625686   6.17983911  -2.49678163   2.62129431   0.86819653   0.         -11.4484423  -14.30046764 -10.65124717 -15.50172948]
     [  1.61494324 -10.01952759  -1.61458941 -10.60611523  42.8615777  -13.32088538  -2.07107597  -6.54338087  -5.17474583  12.87378173  -3.10374672  11.4484423    0.          14.17125218   1.13342696   5.26956367]
     [ -2.43741972   5.02814441  -8.27323804  13.45480355 -13.32088538  43.93653983  -0.08866403  12.9061712   -3.63065732  -2.02039691   2.44684965  14.30046764 -14.17125218   0.         -11.55216578  -3.83580158]
     [  4.63483847  -0.33880194   5.17620571 -14.96625686  -2.07107597  -0.08866403  36.13124235  -9.00990305  16.04653929  -3.929596     1.61435626  10.65124717  -1.13342696  11.55216578   0.           8.01078441]
     [  2.75558434   3.35113315  -9.30285078   6.17983911  -6.54338087  12.9061712   -9.00990305  58.39136532  -9.74902415  29.71012944  -3.42508126  15.50172948  -5.26956367   3.83580158  -8.01078441   0.        ]
     [  0.          -2.14164569   0.7713982   -2.49678163  -5.17474583  -3.63065732  16.04653929  -9.74902415  28.03316732  -7.44641249  -3.37174953   2.74523054   1.61494324  -2.43741972   4.63483847   2.75558434]
     [  2.14164569   0.          -3.77332119   2.62129431  12.87378173  -2.02039691  -3.929596    29.71012944  -7.44641249  49.13542568  -1.47997468   7.91747925 -10.01952759   5.02814441  -0.33880194   3.35113315]
     [ -0.7713982    3.77332119   0.           0.86819653  -3.10374672   2.44684965   1.61435626  -3.42508126  -3.37174953  -1.47997468  39.21744813  -6.94664976  -1.61458941  -8.27323804   5.17620571  -9.30285078]
     [  2.49678163  -2.62129431  -0.86819653   0.          11.4484423   14.30046764  10.65124717  15.50172948   2.74523054   7.91747925  -6.94664976  49.11980728 -10.60611523  13.45480355 -14.96625686   6.17983911]
     [  5.17474583 -12.87378173   3.10374672 -11.4484423    0.         -14.17125218  -1.13342696  -5.26956367   1.61494324 -10.01952759  -1.61458941 -10.60611523  42.8615777  -13.32088538  -2.07107597  -6.54338087]
     [  3.63065732   2.02039691  -2.44684965 -14.30046764  14.17125218   0.          11.55216578   3.83580158  -2.43741972   5.02814441  -8.27323804  13.45480355 -13.32088538  43.93653983  -0.08866403  12.9061712 ]
     [-16.04653929   3.929596    -1.61435626 -10.65124717   1.13342696 -11.55216578   0.          -8.01078441   4.63483847  -0.33880194   5.17620571 -14.96625686  -2.07107597  -0.08866403  36.13124235  -9.00990305]
     [  9.74902415 -29.71012944   3.42508126 -15.50172948   5.26956367  -3.83580158   8.01078441   0.           2.75558434   3.35113315  -9.30285078   6.17983911  -6.54338087  12.9061712   -9.00990305  58.39136532]]
