b=4, chi=2, seed=846, 
NOR:
    iter_times, elapsed_time, sqdiff: 300, 0.4547889232635498, 1.3495735637144337
    MSN: Tensor(
        [[-0.7063303 +0.11133118j  0.06497784-1.14960899j  0.82237286+0.49587726j  0.6619989 +0.89378063j]
         [-0.32470631+0.5229742j   0.20655243-0.48811744j -0.56997957-0.34173466j  0.2602966 +0.00487317j]
         [-0.68884202+0.77997341j  0.12813354-1.16660529j -0.25817732-0.22128473j  0.72949464+0.35308863j]
         [-0.11121338-0.73193187j  0.50576136-0.29344785j  0.53861221+1.22244301j -0.39297345+0.89004887j]]
        labels=['kl', 'kr'],
        shape=(4, 4),
    )
    grad_by_M: [ 1.56541446e-14 -1.00613962e-15  7.71605002e-15  1.28091981e-14  2.58126853e-15  1.83186799e-15  5.82173199e-15  1.75207071e-15  2.33146835e-15  8.85402862e-15  3.33066907e-16 -4.63518113e-15 -8.77076189e-15 -1.11022302e-15 -2.33146835e-15 -3.92047506e-15]
    hessian_by_M_M: [[117.6043084   14.49571195  14.35136562 -18.55711637   0.2257265  -13.83522204   8.27893678   8.4061417    0.          -8.89464855  -6.20794947 -10.6564327   -0.82942851   3.17091691 -23.16400527  -7.63974923]
     [ 14.49571195  39.4540692  -12.2745361  -15.96986757   3.74744425  -3.57022905  -1.32792895   5.18931928   8.89464855   0.           5.09607105  -4.66089785   3.68210735 -13.13909371   2.03453574   4.95499413]
     [ 14.35136562 -12.2745361   51.0680732   17.17921375   3.24537103  -8.67855549  10.3278927    2.38039824   6.20794947  -5.09607105   0.          -4.07184276 -14.71100678   9.72144927   2.16178612   0.39573742]
     [-18.55711637 -15.96986757  17.17921375  43.773424     3.03508015   2.03637375  -1.88590171  -7.29008396  10.6564327    4.66089785   4.07184276   0.          -3.95200032   7.05373229  -5.38601487  -1.89606731]
     [  0.2257265    3.74744425   3.24537103   3.03508015  67.50147949   3.74902567  -6.5240194   -0.94454388   0.82942851  -3.68210735  14.71100678   3.95200032   0.         -15.25553506   1.16237268   6.61995679]
     [-13.83522204  -3.57022905  -8.67855549   2.03637375   3.74902567  30.89492102   4.01106821  -0.91864738  -3.17091691  13.13909371  -9.72144927  -7.05373229  15.25553506   0.          -2.2847262   -0.25804378]
     [  8.27893678  -1.32792895  10.3278927   -1.88590171  -6.5240194    4.01106821  42.90688844  14.14465721  23.16400527  -2.03453574  -2.16178612   5.38601487  -1.16237268   2.2847262    0.          -1.98978799]
     [  8.4061417    5.18931928   2.38039824  -7.29008396  -0.94454388  -0.91864738  14.14465721  30.28634401   7.63974923  -4.95499413  -0.39573742   1.89606731  -6.61995679   0.25804378   1.98978799   0.        ]
     [  0.           8.89464855   6.20794947  10.6564327    0.82942851  -3.17091691  23.16400527   7.63974923 117.6043084   14.49571195  14.35136562 -18.55711637   0.2257265  -13.83522204   8.27893678   8.4061417 ]
     [ -8.89464855   0.          -5.09607105   4.66089785  -3.68210735  13.13909371  -2.03453574  -4.95499413  14.49571195  39.4540692  -12.2745361  -15.96986757   3.74744425  -3.57022905  -1.32792895   5.18931928]
     [ -6.20794947   5.09607105   0.           4.07184276  14.71100678  -9.72144927  -2.16178612  -0.39573742  14.35136562 -12.2745361   51.0680732   17.17921375   3.24537103  -8.67855549  10.3278927    2.38039824]
     [-10.6564327   -4.66089785  -4.07184276   0.           3.95200032  -7.05373229   5.38601487   1.89606731 -18.55711637 -15.96986757  17.17921375  43.773424     3.03508015   2.03637375  -1.88590171  -7.29008396]
     [ -0.82942851   3.68210735 -14.71100678  -3.95200032   0.          15.25553506  -1.16237268  -6.61995679   0.2257265    3.74744425   3.24537103   3.03508015  67.50147949   3.74902567  -6.5240194   -0.94454388]
     [  3.17091691 -13.13909371   9.72144927   7.05373229 -15.25553506   0.           2.2847262    0.25804378 -13.83522204  -3.57022905  -8.67855549   2.03637375   3.74902567  30.89492102   4.01106821  -0.91864738]
     [-23.16400527   2.03453574   2.16178612  -5.38601487   1.16237268  -2.2847262    0.           1.98978799   8.27893678  -1.32792895  10.3278927   -1.88590171  -6.5240194    4.01106821  42.90688844  14.14465721]
     [ -7.63974923   4.95499413   0.39573742  -1.89606731   6.61995679  -0.25804378  -1.98978799   0.           8.4061417    5.18931928   2.38039824  -7.29008396  -0.94454388  -0.91864738  14.14465721  30.28634401]]
    hessian: [[117.6043084   14.49571195  14.35136562 ...  11.88583227  21.95218829  28.53144042]
     [ 14.49571195  39.4540692  -12.2745361  ...  23.96353377   6.97726511   0.56536707]
     [ 14.35136562 -12.2745361   51.0680732  ...  -5.72390887   8.72044547   0.58794445]
     ...
     [ 11.88583227  23.96353377  -5.72390887 ...  42.90660952   7.8461829    7.65522502]
     [ 21.95218829   6.97726511   8.72044547 ...   7.8461829   60.10822927  14.44719188]
     [ 28.53144042   0.56536707   0.58794445 ...   7.65522502  14.44719188  36.96724927]]
    eigvals of hessian_by_M_M: [ 10.41583433  10.41583433  16.93581266  16.93581266  21.0217434   21.0217434   24.96473933  24.96473933  48.71014507  48.71014507  69.59495987  69.59495987  93.09818772  93.09818772 138.74808537 138.74808537]
WCOR:
    iter_times, elapsed_time, sqdiff: 300, 0.5409600734710693, 1.3495735637144328
    MSN: Tensor(
        [[-0.7063303 +0.11133118j  0.06497784-1.14960899j  0.82237286+0.49587726j  0.6619989 +0.89378063j]
         [-0.32470631+0.5229742j   0.20655243-0.48811744j -0.56997957-0.34173466j  0.2602966 +0.00487317j]
         [-0.68884202+0.77997341j  0.12813354-1.16660529j -0.25817732-0.22128473j  0.72949464+0.35308863j]
         [-0.11121338-0.73193187j  0.50576136-0.29344785j  0.53861221+1.22244301j -0.39297345+0.89004887j]]
        labels=['kl', 'kr'],
        shape=(4, 4),
    )
    grad_by_M: [ 1.18377530e-14 -5.05845366e-15  1.49324997e-14  3.76920717e-14 -1.36279876e-14 -4.30211422e-15 -6.93889390e-15 -3.03750081e-15 -4.43534098e-14  4.31599201e-15  1.62092562e-14  3.33344463e-14  3.77475828e-15  1.50712776e-14  2.30926389e-14  1.47104551e-14]
    hessian_by_M_M: [[ 1.16230764e+02  2.80117759e+01  1.41565293e+01 -1.69293077e+01 -7.66796059e-02 -1.32762033e+01  9.10807266e+00  8.44324699e+00  0.00000000e+00 -1.26606126e+01 -6.75787791e+00 -6.61310218e+00 -2.27842874e+00  4.51988143e+00 -2.15938931e+01 -1.12193673e+01]
     [ 2.80117759e+01  3.93475516e+01 -9.78079397e+00 -1.76682722e+01  3.95983679e+00 -4.31686340e+00 -7.55960711e-01  5.27957625e+00  1.26606126e+01  0.00000000e+00  4.84305896e-01 -4.67915665e+00  3.00171090e+00 -1.02061835e+01 -7.42174616e-01  3.01487753e+00]
     [ 1.41565293e+01 -9.78079397e+00  5.14164830e+01  2.25226111e+01  1.75812017e+00 -5.54760091e+00  9.39167343e+00  3.15480040e+00  6.75787791e+00 -4.84305896e-01  0.00000000e+00 -9.47871210e+00 -1.49883154e+01  7.89792378e+00  2.29527946e+00  1.01529765e+00]
     [-1.69293077e+01 -1.76682722e+01  2.25226111e+01  4.28163934e+01  2.81994963e+00  1.45261682e+00  3.34627855e-01 -5.96342893e+00  6.61310218e+00  4.67915665e+00  9.47871210e+00  0.00000000e+00 -4.87763887e+00  6.82557579e+00 -5.54577795e+00 -2.30291364e+00]
     [-7.66796059e-02  3.95983679e+00  1.75812017e+00  2.81994963e+00  6.83192622e+01  1.09324818e+01 -6.99926367e+00 -9.39027185e-01  2.27842874e+00 -3.00171090e+00  1.49883154e+01  4.87763887e+00  0.00000000e+00 -1.65343521e+01  8.08910697e-01  6.24375952e+00]
     [-1.32762033e+01 -4.31686340e+00 -5.54760091e+00  1.45261682e+00  1.09324818e+01  2.81959354e+01  3.01129816e+00 -3.42472931e-01 -4.51988143e+00  1.02061835e+01 -7.89792378e+00 -6.82557579e+00  1.65343521e+01  0.00000000e+00 -1.45511715e+00  4.26610524e-01]
     [ 9.10807266e+00 -7.55960711e-01  9.39167343e+00  3.34627855e-01 -6.99926367e+00  3.01129816e+00  4.28673030e+01  1.87055016e+01  2.15938931e+01  7.42174616e-01 -2.29527946e+00  5.54577795e+00 -8.08910697e-01  1.45511715e+00  0.00000000e+00 -6.06508697e+00]
     [ 8.44324699e+00  5.27957625e+00  3.15480040e+00 -5.96342893e+00 -9.39027185e-01 -3.42472931e-01  1.87055016e+01  3.03326979e+01  1.12193673e+01 -3.01487753e+00 -1.01529765e+00  2.30291364e+00 -6.24375952e+00 -4.26610524e-01  6.06508697e+00  0.00000000e+00]
     [ 0.00000000e+00  1.26606126e+01  6.75787791e+00  6.61310218e+00  2.27842874e+00 -4.51988143e+00  2.15938931e+01  1.12193673e+01  1.16230764e+02  2.80117759e+01  1.41565293e+01 -1.69293077e+01 -7.66796059e-02 -1.32762033e+01  9.10807266e+00  8.44324699e+00]
     [-1.26606126e+01  0.00000000e+00 -4.84305896e-01  4.67915665e+00 -3.00171090e+00  1.02061835e+01  7.42174616e-01 -3.01487753e+00  2.80117759e+01  3.93475516e+01 -9.78079397e+00 -1.76682722e+01  3.95983679e+00 -4.31686340e+00 -7.55960711e-01  5.27957625e+00]
     [-6.75787791e+00  4.84305896e-01  0.00000000e+00  9.47871210e+00  1.49883154e+01 -7.89792378e+00 -2.29527946e+00 -1.01529765e+00  1.41565293e+01 -9.78079397e+00  5.14164830e+01  2.25226111e+01  1.75812017e+00 -5.54760091e+00  9.39167343e+00  3.15480040e+00]
     [-6.61310218e+00 -4.67915665e+00 -9.47871210e+00  0.00000000e+00  4.87763887e+00 -6.82557579e+00  5.54577795e+00  2.30291364e+00 -1.69293077e+01 -1.76682722e+01  2.25226111e+01  4.28163934e+01  2.81994963e+00  1.45261682e+00  3.34627855e-01 -5.96342893e+00]
     [-2.27842874e+00  3.00171090e+00 -1.49883154e+01 -4.87763887e+00  0.00000000e+00  1.65343521e+01 -8.08910697e-01 -6.24375952e+00 -7.66796059e-02  3.95983679e+00  1.75812017e+00  2.81994963e+00  6.83192622e+01  1.09324818e+01 -6.99926367e+00 -9.39027185e-01]
     [ 4.51988143e+00 -1.02061835e+01  7.89792378e+00  6.82557579e+00 -1.65343521e+01  0.00000000e+00  1.45511715e+00 -4.26610524e-01 -1.32762033e+01 -4.31686340e+00 -5.54760091e+00  1.45261682e+00  1.09324818e+01  2.81959354e+01  3.01129816e+00 -3.42472931e-01]
     [-2.15938931e+01 -7.42174616e-01  2.29527946e+00 -5.54577795e+00  8.08910697e-01 -1.45511715e+00  0.00000000e+00  6.06508697e+00  9.10807266e+00 -7.55960711e-01  9.39167343e+00  3.34627855e-01 -6.99926367e+00  3.01129816e+00  4.28673030e+01  1.87055016e+01]
     [-1.12193673e+01  3.01487753e+00  1.01529765e+00 -2.30291364e+00  6.24375952e+00  4.26610524e-01 -6.06508697e+00  0.00000000e+00  8.44324699e+00  5.27957625e+00  3.15480040e+00 -5.96342893e+00 -9.39027185e-01 -3.42472931e-01  1.87055016e+01  3.03326979e+01]]
    hessian: [[ 1.16230764e+02  2.80117759e+01  1.41565293e+01 ...  1.00610315e+01  1.82188801e+01  2.91927576e+01]
     [ 2.80117759e+01  3.93475516e+01 -9.78079397e+00 ...  2.35870165e+01  9.13840379e+00  3.72851182e+00]
     [ 1.41565293e+01 -9.78079397e+00  5.14164830e+01 ... -8.55037752e+00  8.42174265e+00  4.85258435e-02]
     ...
     [ 1.00610315e+01  2.35870165e+01 -8.55037752e+00 ...  4.87455428e+01  6.19246433e+00  6.65151107e+00]
     [ 1.82188801e+01  9.13840379e+00  8.42174265e+00 ...  6.19246433e+00  5.87786375e+01  9.83358438e+00]
     [ 2.91927576e+01  3.72851182e+00  4.85258435e-02 ...  6.65151107e+00  9.83358438e+00  4.39379101e+01]]
    eigvals of hessian_by_M_M: [  8.48868099   8.48868099  13.45262442  13.45262442  16.37265701  16.37265701  21.15484974  21.15484974  51.5665267   51.5665267   72.10804031  72.10804031  92.9922621   92.9922621  143.3907496  143.3907496 ]
WROR:
    iter_times, elapsed_time, sqdiff: 300, 0.6653549671173096, 1.3495735637144337
    MSN: Tensor(
        [[-0.7063303 +0.11133118j  0.06497784-1.14960899j  0.82237286+0.49587726j  0.6619989 +0.89378063j]
         [-0.32470631+0.5229742j   0.20655243-0.48811744j -0.56997957-0.34173466j  0.2602966 +0.00487317j]
         [-0.68884202+0.77997341j  0.12813354-1.16660529j -0.25817732-0.22128473j  0.72949464+0.35308863j]
         [-0.11121338-0.73193187j  0.50576136-0.29344785j  0.53861221+1.22244301j -0.39297345+0.89004887j]]
        labels=['kl', 'kr'],
        shape=(4, 4),
    )
    grad_by_M: [ 1.22818422e-14 -1.52239332e-14  1.10800258e-13  3.08642001e-14 -2.09832152e-14  8.52096171e-15  6.65544009e-14  4.78735974e-14 -4.86832796e-14  6.05071548e-15 -2.32036612e-14  2.27040609e-14  1.76525461e-14  2.00395256e-14  1.10161880e-13  4.50160742e-14]
    hessian_by_M_M: [[ 1.42003479e+02  7.22799161e+01  8.16122614e+00 -1.24776937e+01 -2.92333569e+00 -1.04412542e+01  1.36053814e+01  6.50829691e+00  0.00000000e+00 -3.27952492e+01 -1.01486800e+01 -3.84255428e-01 -4.51376426e+00  5.38393890e+00 -2.34056239e+01 -2.03751035e+01]
     [ 7.22799161e+01  5.68946624e+01 -3.11465719e+00 -1.62937760e+01  2.09659071e+00 -5.20342592e+00  6.46136377e+00  6.21117480e+00  3.27952492e+01  0.00000000e+00 -9.87876006e+00 -5.21109220e+00 -4.68886720e-01 -2.96551004e+00 -7.79357789e+00 -5.91859382e+00]
     [ 8.16122614e+00 -3.11465719e+00  7.11473590e+01  4.24963443e+01 -9.67478220e-01 -9.24313228e-01  8.92525882e+00  4.94632622e+00  1.01486800e+01  9.87876006e+00  0.00000000e+00 -2.52588207e+01 -1.57850713e+01  9.20133499e-01  1.62019282e+00  5.66215908e-01]
     [-1.24776937e+01 -1.62937760e+01  4.24963443e+01  4.54084920e+01  2.82755349e+00  1.05514286e+00  5.27230904e+00 -4.64627263e-01  3.84255428e-01  5.21109220e+00  2.52588207e+01  0.00000000e+00 -7.50430100e+00  2.88329664e+00 -3.42516726e+00 -2.47715213e+00]
     [-2.92333569e+00  2.09659071e+00 -9.67478220e-01  2.82755349e+00  8.45067521e+01  3.69681899e+01 -8.18681817e+00 -1.64948396e+00  4.51376426e+00  4.68886720e-01  1.57850713e+01  7.50430100e+00  0.00000000e+00 -2.41321545e+01  1.31026790e+00  5.30769133e+00]
     [-1.04412542e+01 -5.20342592e+00 -9.24313228e-01  1.05514286e+00  3.69681899e+01  3.19615966e+01 -1.04639999e+00 -2.61184820e-01 -5.38393890e+00  2.96551004e+00 -9.20133499e-01 -2.88329664e+00  2.41321545e+01  0.00000000e+00  3.93390119e-02  2.04803420e+00]
     [ 1.36053814e+01  6.46136377e+00  8.92525882e+00  5.27230904e+00 -8.18681817e+00 -1.04639999e+00  5.81765328e+01  3.50635808e+01  2.34056239e+01  7.79357789e+00 -1.62019282e+00  3.42516726e+00 -1.31026790e+00 -3.93390119e-02  0.00000000e+00 -1.88576401e+01]
     [ 6.50829691e+00  6.21117480e+00  4.94632622e+00 -4.64627263e-01 -1.64948396e+00 -2.61184820e-01  3.50635808e+01  3.49467112e+01  2.03751035e+01  5.91859382e+00 -5.66215908e-01  2.47715213e+00 -5.30769133e+00 -2.04803420e+00  1.88576401e+01  0.00000000e+00]
     [ 0.00000000e+00  3.27952492e+01  1.01486800e+01  3.84255428e-01  4.51376426e+00 -5.38393890e+00  2.34056239e+01  2.03751035e+01  1.42003479e+02  7.22799161e+01  8.16122614e+00 -1.24776937e+01 -2.92333569e+00 -1.04412542e+01  1.36053814e+01  6.50829691e+00]
     [-3.27952492e+01  0.00000000e+00  9.87876006e+00  5.21109220e+00  4.68886720e-01  2.96551004e+00  7.79357789e+00  5.91859382e+00  7.22799161e+01  5.68946624e+01 -3.11465719e+00 -1.62937760e+01  2.09659071e+00 -5.20342592e+00  6.46136377e+00  6.21117480e+00]
     [-1.01486800e+01 -9.87876006e+00  0.00000000e+00  2.52588207e+01  1.57850713e+01 -9.20133499e-01 -1.62019282e+00 -5.66215908e-01  8.16122614e+00 -3.11465719e+00  7.11473590e+01  4.24963443e+01 -9.67478220e-01 -9.24313228e-01  8.92525882e+00  4.94632622e+00]
     [-3.84255428e-01 -5.21109220e+00 -2.52588207e+01  0.00000000e+00  7.50430100e+00 -2.88329664e+00  3.42516726e+00  2.47715213e+00 -1.24776937e+01 -1.62937760e+01  4.24963443e+01  4.54084920e+01  2.82755349e+00  1.05514286e+00  5.27230904e+00 -4.64627263e-01]
     [-4.51376426e+00 -4.68886720e-01 -1.57850713e+01 -7.50430100e+00  0.00000000e+00  2.41321545e+01 -1.31026790e+00 -5.30769133e+00 -2.92333569e+00  2.09659071e+00 -9.67478220e-01  2.82755349e+00  8.45067521e+01  3.69681899e+01 -8.18681817e+00 -1.64948396e+00]
     [ 5.38393890e+00 -2.96551004e+00  9.20133499e-01  2.88329664e+00 -2.41321545e+01  0.00000000e+00 -3.93390119e-02 -2.04803420e+00 -1.04412542e+01 -5.20342592e+00 -9.24313228e-01  1.05514286e+00  3.69681899e+01  3.19615966e+01 -1.04639999e+00 -2.61184820e-01]
     [-2.34056239e+01 -7.79357789e+00  1.62019282e+00 -3.42516726e+00  1.31026790e+00  3.93390119e-02  0.00000000e+00  1.88576401e+01  1.36053814e+01  6.46136377e+00  8.92525882e+00  5.27230904e+00 -8.18681817e+00 -1.04639999e+00  5.81765328e+01  3.50635808e+01]
     [-2.03751035e+01 -5.91859382e+00  5.66215908e-01 -2.47715213e+00  5.30769133e+00  2.04803420e+00 -1.88576401e+01  0.00000000e+00  6.50829691e+00  6.21117480e+00  4.94632622e+00 -4.64627263e-01 -1.64948396e+00 -2.61184820e-01  3.50635808e+01  3.49467112e+01]]
    hessian: [[142.00347858  72.27991608   8.16122614 ...   5.66991655   3.23966623  35.21025831]
     [ 72.27991608  56.89466238  -3.11465719 ...  16.1877719    8.21127922  12.78714499]
     [  8.16122614  -3.11465719  71.14735901 ... -21.34196896  10.0380999   -6.67474457]
     ...
     [  5.66991655  16.1877719  -21.34196896 ... 108.59808192  -1.05475461   9.39115687]
     [  3.23966623   8.21127922  10.0380999  ...  -1.05475461  68.65149489 -30.23489118]
     [ 35.21025831  12.78714499  -6.67474457 ...   9.39115687 -30.23489118 102.3314427 ]]
    eigvals of hessian_by_M_M: [  3.03362289   3.03362289   4.6096179    4.6096179    5.34632275   5.34632275   8.06214303   8.06214303  73.67500608  73.67500608 100.60008761 100.60008761 122.51314621 122.51314621 207.20563833 207.20563833]
IWROR:
    iter_times, elapsed_time, sqdiff: 300, 0.43683910369873047, 1.349573563714434
    MSN: Tensor(
        [[-0.7063303 +0.11133118j  0.06497784-1.14960899j  0.82237286+0.49587726j  0.6619989 +0.89378063j]
         [-0.32470631+0.5229742j   0.20655243-0.48811744j -0.56997957-0.34173466j  0.2602966 +0.00487317j]
         [-0.68884202+0.77997341j  0.12813354-1.16660529j -0.25817732-0.22128473j  0.72949464+0.35308863j]
         [-0.11121338-0.73193187j  0.50576136-0.29344785j  0.53861221+1.22244301j -0.39297345+0.89004887j]]
        labels=['kl', 'kr'],
        shape=(4, 4),
    )
    grad_by_M: [-4.11060075e-14 -2.02754480e-14  4.50195436e-14  1.08163478e-13 -6.15896223e-14 -5.38458167e-15 -7.22824578e-14  3.30677326e-14 -8.49320614e-15  1.41553436e-14  1.15019105e-13  9.04831765e-15  3.04201109e-14  6.55864252e-14  1.19251831e-13  5.39152056e-14]
    hessian_by_M_M: [[ 1.41197363e+02  7.53790736e+01  6.76376676e+00 -1.27010051e+01 -3.27285426e+00 -1.05790651e+01  1.37662253e+01  6.90029857e+00  0.00000000e+00 -3.29345424e+01 -1.02876393e+01 -2.94902184e-01 -4.63364375e+00  5.05526704e+00 -2.29435719e+01 -2.05546420e+01]
     [ 7.53790736e+01  5.97553556e+01 -3.36547960e+00 -1.65723648e+01  1.91353642e+00 -5.36401038e+00  6.86527024e+00  6.47170764e+00  3.29345424e+01  0.00000000e+00 -1.05815821e+01 -5.41581083e+00 -9.06671686e-01 -2.87421596e+00 -8.06216935e+00 -6.47441431e+00]
     [ 6.76376676e+00 -3.36547960e+00  7.19192161e+01  4.45907671e+01 -1.20175562e+00 -7.88282399e-01  8.55897985e+00  4.83781228e+00  1.02876393e+01  1.05815821e+01  0.00000000e+00 -2.56550096e+01 -1.52271961e+01  6.12290447e-01  1.41741970e+00  6.02349425e-01]
     [-1.27010051e+01 -1.65723648e+01  4.45907671e+01  4.70693857e+01  2.49773850e+00  1.08264263e+00  5.30976183e+00 -2.60525186e-01  2.94902184e-01  5.41581083e+00  2.56550096e+01  0.00000000e+00 -7.49592208e+00  2.73631406e+00 -3.48174709e+00 -2.52805914e+00]
     [-3.27285426e+00  1.91353642e+00 -1.20175562e+00  2.49773850e+00  8.40327053e+01  3.90237111e+01 -8.01910441e+00 -1.78059550e+00  4.63364375e+00  9.06671686e-01  1.52271961e+01  7.49592208e+00  0.00000000e+00 -2.41012185e+01  1.38106007e+00  5.22240298e+00]
     [-1.05790651e+01 -5.36401038e+00 -7.88282399e-01  1.08264263e+00  3.90237111e+01  3.34362333e+01 -1.27354198e+00 -3.22165389e-01 -5.05526704e+00  2.87421596e+00 -6.12290447e-01 -2.73631406e+00  2.41012185e+01  0.00000000e+00  1.37220689e-01  2.14968601e+00]
     [ 1.37662253e+01  6.86527024e+00  8.55897985e+00  5.30976183e+00 -8.01910441e+00 -1.27354198e+00  5.86707628e+01  3.66593731e+01  2.29435719e+01  8.06216935e+00 -1.41741970e+00  3.48174709e+00 -1.38106007e+00 -1.37220689e-01  0.00000000e+00 -1.91393231e+01]
     [ 6.90029857e+00  6.47170764e+00  4.83781228e+00 -2.60525186e-01 -1.78059550e+00 -3.22165389e-01  3.66593731e+01  3.63189967e+01  2.05546420e+01  6.47441431e+00 -6.02349425e-01  2.52805914e+00 -5.22240298e+00 -2.14968601e+00  1.91393231e+01  0.00000000e+00]
     [ 0.00000000e+00  3.29345424e+01  1.02876393e+01  2.94902184e-01  4.63364375e+00 -5.05526704e+00  2.29435719e+01  2.05546420e+01  1.41197363e+02  7.53790736e+01  6.76376676e+00 -1.27010051e+01 -3.27285426e+00 -1.05790651e+01  1.37662253e+01  6.90029857e+00]
     [-3.29345424e+01  0.00000000e+00  1.05815821e+01  5.41581083e+00  9.06671686e-01  2.87421596e+00  8.06216935e+00  6.47441431e+00  7.53790736e+01  5.97553556e+01 -3.36547960e+00 -1.65723648e+01  1.91353642e+00 -5.36401038e+00  6.86527024e+00  6.47170764e+00]
     [-1.02876393e+01 -1.05815821e+01  0.00000000e+00  2.56550096e+01  1.52271961e+01 -6.12290447e-01 -1.41741970e+00 -6.02349425e-01  6.76376676e+00 -3.36547960e+00  7.19192161e+01  4.45907671e+01 -1.20175562e+00 -7.88282399e-01  8.55897985e+00  4.83781228e+00]
     [-2.94902184e-01 -5.41581083e+00 -2.56550096e+01  0.00000000e+00  7.49592208e+00 -2.73631406e+00  3.48174709e+00  2.52805914e+00 -1.27010051e+01 -1.65723648e+01  4.45907671e+01  4.70693857e+01  2.49773850e+00  1.08264263e+00  5.30976183e+00 -2.60525186e-01]
     [-4.63364375e+00 -9.06671686e-01 -1.52271961e+01 -7.49592208e+00  0.00000000e+00  2.41012185e+01 -1.38106007e+00 -5.22240298e+00 -3.27285426e+00  1.91353642e+00 -1.20175562e+00  2.49773850e+00  8.40327053e+01  3.90237111e+01 -8.01910441e+00 -1.78059550e+00]
     [ 5.05526704e+00 -2.87421596e+00  6.12290447e-01  2.73631406e+00 -2.41012185e+01  0.00000000e+00 -1.37220689e-01 -2.14968601e+00 -1.05790651e+01 -5.36401038e+00 -7.88282399e-01  1.08264263e+00  3.90237111e+01  3.34362333e+01 -1.27354198e+00 -3.22165389e-01]
     [-2.29435719e+01 -8.06216935e+00  1.41741970e+00 -3.48174709e+00  1.38106007e+00  1.37220689e-01  0.00000000e+00  1.91393231e+01  1.37662253e+01  6.86527024e+00  8.55897985e+00  5.30976183e+00 -8.01910441e+00 -1.27354198e+00  5.86707628e+01  3.66593731e+01]
     [-2.05546420e+01 -6.47441431e+00  6.02349425e-01 -2.52805914e+00  5.22240298e+00  2.14968601e+00 -1.91393231e+01  0.00000000e+00  6.90029857e+00  6.47170764e+00  4.83781228e+00 -2.60525186e-01 -1.78059550e+00 -3.22165389e-01  3.66593731e+01  3.63189967e+01]]
    hessian: [[141.19736277  75.37907365   6.76376676 ...   3.84921701   2.8896002   34.29540307]
     [ 75.37907365  59.75535565  -3.3654796  ...  14.78892714   8.2869316   13.08401735]
     [  6.76376676  -3.3654796   71.91921605 ... -22.17040157  10.45009757  -7.62966166]
     ...
     [  3.84921701  14.78892714 -22.17040157 ... 114.70697994  -1.59712703   9.64606072]
     [  2.8896002    8.2869316   10.45009757 ...  -1.59712703  74.34768815 -36.51304311]
     [ 34.29540307  13.08401735  -7.62966166 ...   9.64606072 -36.51304311 108.14881994]]
    eigvals of hessian_by_M_M: [  2.78778707   2.78778707   4.24962135   4.24962135   4.91074395   4.91074395   7.45693464   7.45693464  75.53373033  75.53373033 103.06305407 103.06305407 124.06168865 124.06168865 210.33645818 210.33645818]
WLBOR:
    iter_times, elapsed_time, sqdiff: 300, 1.3933391571044922, 1.3495735637144335
    MSN: Tensor(
        [[-0.7063303 +0.11133117j  0.06497784-1.14960899j  0.82237286+0.49587725j  0.6619989 +0.89378063j]
         [-0.32470631+0.5229742j   0.20655243-0.48811743j -0.56997956-0.34173466j  0.2602966 +0.00487318j]
         [-0.68884201+0.77997341j  0.12813354-1.16660529j -0.25817732-0.22128473j  0.72949464+0.35308863j]
         [-0.11121338-0.73193187j  0.50576136-0.29344785j  0.53861221+1.22244301j -0.39297344+0.89004887j]]
        labels=['kl', 'kr'],
        shape=(4, 4),
    )
    grad_by_M: [-3.24279432e-09  6.62449438e-09  4.92570867e-09 -7.15238921e-09 -1.19175428e-09  2.24231121e-09 -2.46988826e-09 -6.80744238e-09 -7.30396710e-09  7.99322905e-09  4.81976337e-09  1.14835896e-08  3.08483783e-09 -1.67401923e-08  7.89618071e-09 -7.20544686e-09]
    hessian_by_M_M: [[117.89597162  14.47880095  14.36641446 -18.59776485   0.21349876 -13.87280184   8.32234505   8.43295253   0.          -8.92406546  -6.23899005 -10.63766048  -0.85534993   3.15463334 -23.19598178  -7.62287465]
     [ 14.47880095  39.38978445 -12.30205182 -15.93879693   3.77087061  -3.56000808  -1.3438561    5.17599604   8.92406546   0.           5.06747217  -4.65033709   3.65774109 -13.12490742   2.06577392   4.95061068]
     [ 14.36641446 -12.30205182  51.22502345  17.21273212   3.21770827  -8.66847937  10.33666784   2.35991054   6.23899005  -5.06747217   0.          -4.12957296 -14.75286058   9.73806762   2.16720216   0.4107064 ]
     [-18.59776485 -15.93879693  17.21273212  43.70466547   3.01615195   2.04317476  -1.90222606  -7.28133736  10.63766048   4.65033709   4.12957296   0.          -3.93298322   7.04711333  -5.40901622  -1.89231296]
     [  0.21349876   3.77087061   3.21770827   3.01615195  67.69533941   3.75384796  -6.54899699  -0.94615954   0.85534993  -3.65774109  14.75286058   3.93298322   0.         -15.29512873   1.16091979   6.6206822 ]
     [-13.87280184  -3.56000808  -8.66847937   2.04317476   3.75384796  30.84916066   4.01581549  -0.91671386  -3.15463334  13.12490742  -9.73806762  -7.04711333  15.29512873   0.          -2.28848318  -0.25902313]
     [  8.32234505  -1.3438561   10.33666784  -1.90222606  -6.54899699   4.01581549  43.03247888  14.16317388  23.19598178  -2.06577392  -2.16720216   5.40901622  -1.16091979   2.28848318   0.          -2.0254454 ]
     [  8.43295253   5.17599604   2.35991054  -7.28133736  -0.94615954  -0.91671386  14.16317388  30.23624645   7.62287465  -4.95061068  -0.4107064    1.89231296  -6.6206822    0.25902313   2.0254454    0.        ]
     [  0.           8.92406546   6.23899005  10.63766048   0.85534993  -3.15463334  23.19598178   7.62287465 117.89597162  14.47880095  14.36641446 -18.59776485   0.21349876 -13.87280184   8.32234505   8.43295253]
     [ -8.92406546   0.          -5.06747217   4.65033709  -3.65774109  13.12490742  -2.06577392  -4.95061068  14.47880095  39.38978445 -12.30205182 -15.93879693   3.77087061  -3.56000808  -1.3438561    5.17599604]
     [ -6.23899005   5.06747217   0.           4.12957296  14.75286058  -9.73806762  -2.16720216  -0.4107064   14.36641446 -12.30205182  51.22502345  17.21273212   3.21770827  -8.66847937  10.33666784   2.35991054]
     [-10.63766048  -4.65033709  -4.12957296   0.           3.93298322  -7.04711333   5.40901622   1.89231296 -18.59776485 -15.93879693  17.21273212  43.70466547   3.01615195   2.04317476  -1.90222606  -7.28133736]
     [ -0.85534993   3.65774109 -14.75286058  -3.93298322   0.          15.29512873  -1.16091979  -6.6206822    0.21349876   3.77087061   3.21770827   3.01615195  67.69533941   3.75384796  -6.54899699  -0.94615954]
     [  3.15463334 -13.12490742   9.73806762   7.04711333 -15.29512873   0.           2.28848318   0.25902313 -13.87280184  -3.56000808  -8.66847937   2.04317476   3.75384796  30.84916066   4.01581549  -0.91671386]
     [-23.19598178   2.06577392   2.16720216  -5.40901622   1.16091979  -2.28848318   0.           2.0254454    8.32234505  -1.3438561   10.33666784  -1.90222606  -6.54899699   4.01581549  43.03247888  14.16317388]
     [ -7.62287465   4.95061068   0.4107064   -1.89231296   6.6206822   -0.25902313  -2.0254454    0.           8.43295253   5.17599604   2.35991054  -7.28133736  -0.94615954  -0.91671386  14.16317388  30.23624645]]
    hessian: [[117.89597162  14.47880095  14.36641446 ...  11.83625666  21.98232306  28.55904007]
     [ 14.47880095  39.38978445 -12.30205182 ...  23.91439766   6.95272635   0.54054547]
     [ 14.36641446 -12.30205182  51.22502345 ...  -5.79163209   8.70692783   0.54752289]
     ...
     [ 11.83625666  23.91439766  -5.79163209 ...  42.89667075   7.84341329   7.61985619]
     [ 21.98232306   6.95272635   8.70692783 ...   7.84341329  60.01127405  14.38132227]
     [ 28.55904007   0.54054547   0.54752289 ...   7.61985619  14.38132227  36.99252851]]
    eigvals of hessian_by_M_M: [ 10.41049775  10.41049775  16.91875126  16.91875126  21.00390447  21.00390447  24.95366266  24.95366266  48.78272071  48.78272071  69.69685901  69.69685901  93.22402896  93.22402896 139.03824557 139.03824557]
WNAG:
    iter_times, elapsed_time, sqdiff: 300, 0.49384593963623047, 1.3612750717196
    MSN: Tensor(
        [[-0.7095195 +0.11802579j  0.06032133-1.15353094j  0.82385242+0.48798891j  0.66969577+0.89129942j]
         [-0.32412382+0.51814845j  0.21354264-0.47992046j -0.57540551-0.34541175j  0.25302329+0.00335657j]
         [-0.68929373+0.77770033j  0.13441978-1.15858417j -0.26507013-0.22935229j  0.72409924+0.34971488j]
         [-0.11896297-0.72635532j  0.50186096-0.3068455j   0.54804713+1.22290465j -0.38141712+0.89640578j]]
        labels=['kl', 'kr'],
        shape=(4, 4),
    )
    grad_by_M: [ 0.4786683   1.66834313 -0.11904861 -0.4366217   0.27810666 -1.32170968 -0.00471609  1.07083246 -0.17942191 -1.22275855 -0.93279099  2.10642573 -0.15727387  0.76216728  0.2564502  -1.35492186]
    hessian_by_M_M: [[ 1.63750841e+02 -1.45963590e+02  6.34325488e+00  6.30677186e+01  3.25569261e+00  7.02746302e+00  1.40366017e+01  4.79826578e+01  0.00000000e+00  1.64035865e+02 -1.23536452e+01  1.03316837e+02 -5.56829920e+01  7.57663992e+01  1.07545539e+01 -2.35456155e+01]
     [-1.45963590e+02  1.08094166e+03  7.54115707e+01 -1.47393778e+02 -3.50880094e-02 -2.38097496e+01 -4.16299663e+01  2.04155715e+01 -1.64035865e+02  0.00000000e+00 -9.59498836e+01 -3.13492971e+01  2.32627296e+01 -2.71733895e+00 -7.03985914e+00 -1.94331945e+02]
     [ 6.34325488e+00  7.54115707e+01  1.24244636e+02 -1.76192267e+02  1.31616190e+01 -1.30920326e+01 -1.82790857e+01  1.49005080e+01  1.23536452e+01  9.59498836e+01  0.00000000e+00  1.17968492e+01  1.66794878e+00 -2.22369370e+01  3.49814615e+00  3.79209464e+01]
     [ 6.30677186e+01 -1.47393778e+02 -1.76192267e+02  7.09322967e+02 -9.03051384e+01  1.72547590e+02  4.35450526e+01  4.91851910e+01 -1.03316837e+02  3.13492971e+01 -1.17968492e+01  0.00000000e+00 -8.61733432e+01  5.70314381e+01 -1.59296065e+01 -3.26748926e+01]
     [ 3.25569261e+00 -3.50880094e-02  1.31616190e+01 -9.03051384e+01  1.37649470e+02 -1.03403025e+02 -1.35784905e+01 -3.44493479e+00  5.56829920e+01 -2.32627296e+01 -1.66794878e+00  8.61733432e+01  0.00000000e+00  1.00229353e+02 -7.34971252e+00 -1.65276849e+01]
     [ 7.02746302e+00 -2.38097496e+01 -1.30920326e+01  1.72547590e+02 -1.03403025e+02  5.46075738e+02 -1.25181140e+01  1.41930885e+01 -7.57663992e+01  2.71733895e+00  2.22369370e+01 -5.70314381e+01 -1.00229353e+02  0.00000000e+00  1.33098650e+01  4.17081464e+01]
     [ 1.40366017e+01 -4.16299663e+01 -1.82790857e+01  4.35450526e+01 -1.35784905e+01 -1.25181140e+01  8.41241498e+01 -1.18073704e+02 -1.07545539e+01  7.03985914e+00 -3.49814615e+00  1.59296065e+01  7.34971252e+00 -1.33098650e+01  0.00000000e+00  1.45500078e+01]
     [ 4.79826578e+01  2.04155715e+01  1.49005080e+01  4.91851910e+01 -3.44493479e+00  1.41930885e+01 -1.18073704e+02  5.53722172e+02  2.35456155e+01  1.94331945e+02 -3.79209464e+01  3.26748926e+01  1.65276849e+01 -4.17081464e+01 -1.45500078e+01  0.00000000e+00]
     [ 0.00000000e+00 -1.64035865e+02  1.23536452e+01 -1.03316837e+02  5.56829920e+01 -7.57663992e+01 -1.07545539e+01  2.35456155e+01  1.63750841e+02 -1.45963590e+02  6.34325488e+00  6.30677186e+01  3.25569261e+00  7.02746302e+00  1.40366017e+01  4.79826578e+01]
     [ 1.64035865e+02  0.00000000e+00  9.59498836e+01  3.13492971e+01 -2.32627296e+01  2.71733895e+00  7.03985914e+00  1.94331945e+02 -1.45963590e+02  1.08094166e+03  7.54115707e+01 -1.47393778e+02 -3.50880094e-02 -2.38097496e+01 -4.16299663e+01  2.04155715e+01]
     [-1.23536452e+01 -9.59498836e+01  0.00000000e+00 -1.17968492e+01 -1.66794878e+00  2.22369370e+01 -3.49814615e+00 -3.79209464e+01  6.34325488e+00  7.54115707e+01  1.24244636e+02 -1.76192267e+02  1.31616190e+01 -1.30920326e+01 -1.82790857e+01  1.49005080e+01]
     [ 1.03316837e+02 -3.13492971e+01  1.17968492e+01  0.00000000e+00  8.61733432e+01 -5.70314381e+01  1.59296065e+01  3.26748926e+01  6.30677186e+01 -1.47393778e+02 -1.76192267e+02  7.09322967e+02 -9.03051384e+01  1.72547590e+02  4.35450526e+01  4.91851910e+01]
     [-5.56829920e+01  2.32627296e+01  1.66794878e+00 -8.61733432e+01  0.00000000e+00 -1.00229353e+02  7.34971252e+00  1.65276849e+01  3.25569261e+00 -3.50880094e-02  1.31616190e+01 -9.03051384e+01  1.37649470e+02 -1.03403025e+02 -1.35784905e+01 -3.44493479e+00]
     [ 7.57663992e+01 -2.71733895e+00 -2.22369370e+01  5.70314381e+01  1.00229353e+02  0.00000000e+00 -1.33098650e+01 -4.17081464e+01  7.02746302e+00 -2.38097496e+01 -1.30920326e+01  1.72547590e+02 -1.03403025e+02  5.46075738e+02 -1.25181140e+01  1.41930885e+01]
     [ 1.07545539e+01 -7.03985914e+00  3.49814615e+00 -1.59296065e+01 -7.34971252e+00  1.33098650e+01  0.00000000e+00 -1.45500078e+01  1.40366017e+01 -4.16299663e+01 -1.82790857e+01  4.35450526e+01 -1.35784905e+01 -1.25181140e+01  8.41241498e+01 -1.18073704e+02]
     [-2.35456155e+01 -1.94331945e+02  3.79209464e+01 -3.26748926e+01 -1.65276849e+01  4.17081464e+01  1.45500078e+01  0.00000000e+00  4.79826578e+01  2.04155715e+01  1.49005080e+01  4.91851910e+01 -3.44493479e+00  1.41930885e+01 -1.18073704e+02  5.53722172e+02]]
    hessian: [[ 1.63750841e+02 -1.45963590e+02  6.34325488e+00 ... -1.75980629e+01  6.90324964e+00  4.94046145e+00]
     [-1.45963590e+02  1.08094166e+03  7.54115707e+01 ...  1.39481654e+01 -1.42444167e+01  1.42115632e+01]
     [ 6.34325488e+00  7.54115707e+01  1.24244636e+02 ...  6.87273507e+00  2.04566613e+01  1.23772339e+01]
     ...
     [-1.75980629e+01  1.39481654e+01  6.87273507e+00 ...  1.00347131e+01  3.59098985e+00  1.04853510e+00]
     [ 6.90324964e+00 -1.42444167e+01  2.04566613e+01 ...  3.59098985e+00  2.77273032e+01  1.24056971e+01]
     [ 4.94046145e+00  1.42115632e+01  1.23772339e+01 ...  1.04853510e+00  1.24056971e+01  8.69793479e+00]]
    eigvals of hessian_by_M_M: [  31.10865025   31.10865025   52.29488014   52.29488014   66.35480481   66.35480481  106.78509537  106.78509537  420.32147905  420.32147905  572.8311649   572.8311649   890.20838707  890.20838707 1259.92717225 1259.92717225]
SNAG:
    iter_times, elapsed_time, sqdiff: 300, 0.42825984954833984, 1.3495735637144324
    MSN: Tensor(
        [[-0.7063303 +0.11133118j  0.06497784-1.14960899j  0.82237286+0.49587726j  0.6619989 +0.89378063j]
         [-0.32470631+0.5229742j   0.20655243-0.48811744j -0.56997957-0.34173466j  0.2602966 +0.00487317j]
         [-0.68884202+0.77997341j  0.12813354-1.16660529j -0.25817732-0.22128473j  0.72949464+0.35308863j]
         [-0.11121338-0.73193187j  0.50576136-0.29344785j  0.53861221+1.22244301j -0.39297345+0.89004887j]]
        labels=['kl', 'kr'],
        shape=(4, 4),
    )
    grad_by_M: [-2.27595720e-14 -4.99357500e-14 -2.25375274e-14  1.68476344e-14 -1.66811009e-14 -1.36557432e-14 -1.47382107e-14 -3.95798845e-14 -3.68594044e-14  4.46864767e-15  2.54796184e-14  2.09277040e-14 -9.93649607e-15  2.03170814e-14 -4.44783099e-14  5.93969318e-15]
    hessian_by_M_M: [[ 7.59116321e+01  2.47693913e+01  7.19009722e-01 -4.31752826e-01 -2.47443696e+00  3.47846619e-01  7.65135695e+00 -7.38860767e+00  0.00000000e+00 -4.98843834e+01 -5.77620404e+00  3.65314992e+00 -2.32421801e+00  4.21431676e+00 -1.20426165e+01 -1.10755007e+01]
     [ 2.47693913e+01  4.47405640e+01  7.07436938e+00 -5.17875356e+00 -4.53936983e-02 -2.22471307e+00  9.87147327e+00  3.25200919e+00  4.98843834e+01  0.00000000e+00 -5.51788404e+00 -2.72182759e+00 -1.17538520e+00  1.26433997e+00 -1.51204825e+00 -8.65174901e+00]
     [ 7.19009722e-01  7.07436938e+00  4.08906699e+01  9.30580194e+00 -7.63680833e-01 -1.23938529e+00  4.18749864e+00  2.41494724e+00  5.77620404e+00  5.51788404e+00  0.00000000e+00 -2.97682063e+01 -7.06533019e+00 -3.57707468e+00  2.94547787e-01 -2.45606527e+00]
     [-4.31752826e-01 -5.17875356e+00  9.30580194e+00  2.69718265e+01  3.71883702e+00  2.14214676e+00  3.92202383e+00  2.95913540e+00 -3.65314992e+00  2.72182759e+00  2.97682063e+01  0.00000000e+00 -3.00769862e+00 -1.00228535e+00  3.20628830e+00 -1.01123417e+00]
     [-2.47443696e+00 -4.53936983e-02 -7.63680833e-01  3.71883702e+00  4.46778897e+01  1.26506817e+01 -3.88400432e+00  4.43245632e-01  2.32421801e+00  1.17538520e+00  7.06533019e+00  3.00769862e+00  0.00000000e+00 -2.70108077e+01  1.02100576e+00  1.93307877e+00]
     [ 3.47846619e-01 -2.22471307e+00 -1.23938529e+00  2.14214676e+00  1.26506817e+01  2.26962623e+01 -2.50078195e+00 -4.69691147e-01 -4.21431676e+00 -1.26433997e+00  3.57707468e+00  1.00228535e+00  2.70108077e+01  0.00000000e+00 -7.95045132e-01  1.70130852e+00]
     [ 7.65135695e+00  9.87147327e+00  4.18749864e+00  3.92202383e+00 -3.88400432e+00 -2.50078195e+00  3.31764120e+01  8.34952679e+00  1.20426165e+01  1.51204825e+00 -2.94547787e-01 -3.20628830e+00 -1.02100576e+00  7.95045132e-01  0.00000000e+00 -2.41959818e+01]
     [-7.38860767e+00  3.25200919e+00  2.41494724e+00  2.95913540e+00  4.43245632e-01 -4.69691147e-01  8.34952679e+00  2.19817384e+01  1.10755007e+01  8.65174901e+00  2.45606527e+00  1.01123417e+00 -1.93307877e+00 -1.70130852e+00  2.41959818e+01  0.00000000e+00]
     [ 0.00000000e+00  4.98843834e+01  5.77620404e+00 -3.65314992e+00  2.32421801e+00 -4.21431676e+00  1.20426165e+01  1.10755007e+01  7.59116321e+01  2.47693913e+01  7.19009722e-01 -4.31752826e-01 -2.47443696e+00  3.47846619e-01  7.65135695e+00 -7.38860767e+00]
     [-4.98843834e+01  0.00000000e+00  5.51788404e+00  2.72182759e+00  1.17538520e+00 -1.26433997e+00  1.51204825e+00  8.65174901e+00  2.47693913e+01  4.47405640e+01  7.07436938e+00 -5.17875356e+00 -4.53936983e-02 -2.22471307e+00  9.87147327e+00  3.25200919e+00]
     [-5.77620404e+00 -5.51788404e+00  0.00000000e+00  2.97682063e+01  7.06533019e+00  3.57707468e+00 -2.94547787e-01  2.45606527e+00  7.19009722e-01  7.07436938e+00  4.08906699e+01  9.30580194e+00 -7.63680833e-01 -1.23938529e+00  4.18749864e+00  2.41494724e+00]
     [ 3.65314992e+00 -2.72182759e+00 -2.97682063e+01  0.00000000e+00  3.00769862e+00  1.00228535e+00 -3.20628830e+00  1.01123417e+00 -4.31752826e-01 -5.17875356e+00  9.30580194e+00  2.69718265e+01  3.71883702e+00  2.14214676e+00  3.92202383e+00  2.95913540e+00]
     [-2.32421801e+00 -1.17538520e+00 -7.06533019e+00 -3.00769862e+00  0.00000000e+00  2.70108077e+01 -1.02100576e+00 -1.93307877e+00 -2.47443696e+00 -4.53936983e-02 -7.63680833e-01  3.71883702e+00  4.46778897e+01  1.26506817e+01 -3.88400432e+00  4.43245632e-01]
     [ 4.21431676e+00  1.26433997e+00 -3.57707468e+00 -1.00228535e+00 -2.70108077e+01  0.00000000e+00  7.95045132e-01 -1.70130852e+00  3.47846619e-01 -2.22471307e+00 -1.23938529e+00  2.14214676e+00  1.26506817e+01  2.26962623e+01 -2.50078195e+00 -4.69691147e-01]
     [-1.20426165e+01 -1.51204825e+00  2.94547787e-01  3.20628830e+00  1.02100576e+00 -7.95045132e-01  0.00000000e+00  2.41959818e+01  7.65135695e+00  9.87147327e+00  4.18749864e+00  3.92202383e+00 -3.88400432e+00 -2.50078195e+00  3.31764120e+01  8.34952679e+00]
     [-1.10755007e+01 -8.65174901e+00 -2.45606527e+00 -1.01123417e+00  1.93307877e+00  1.70130852e+00 -2.41959818e+01  0.00000000e+00 -7.38860767e+00  3.25200919e+00  2.41494724e+00  2.95913540e+00  4.43245632e-01 -4.69691147e-01  8.34952679e+00  2.19817384e+01]]
    hessian: [[ 75.91163214  24.76939128   0.71900972 ...  -2.55690793 -39.46789686  35.81989921]
     [ 24.76939128  44.74056402   7.07436938 ...  -3.24652535  -8.19926077   5.58318464]
     [  0.71900972   7.07436938  40.89066986 ... -27.04165502  12.59320159 -13.39476131]
     ...
     [ -2.55690793  -3.24652535 -27.04165502 ... 349.44395791   1.17028566  33.90729182]
     [-39.46789686  -8.19926077  12.59320159 ...   1.17028566 199.12430713 -59.6865409 ]
     [ 35.81989921   5.58318464 -13.39476131 ...  33.90729182 -59.6865409  323.09407445]]
    eigvals of hessian_by_M_M: [  0.83274172   0.83274172   1.27372832   1.27372832   1.43667661   1.43667661   2.27198542   2.27198542  43.5896631   43.5896631   59.886794    59.886794    72.97802208  72.97802208 128.77738375 128.77738375]
SSpiral(8):
    iter_times, elapsed_time, sqdiff: 300, 0.8555750846862793, 1.3495735637144344
    MSN: Tensor(
