b=4, chi=2, seed=664, 
NOR:
    iter_times, elapsed_time, sqdiff: 300, 0.40465784072875977, 2.8816586684281793
    MSN: Tensor(
        [[-0.48548966+0.53150909j  0.98085008-0.46262408j  0.15992335-0.03066234j -1.66716974-0.07936327j]
         [ 0.36305531+0.70637954j  0.43730962-0.18707246j  0.34061609-0.46180895j -0.19010153-0.31910144j]
         [ 0.30421627-0.19368664j -0.60016066+0.33341104j  0.00974984-0.00433035j  1.17932832+0.0201277j ]
         [-0.46903656-0.65425743j -0.27152499+0.09854515j -0.34071098+0.4778907j  -0.13953054+0.3240187j ]]
        labels=['kl', 'kr'],
        shape=(4, 4),
    )
    grad_by_M: [ 3.26459693e-12  2.62023736e-12 -2.78671530e-12 -1.43551837e-13  4.08968692e-12  3.83937326e-12 -2.36527464e-12 -4.59077221e-13 -2.28939090e-12 -4.98429076e-12  4.52082816e-12  6.18960438e-12 -2.16415774e-12 -5.73024961e-12  3.29247740e-12  4.41174007e-12]
    hessian_by_M_M: [[ 87.882585     6.44017677 -11.78036095  12.31757352   3.27800512  -7.38680042 -24.28293423  -9.01221489   0.          -1.66631766   4.24077572   1.40927386  29.03965199  -8.13071458  -0.86988145  11.47224125]
     [  6.44017677  50.30685831 -11.06397275   7.61472027   9.55762713  23.85272731 -17.90712091  -6.29255243   1.66631766   0.          -3.57722675   7.65529164  -5.45200192  -5.53004752   1.03000485  -4.48812531]
     [-11.78036095 -11.06397275  52.21090535  26.85698884   0.71960979   3.42435982   5.47880156   7.05759257  -4.24077572   3.57722675   0.         -15.40287764  -7.25465202   6.02862097   2.79800939  -0.7527335 ]
     [ 12.31757352   7.61472027  26.85698884  66.79650023   4.28199211 -13.54869078 -19.60108932   6.77045734  -1.40927386  -7.65529164  15.40287764   0.         -10.50217778  -0.52853838  14.55452781   0.65941729]
     [  3.27800512   9.55762713   0.71960979   4.28199211  64.6425196   11.07534085  -8.44587731  12.05983804 -29.03965199   5.45200192   7.25465202  10.50217778   0.         -11.12753144 -12.80309526  -0.88902939]
     [ -7.38680042  23.85272731   3.42435982 -13.54869078  11.07534085  74.62170953   1.26986773  17.69272482   8.13071458   5.53004752  -6.02862097   0.52853838  11.12753144   0.          -3.91518943  -1.71625303]
     [-24.28293423 -17.90712091   5.47880156 -19.60108932  -8.44587731   1.26986773  85.84096451   2.80883208   0.86988145  -1.03000485  -2.79800939 -14.55452781  12.80309526   3.91518943   0.           4.64027656]
     [ -9.01221489  -6.29255243   7.05759257   6.77045734  12.05983804  17.69272482   2.80883208  54.88580083 -11.47224125   4.48812531   0.7527335   -0.65941729   0.88902939   1.71625303  -4.64027656   0.        ]
     [  0.           1.66631766  -4.24077572  -1.40927386 -29.03965199   8.13071458   0.86988145 -11.47224125  87.882585     6.44017677 -11.78036095  12.31757352   3.27800512  -7.38680042 -24.28293423  -9.01221489]
     [ -1.66631766   0.           3.57722675  -7.65529164   5.45200192   5.53004752  -1.03000485   4.48812531   6.44017677  50.30685831 -11.06397275   7.61472027   9.55762713  23.85272731 -17.90712091  -6.29255243]
     [  4.24077572  -3.57722675   0.          15.40287764   7.25465202  -6.02862097  -2.79800939   0.7527335  -11.78036095 -11.06397275  52.21090535  26.85698884   0.71960979   3.42435982   5.47880156   7.05759257]
     [  1.40927386   7.65529164 -15.40287764   0.          10.50217778   0.52853838 -14.55452781  -0.65941729  12.31757352   7.61472027  26.85698884  66.79650023   4.28199211 -13.54869078 -19.60108932   6.77045734]
     [ 29.03965199  -5.45200192  -7.25465202 -10.50217778   0.          11.12753144  12.80309526   0.88902939   3.27800512   9.55762713   0.71960979   4.28199211  64.6425196   11.07534085  -8.44587731  12.05983804]
     [ -8.13071458  -5.53004752   6.02862097  -0.52853838 -11.12753144   0.           3.91518943   1.71625303  -7.38680042  23.85272731   3.42435982 -13.54869078  11.07534085  74.62170953   1.26986773  17.69272482]
     [ -0.86988145   1.03000485   2.79800939  14.55452781 -12.80309526  -3.91518943   0.          -4.64027656 -24.28293423 -17.90712091   5.47880156 -19.60108932  -8.44587731   1.26986773  85.84096451   2.80883208]
     [ 11.47224125  -4.48812531  -0.7527335    0.65941729  -0.88902939  -1.71625303   4.64027656   0.          -9.01221489  -6.29255243   7.05759257   6.77045734  12.05983804  17.69272482   2.80883208  54.88580083]]
    'uftKDJMq*' is not in list
WCOR:
    iter_times, elapsed_time, sqdiff: 300, 0.5883989334106445, 2.881658668428182
    MSN: Tensor(
        [[-0.48548966+0.53150909j  0.98085008-0.46262408j  0.15992335-0.03066234j -1.66716974-0.07936327j]
         [ 0.36305531+0.70637954j  0.43730962-0.18707246j  0.34061609-0.46180895j -0.19010153-0.31910144j]
         [ 0.30421627-0.19368664j -0.60016066+0.33341104j  0.00974984-0.00433035j  1.17932832+0.0201277j ]
         [-0.46903656-0.65425743j -0.27152499+0.09854515j -0.34071098+0.4778907j  -0.13953054+0.3240187j ]]
        labels=['kl', 'kr'],
        shape=(4, 4),
    )
    grad_by_M: [-2.43971510e-14 -5.39568390e-14  4.82669460e-14  1.69864123e-14 -3.55548924e-14 -1.31006317e-14  3.49720253e-14  4.32986980e-15 -2.06501483e-14  2.05391260e-15  1.68753900e-14 -3.58602037e-14  3.66373598e-14  6.23390228e-14  2.04281037e-14 -3.80251386e-15]
    hessian_by_M_M: [[ 1.12144845e+02  1.39796486e+01 -1.53233979e+01  2.15176827e+01  4.73431927e+00 -2.19330988e+00 -3.25107787e+01 -1.45051274e+01  0.00000000e+00 -4.04529418e+01  7.99749318e+00  4.97748088e+00  3.43997956e+01 -1.53748465e+01  1.37780573e-01  2.74441712e+01]
     [ 1.39796486e+01  1.04434761e+02 -1.99034420e+01  1.10413392e+01  6.62558319e+00  4.60287420e+01 -2.74762500e+01 -2.01269341e+01  4.04529418e+01  0.00000000e+00 -8.81642619e+00  2.43481638e+01 -2.22742884e+00 -1.54577120e+01 -9.39537530e+00 -3.93862738e+00]
     [-1.53233979e+01 -1.99034420e+01  7.12895109e+01  4.29747659e+01 -9.02088856e-01  2.52943861e+00  8.40977919e+00  1.29152995e+01 -7.99749318e+00  8.81642619e+00  0.00000000e+00 -5.32718978e+01 -9.36373397e+00  1.06232604e+01  6.83783444e+00 -4.55388787e+00]
     [ 2.15176827e+01  1.10413392e+01  4.29747659e+01  1.45791465e+02  9.37276894e+00 -3.16344701e+01 -3.18643600e+01  1.87855532e+01 -4.97748088e+00 -2.43481638e+01  5.32718978e+01  0.00000000e+00 -1.78623389e+01 -2.32336580e+00  2.41168985e+01  1.35403457e+01]
     [ 4.73431927e+00  6.62558319e+00 -9.02088856e-01  9.37276894e+00  8.53830709e+01  2.01247112e+01 -1.05121840e+01  1.37569540e+01 -3.43997956e+01  2.22742884e+00  9.36373397e+00  1.78623389e+01  0.00000000e+00 -5.08358467e+01 -1.50865398e+01 -2.01685401e+00]
     [-2.19330988e+00  4.60287420e+01  2.52943861e+00 -3.16344701e+01  2.01247112e+01  1.56021762e+02  6.59834905e+00  3.17196943e+01  1.53748465e+01  1.54577120e+01 -1.06232604e+01  2.32336580e+00  5.08358467e+01  0.00000000e+00 -6.80181642e+00 -2.07351432e-01]
     [-3.25107787e+01 -2.74762500e+01  8.40977919e+00 -3.18643600e+01 -1.05121840e+01  6.59834905e+00  1.08036993e+02  8.88421638e+00 -1.37780573e-01  9.39537530e+00 -6.83783444e+00 -2.41168985e+01  1.50865398e+01  6.80181642e+00  0.00000000e+00 -3.02533590e+01]
     [-1.45051274e+01 -2.01269341e+01  1.29152995e+01  1.87855532e+01  1.37569540e+01  3.17196943e+01  8.88421638e+00  1.07028553e+02 -2.74441712e+01  3.93862738e+00  4.55388787e+00 -1.35403457e+01  2.01685401e+00  2.07351432e-01  3.02533590e+01  0.00000000e+00]
     [ 0.00000000e+00  4.04529418e+01 -7.99749318e+00 -4.97748088e+00 -3.43997956e+01  1.53748465e+01 -1.37780573e-01 -2.74441712e+01  1.12144845e+02  1.39796486e+01 -1.53233979e+01  2.15176827e+01  4.73431927e+00 -2.19330988e+00 -3.25107787e+01 -1.45051274e+01]
     [-4.04529418e+01  0.00000000e+00  8.81642619e+00 -2.43481638e+01  2.22742884e+00  1.54577120e+01  9.39537530e+00  3.93862738e+00  1.39796486e+01  1.04434761e+02 -1.99034420e+01  1.10413392e+01  6.62558319e+00  4.60287420e+01 -2.74762500e+01 -2.01269341e+01]
     [ 7.99749318e+00 -8.81642619e+00  0.00000000e+00  5.32718978e+01  9.36373397e+00 -1.06232604e+01 -6.83783444e+00  4.55388787e+00 -1.53233979e+01 -1.99034420e+01  7.12895109e+01  4.29747659e+01 -9.02088856e-01  2.52943861e+00  8.40977919e+00  1.29152995e+01]
     [ 4.97748088e+00  2.43481638e+01 -5.32718978e+01  0.00000000e+00  1.78623389e+01  2.32336580e+00 -2.41168985e+01 -1.35403457e+01  2.15176827e+01  1.10413392e+01  4.29747659e+01  1.45791465e+02  9.37276894e+00 -3.16344701e+01 -3.18643600e+01  1.87855532e+01]
     [ 3.43997956e+01 -2.22742884e+00 -9.36373397e+00 -1.78623389e+01  0.00000000e+00  5.08358467e+01  1.50865398e+01  2.01685401e+00  4.73431927e+00  6.62558319e+00 -9.02088856e-01  9.37276894e+00  8.53830709e+01  2.01247112e+01 -1.05121840e+01  1.37569540e+01]
     [-1.53748465e+01 -1.54577120e+01  1.06232604e+01 -2.32336580e+00 -5.08358467e+01  0.00000000e+00  6.80181642e+00  2.07351432e-01 -2.19330988e+00  4.60287420e+01  2.52943861e+00 -3.16344701e+01  2.01247112e+01  1.56021762e+02  6.59834905e+00  3.17196943e+01]
     [ 1.37780573e-01 -9.39537530e+00  6.83783444e+00  2.41168985e+01 -1.50865398e+01 -6.80181642e+00  0.00000000e+00  3.02533590e+01 -3.25107787e+01 -2.74762500e+01  8.40977919e+00 -3.18643600e+01 -1.05121840e+01  6.59834905e+00  1.08036993e+02  8.88421638e+00]
     [ 2.74441712e+01 -3.93862738e+00 -4.55388787e+00  1.35403457e+01 -2.01685401e+00 -2.07351432e-01 -3.02533590e+01  0.00000000e+00 -1.45051274e+01 -2.01269341e+01  1.29152995e+01  1.87855532e+01  1.37569540e+01  3.17196943e+01  8.88421638e+00  1.07028553e+02]]
    'uftKDJMq*' is not in list
WROR:
    iter_times, elapsed_time, sqdiff: 300, 0.6434550285339355, 2.8816586684281784
    MSN: Tensor(
        [[-0.48548966+0.53150909j  0.98085008-0.46262408j  0.15992335-0.03066234j -1.66716974-0.07936327j]
         [ 0.36305531+0.70637954j  0.43730962-0.18707246j  0.34061609-0.46180895j -0.19010153-0.31910144j]
         [ 0.30421627-0.19368664j -0.60016066+0.33341104j  0.00974984-0.00433035j  1.17932832+0.0201277j ]
         [-0.46903656-0.65425743j -0.27152499+0.09854515j -0.34071098+0.4778907j  -0.13953054+0.3240187j ]]
        labels=['kl', 'kr'],
        shape=(4, 4),
    )
    grad_by_M: [ 2.62567745e-14  2.96429548e-14 -5.94524430e-14  1.88737914e-15  2.99760217e-15  3.77475828e-15 -6.12565554e-14 -1.96509475e-14 -2.95319325e-14 -7.38298311e-15  2.66453526e-15 -9.82547377e-15 -6.66133815e-16 -5.37347944e-14 -4.44089210e-15 -2.48551180e-14]
    hessian_by_M_M: [[ 1.38537194e+02 -2.63551130e+01 -1.88567696e+01  2.54855971e+01  5.20233837e+00 -6.17265278e+00 -3.54851391e+01 -5.20151056e+00  0.00000000e+00 -3.73122941e+01  7.37591325e+00  2.35206122e+00  4.75073904e+01 -2.32307388e+01 -2.83171393e+00  3.01153921e+01]
     [-2.63551130e+01  1.01830360e+02 -1.63382127e+01  9.03130501e+00  9.62186327e-01  4.36050708e+01 -2.04510133e+01 -1.08342489e+01  3.73122941e+01  0.00000000e+00 -1.47702570e+01  2.52759973e+01 -1.58862553e+01 -7.77949457e+00 -8.49541995e+00 -8.50110693e+00]
     [-1.88567696e+01 -1.63382127e+01  7.74162161e+01  1.64345189e+01 -1.38590398e-01  5.69744536e+00  1.04931505e+01  9.12016264e+00 -7.37591325e+00  1.47702570e+01  0.00000000e+00 -4.84235163e+01 -1.09939977e+01  1.19350538e+01  3.11516467e+00 -5.65769793e+00]
     [ 2.54855971e+01  9.03130501e+00  1.64345189e+01  1.23493797e+02  1.31279389e+01 -3.38535537e+01 -3.85293544e+01  2.38815324e+01 -2.35206122e+00 -2.52759973e+01  4.84235163e+01  0.00000000e+00 -1.42389245e+01 -1.03829234e+00  2.27253530e+01  8.59332339e+00]
     [ 5.20233837e+00  9.62186327e-01 -1.38590398e-01  1.31279389e+01  1.00970128e+02 -1.50831607e+01 -1.49109869e+01  1.60101542e+01 -4.75073904e+01  1.58862553e+01  1.09939977e+01  1.42389245e+01  0.00000000e+00 -4.46041412e+01 -1.96265099e+01  4.73363720e+00]
     [-6.17265278e+00  4.36050708e+01  5.69744536e+00 -3.38535537e+01 -1.50831607e+01  1.46458325e+02  8.45200170e+00  2.43961405e+01  2.32307388e+01  7.77949457e+00 -1.19350538e+01  1.03829234e+00  4.46041412e+01  0.00000000e+00 -5.32749210e+00  1.07334543e+00]
     [-3.54851391e+01 -2.04510133e+01  1.04931505e+01 -3.85293544e+01 -1.49109869e+01  8.45200170e+00  1.36058685e+02 -3.14026065e+01  2.83171393e+00  8.49541995e+00 -3.11516467e+00 -2.27253530e+01  1.96265099e+01  5.32749210e+00  0.00000000e+00 -2.57470926e+01]
     [-5.20151056e+00 -1.08342489e+01  9.12016264e+00  2.38815324e+01  1.60101542e+01  2.43961405e+01 -3.14026065e+01  1.06628123e+02 -3.01153921e+01  8.50110693e+00  5.65769793e+00 -8.59332339e+00 -4.73363720e+00 -1.07334543e+00  2.57470926e+01  0.00000000e+00]
     [ 0.00000000e+00  3.73122941e+01 -7.37591325e+00 -2.35206122e+00 -4.75073904e+01  2.32307388e+01  2.83171393e+00 -3.01153921e+01  1.38537194e+02 -2.63551130e+01 -1.88567696e+01  2.54855971e+01  5.20233837e+00 -6.17265278e+00 -3.54851391e+01 -5.20151056e+00]
     [-3.73122941e+01  0.00000000e+00  1.47702570e+01 -2.52759973e+01  1.58862553e+01  7.77949457e+00  8.49541995e+00  8.50110693e+00 -2.63551130e+01  1.01830360e+02 -1.63382127e+01  9.03130501e+00  9.62186327e-01  4.36050708e+01 -2.04510133e+01 -1.08342489e+01]
     [ 7.37591325e+00 -1.47702570e+01  0.00000000e+00  4.84235163e+01  1.09939977e+01 -1.19350538e+01 -3.11516467e+00  5.65769793e+00 -1.88567696e+01 -1.63382127e+01  7.74162161e+01  1.64345189e+01 -1.38590398e-01  5.69744536e+00  1.04931505e+01  9.12016264e+00]
     [ 2.35206122e+00  2.52759973e+01 -4.84235163e+01  0.00000000e+00  1.42389245e+01  1.03829234e+00 -2.27253530e+01 -8.59332339e+00  2.54855971e+01  9.03130501e+00  1.64345189e+01  1.23493797e+02  1.31279389e+01 -3.38535537e+01 -3.85293544e+01  2.38815324e+01]
     [ 4.75073904e+01 -1.58862553e+01 -1.09939977e+01 -1.42389245e+01  0.00000000e+00  4.46041412e+01  1.96265099e+01 -4.73363720e+00  5.20233837e+00  9.62186327e-01 -1.38590398e-01  1.31279389e+01  1.00970128e+02 -1.50831607e+01 -1.49109869e+01  1.60101542e+01]
     [-2.32307388e+01 -7.77949457e+00  1.19350538e+01 -1.03829234e+00 -4.46041412e+01  0.00000000e+00  5.32749210e+00 -1.07334543e+00 -6.17265278e+00  4.36050708e+01  5.69744536e+00 -3.38535537e+01 -1.50831607e+01  1.46458325e+02  8.45200170e+00  2.43961405e+01]
     [-2.83171393e+00 -8.49541995e+00  3.11516467e+00  2.27253530e+01 -1.96265099e+01 -5.32749210e+00  0.00000000e+00  2.57470926e+01 -3.54851391e+01 -2.04510133e+01  1.04931505e+01 -3.85293544e+01 -1.49109869e+01  8.45200170e+00  1.36058685e+02 -3.14026065e+01]
     [ 3.01153921e+01 -8.50110693e+00 -5.65769793e+00  8.59332339e+00  4.73363720e+00  1.07334543e+00 -2.57470926e+01  0.00000000e+00 -5.20151056e+00 -1.08342489e+01  9.12016264e+00  2.38815324e+01  1.60101542e+01  2.43961405e+01 -3.14026065e+01  1.06628123e+02]]
    'uftKDJMq*' is not in list
IWROR:
    iter_times, elapsed_time, sqdiff: 300, 0.5802328586578369, 2.8816586684281793
    MSN: Tensor(
        [[-0.48548966+0.53150909j  0.98085008-0.46262408j  0.15992335-0.03066234j -1.66716974-0.07936327j]
         [ 0.36305531+0.70637954j  0.43730962-0.18707246j  0.34061609-0.46180895j -0.19010153-0.31910144j]
         [ 0.30421627-0.19368664j -0.60016066+0.33341104j  0.00974984-0.00433035j  1.17932832+0.0201277j ]
         [-0.46903656-0.65425743j -0.27152499+0.09854515j -0.34071098+0.4778907j  -0.13953054+0.3240187j ]]
        labels=['kl', 'kr'],
        shape=(4, 4),
    )
    grad_by_M: [-7.27196081e-15 -2.69784195e-14 -2.41300036e-14  2.85327317e-14 -4.05231404e-15 -5.06261699e-14 -2.95874436e-14  2.37587727e-14  5.50670620e-14 -1.07636122e-13  6.55031585e-15 -4.05231404e-15 -3.39728246e-14 -7.57172103e-14  2.16493490e-14  4.66062193e-14]
    hessian_by_M_M: [[ 1.43952045e+02 -4.80477765e+01 -1.93936752e+01  3.01665234e+01  5.90104735e+00 -2.11055135e+01 -3.27886199e+01 -6.38833730e+00  0.00000000e+00 -1.82354611e+01  7.67842832e+00 -8.90185707e-01  5.17211645e+01 -3.01883645e+01 -5.24399048e+00  3.19428499e+01]
     [-4.80477765e+01  1.57361987e+02 -2.07464201e+01  1.85633531e+01  4.76402982e+00  7.09531087e+01 -2.57405765e+01 -7.74555348e+00  1.82354611e+01  0.00000000e+00 -1.61427147e+01  3.10909788e+01 -2.45195789e+01 -6.91687992e+00  3.07073124e-01 -1.95258578e+01]
     [-1.93936752e+01 -2.07464201e+01  7.40629170e+01  9.46224511e+00 -1.38875515e+00  1.20309184e+01  1.26748547e+01  8.76413793e+00 -7.67842832e+00  1.61427147e+01  0.00000000e+00 -4.13913289e+01 -1.07549356e+01  1.57039567e+01  4.74044572e-01 -3.82951730e+00]
     [ 3.01665234e+01  1.85633531e+01  9.46224511e+00  1.80461195e+02  1.66035794e+01 -4.97152158e+01 -4.95703413e+01  3.34558817e+01  8.90185707e-01 -3.10909788e+01  4.13913289e+01  0.00000000e+00 -1.82884331e+01 -6.62472375e-02  2.99836874e+01  2.19087234e-01]
     [ 5.90104735e+00  4.76402982e+00 -1.38875515e+00  1.66035794e+01  1.03875193e+02 -3.56712187e+01 -1.67989138e+01  2.22706555e+01 -5.17211645e+01  2.45195789e+01  1.07549356e+01  1.82884331e+01  0.00000000e+00 -3.37345810e+01 -2.00329515e+01  6.02390860e+00]
     [-2.11055135e+01  7.09531087e+01  1.20309184e+01 -4.97152158e+01 -3.56712187e+01  2.24675365e+02  3.94016859e+00  4.16735097e+01  3.01883645e+01  6.91687992e+00 -1.57039567e+01  6.62472375e-02  3.37345810e+01  0.00000000e+00 -3.96715940e+00 -1.30119628e+00]
     [-3.27886199e+01 -2.57405765e+01  1.26748547e+01 -4.95703413e+01 -1.67989138e+01  3.94016859e+00  1.42976130e+02 -5.65481985e+01  5.24399048e+00 -3.07073124e-01 -4.74044572e-01 -2.99836874e+01  2.00329515e+01  3.96715940e+00  0.00000000e+00 -4.15944898e+00]
     [-6.38833730e+00 -7.74555348e+00  8.76413793e+00  3.34558817e+01  2.22706555e+01  4.16735097e+01 -5.65481985e+01  1.72209146e+02 -3.19428499e+01  1.95258578e+01  3.82951730e+00 -2.19087234e-01 -6.02390860e+00  1.30119628e+00  4.15944898e+00  0.00000000e+00]
     [ 0.00000000e+00  1.82354611e+01 -7.67842832e+00  8.90185707e-01 -5.17211645e+01  3.01883645e+01  5.24399048e+00 -3.19428499e+01  1.43952045e+02 -4.80477765e+01 -1.93936752e+01  3.01665234e+01  5.90104735e+00 -2.11055135e+01 -3.27886199e+01 -6.38833730e+00]
     [-1.82354611e+01  0.00000000e+00  1.61427147e+01 -3.10909788e+01  2.45195789e+01  6.91687992e+00 -3.07073124e-01  1.95258578e+01 -4.80477765e+01  1.57361987e+02 -2.07464201e+01  1.85633531e+01  4.76402982e+00  7.09531087e+01 -2.57405765e+01 -7.74555348e+00]
     [ 7.67842832e+00 -1.61427147e+01  0.00000000e+00  4.13913289e+01  1.07549356e+01 -1.57039567e+01 -4.74044572e-01  3.82951730e+00 -1.93936752e+01 -2.07464201e+01  7.40629170e+01  9.46224511e+00 -1.38875515e+00  1.20309184e+01  1.26748547e+01  8.76413793e+00]
     [-8.90185707e-01  3.10909788e+01 -4.13913289e+01  0.00000000e+00  1.82884331e+01  6.62472375e-02 -2.99836874e+01 -2.19087234e-01  3.01665234e+01  1.85633531e+01  9.46224511e+00  1.80461195e+02  1.66035794e+01 -4.97152158e+01 -4.95703413e+01  3.34558817e+01]
     [ 5.17211645e+01 -2.45195789e+01 -1.07549356e+01 -1.82884331e+01  0.00000000e+00  3.37345810e+01  2.00329515e+01 -6.02390860e+00  5.90104735e+00  4.76402982e+00 -1.38875515e+00  1.66035794e+01  1.03875193e+02 -3.56712187e+01 -1.67989138e+01  2.22706555e+01]
     [-3.01883645e+01 -6.91687992e+00  1.57039567e+01 -6.62472375e-02 -3.37345810e+01  0.00000000e+00  3.96715940e+00  1.30119628e+00 -2.11055135e+01  7.09531087e+01  1.20309184e+01 -4.97152158e+01 -3.56712187e+01  2.24675365e+02  3.94016859e+00  4.16735097e+01]
     [-5.24399048e+00  3.07073124e-01  4.74044572e-01  2.99836874e+01 -2.00329515e+01 -3.96715940e+00  0.00000000e+00  4.15944898e+00 -3.27886199e+01 -2.57405765e+01  1.26748547e+01 -4.95703413e+01 -1.67989138e+01  3.94016859e+00  1.42976130e+02 -5.65481985e+01]
     [ 3.19428499e+01 -1.95258578e+01 -3.82951730e+00  2.19087234e-01  6.02390860e+00 -1.30119628e+00 -4.15944898e+00  0.00000000e+00 -6.38833730e+00 -7.74555348e+00  8.76413793e+00  3.34558817e+01  2.22706555e+01  4.16735097e+01 -5.65481985e+01  1.72209146e+02]]
    'uftKDJMq*' is not in list
WLBOR:
    iter_times, elapsed_time, sqdiff: 300, 1.4669699668884277, 2.8816586684281793
    MSN: Tensor(
        [[-0.48548967+0.53150909j  0.98085007-0.46262409j  0.15992335-0.03066234j -1.66716974-0.07936327j]
         [ 0.36305531+0.70637954j  0.43730962-0.18707246j  0.34061608-0.46180895j -0.19010153-0.31910144j]
         [ 0.30421627-0.19368664j -0.60016066+0.33341104j  0.00974984-0.00433035j  1.17932832+0.02012771j]
         [-0.46903655-0.65425743j -0.27152499+0.09854514j -0.34071098+0.4778907j  -0.13953054+0.3240187j ]]
        labels=['kl', 'kr'],
        shape=(4, 4),
    )
    grad_by_M: [ 2.82256111e-08  1.38520477e-08 -1.53388967e-08  3.10421533e-09  3.46251185e-08  2.34992045e-08  4.70977574e-09  8.51337600e-09  3.06133307e-08 -1.29569810e-08  2.29488702e-08  1.45106997e-08  5.13995262e-08 -1.21831237e-08  2.77787814e-08  1.16988826e-08]
    hessian_by_M_M: [[ 87.88529193   8.50443879 -11.78568378  12.61368951   3.31399826  -7.5936353  -24.55431594  -9.86113691   0.          -1.28528358   4.38455696   1.52320855  28.75271542  -8.19443407  -0.69635138  11.56706169]
     [  8.50443879  53.97142092 -11.58841424   8.1984353   10.39073372  25.50377295 -18.90497848  -7.08049716   1.28528358   0.          -3.31922046   7.94036246  -5.14816939  -5.97284494   1.30601675  -4.67079216]
     [-11.78568378 -11.58841424  52.82516001  29.28584505   0.66466689   3.44115225   5.47217602   7.42024594  -4.38455696   3.31922046   0.         -15.75338295  -7.2882483    6.23715582   3.10559147  -0.67488828]
     [ 12.61368951   8.1984353   29.28584505  72.00699142   4.17660673 -14.20686978 -19.97176818   6.89683631  -1.52320855  -7.94036246  15.75338295   0.         -11.1031897   -0.63275909  15.22963951   0.69575024]
     [  3.31399826  10.39073372   0.66466689   4.17660673  64.90210732  13.21661012  -8.33613695  12.58859868 -28.75271542   5.14816939   7.2882483   11.1031897    0.         -11.40308578 -12.74701721  -1.25189441]
     [ -7.5936353   25.50377295   3.44115225 -14.20686978  13.21661012  79.9330496    1.21445346  19.14980893   8.19443407   5.97284494  -6.23715582   0.63275909  11.40308578   0.          -4.06641359  -2.01216195]
     [-24.55431594 -18.90497848   5.47217602 -19.97176818  -8.33613695   1.21445346  85.69354075   4.71577171   0.69635138  -1.30601675  -3.10559147 -15.22963951  12.74701721   4.06641359   0.           5.14979201]
     [ -9.86113691  -7.08049716   7.42024594   6.89683631  12.58859868  19.14980893   4.71577171  58.85686117 -11.56706169   4.67079216   0.67488828  -0.69575024   1.25189441   2.01216195  -5.14979201   0.        ]
     [  0.           1.28528358  -4.38455696  -1.52320855 -28.75271542   8.19443407   0.69635138 -11.56706169  87.88529193   8.50443879 -11.78568378  12.61368951   3.31399826  -7.5936353  -24.55431594  -9.86113691]
     [ -1.28528358   0.           3.31922046  -7.94036246   5.14816939   5.97284494  -1.30601675   4.67079216   8.50443879  53.97142092 -11.58841424   8.1984353   10.39073372  25.50377295 -18.90497848  -7.08049716]
     [  4.38455696  -3.31922046   0.          15.75338295   7.2882483   -6.23715582  -3.10559147   0.67488828 -11.78568378 -11.58841424  52.82516001  29.28584505   0.66466689   3.44115225   5.47217602   7.42024594]
     [  1.52320855   7.94036246 -15.75338295   0.          11.1031897    0.63275909 -15.22963951  -0.69575024  12.61368951   8.1984353   29.28584505  72.00699142   4.17660673 -14.20686978 -19.97176818   6.89683631]
     [ 28.75271542  -5.14816939  -7.2882483  -11.1031897    0.          11.40308578  12.74701721   1.25189441   3.31399826  10.39073372   0.66466689   4.17660673  64.90210732  13.21661012  -8.33613695  12.58859868]
     [ -8.19443407  -5.97284494   6.23715582  -0.63275909 -11.40308578   0.           4.06641359   2.01216195  -7.5936353   25.50377295   3.44115225 -14.20686978  13.21661012  79.9330496    1.21445346  19.14980893]
     [ -0.69635138   1.30601675   3.10559147  15.22963951 -12.74701721  -4.06641359   0.          -5.14979201 -24.55431594 -18.90497848   5.47217602 -19.97176818  -8.33613695   1.21445346  85.69354075   4.71577171]
     [ 11.56706169  -4.67079216  -0.67488828   0.69575024  -1.25189441  -2.01216195   5.14979201   0.          -9.86113691  -7.08049716   7.42024594   6.89683631  12.58859868  19.14980893   4.71577171  58.85686117]]
    'uftKDJMq*' is not in list
WNAG:
    iter_times, elapsed_time, sqdiff: 300, 0.586353063583374, 2.888043608511052
    MSN: Tensor(
        [[-0.49544977+0.52424073j  0.97817506-0.45742036j  0.15806924-0.02258946j -1.66564229-0.07827554j]
         [ 0.36023097+0.70750873j  0.44384705-0.18784778j  0.340809  -0.46225723j -0.19992832-0.32381127j]
         [ 0.31036961-0.18860032j -0.5970197 +0.3307006j   0.0113494 -0.00995843j  1.17745265+0.01712742j]
         [-0.46798864-0.6568778j  -0.27904794+0.10026065j -0.34131765+0.47997994j -0.128877  +0.32947465j]]
        labels=['kl', 'kr'],
        shape=(4, 4),
    )
    grad_by_M: [ 1.770858    0.55112457 -5.21446367 -3.06419691 -1.72230811 -0.30859938  2.96831038  0.94048944  4.80856204  1.48667055 -7.44660142 -0.85581556 -1.16536122 -1.0143863   3.44106684  0.01864621]
    hessian_by_M_M: [[ 2.32152783e+04  6.41792590e+03 -2.11806919e+02  1.24494409e+03  4.95100072e+03  1.44074075e+03 -8.84687353e+03 -1.91479299e+03  0.00000000e+00 -3.97001063e+03  1.81907715e+03  3.57708419e+02  8.76939279e+02 -1.42557258e+03  1.14418732e+03  1.79067786e+03]
     [ 6.41792590e+03  2.85539552e+03 -4.76190428e+02  2.61912005e+02  2.44310236e+03  1.07213492e+03 -2.57802724e+03 -8.52069436e+02  3.97001063e+03  0.00000000e+00  4.52897449e+02  3.73819698e+02  9.21003202e+02 -3.18534132e+02 -1.44070583e+03  2.04066709e+01]
     [-2.11806919e+02 -4.76190428e+02  2.76534716e+04  8.54984608e+03 -1.19839236e+03 -7.93054592e+02  1.39828088e+02  9.76353024e+02 -1.81907715e+03 -4.52897449e+02  0.00000000e+00 -5.78719521e+03 -1.82930305e+03  3.07459133e+02  2.93463614e+03  1.98543649e+02]
     [ 1.24494409e+03  2.61912005e+02  8.54984608e+03  4.04965638e+03 -2.33618192e+02 -4.92297426e+02 -1.11020720e+03  1.62463301e+02 -3.57708419e+02 -3.73819698e+02  5.78719521e+03  0.00000000e+00 -1.14124142e+03 -1.36201887e+02  9.67946923e+02  3.24359944e+02]
     [ 4.95100072e+03  2.44310236e+03 -1.19839236e+03 -2.33618192e+02  2.57519311e+04  7.99098091e+03  3.90921193e+03  1.60767935e+03 -8.76939279e+02 -9.21003202e+02  1.82930305e+03  1.14124142e+03  0.00000000e+00 -5.28427688e+03 -2.75772520e+03 -1.62535451e+03]
     [ 1.44074075e+03  1.07213492e+03 -7.93054592e+02 -4.92297426e+02  7.99098091e+03  3.94319823e+03  1.94057796e+03  9.01489583e+02  1.42557258e+03  3.18534132e+02 -3.07459133e+02  1.36201887e+02  5.28427688e+03  0.00000000e+00  1.57955467e+02 -1.95266907e+02]
     [-8.84687353e+03 -2.57802724e+03  1.39828088e+02 -1.11020720e+03  3.90921193e+03  1.94057796e+03  2.24550427e+04  6.45533512e+03 -1.14418732e+03  1.44070583e+03 -2.93463614e+03 -9.67946923e+02  2.75772520e+03 -1.57955467e+02  0.00000000e+00 -3.65039582e+03]
     [-1.91479299e+03 -8.52069436e+02  9.76353024e+02  1.62463301e+02  1.60767935e+03  9.01489583e+02  6.45533512e+03  2.89404474e+03 -1.79067786e+03 -2.04066709e+01 -1.98543649e+02 -3.24359944e+02  1.62535451e+03  1.95266907e+02  3.65039582e+03  0.00000000e+00]
     [ 0.00000000e+00  3.97001063e+03 -1.81907715e+03 -3.57708419e+02 -8.76939279e+02  1.42557258e+03 -1.14418732e+03 -1.79067786e+03  2.32152783e+04  6.41792590e+03 -2.11806919e+02  1.24494409e+03  4.95100072e+03  1.44074075e+03 -8.84687353e+03 -1.91479299e+03]
     [-3.97001063e+03  0.00000000e+00 -4.52897449e+02 -3.73819698e+02 -9.21003202e+02  3.18534132e+02  1.44070583e+03 -2.04066709e+01  6.41792590e+03  2.85539552e+03 -4.76190428e+02  2.61912005e+02  2.44310236e+03  1.07213492e+03 -2.57802724e+03 -8.52069436e+02]
     [ 1.81907715e+03  4.52897449e+02  0.00000000e+00  5.78719521e+03  1.82930305e+03 -3.07459133e+02 -2.93463614e+03 -1.98543649e+02 -2.11806919e+02 -4.76190428e+02  2.76534716e+04  8.54984608e+03 -1.19839236e+03 -7.93054592e+02  1.39828088e+02  9.76353024e+02]
     [ 3.57708419e+02  3.73819698e+02 -5.78719521e+03  0.00000000e+00  1.14124142e+03  1.36201887e+02 -9.67946923e+02 -3.24359944e+02  1.24494409e+03  2.61912005e+02  8.54984608e+03  4.04965638e+03 -2.33618192e+02 -4.92297426e+02 -1.11020720e+03  1.62463301e+02]
     [ 8.76939279e+02  9.21003202e+02 -1.82930305e+03 -1.14124142e+03  0.00000000e+00  5.28427688e+03  2.75772520e+03  1.62535451e+03  4.95100072e+03  2.44310236e+03 -1.19839236e+03 -2.33618192e+02  2.57519311e+04  7.99098091e+03  3.90921193e+03  1.60767935e+03]
     [-1.42557258e+03 -3.18534132e+02  3.07459133e+02 -1.36201887e+02 -5.28427688e+03  0.00000000e+00 -1.57955467e+02  1.95266907e+02  1.44074075e+03  1.07213492e+03 -7.93054592e+02 -4.92297426e+02  7.99098091e+03  3.94319823e+03  1.94057796e+03  9.01489583e+02]
     [ 1.14418732e+03 -1.44070583e+03  2.93463614e+03  9.67946923e+02 -2.75772520e+03  1.57955467e+02  0.00000000e+00  3.65039582e+03 -8.84687353e+03 -2.57802724e+03  1.39828088e+02 -1.11020720e+03  3.90921193e+03  1.94057796e+03  2.24550427e+04  6.45533512e+03]
     [ 1.79067786e+03  2.04066709e+01  1.98543649e+02  3.24359944e+02 -1.62535451e+03 -1.95266907e+02 -3.65039582e+03  0.00000000e+00 -1.91479299e+03 -8.52069436e+02  9.76353024e+02  1.62463301e+02  1.60767935e+03  9.01489583e+02  6.45533512e+03  2.89404474e+03]]
