b=4, chi=2, seed=893, 
NOR:
    iter_times, elapsed_time, sqdiff: 1, 0.00499415397644043, 2.8874152604452097
    MSN: Tensor(
        [[ 0.45744321+0.33241578j  1.0776383 -0.57365993j  0.14362033+0.43130487j -0.51635233-0.15282713j]
         [ 0.75296357-0.12630452j  0.66140955-0.10441067j -0.45167832-0.88052593j  0.38897519-0.67248477j]
         [-0.33509693+0.39559647j -0.46506865+0.64149023j  0.59500989-0.09040908j  0.4222037 +0.4726272j ]
         [ 0.93948505-0.70709344j -0.52596441-1.07331877j  0.17652138-1.25761483j  0.50176464+0.12497248j]]
        labels=['kl', 'kr'],
        shape=(4, 4),
    )
    grad_by_reM_reM: Tensor(
        [-0.18677411+8.74300632e-16j -0.52545574-2.22044605e-16j  1.02257288+5.55111512e-17j  0.12597288+2.35922393e-16j  0.00584562+5.55111512e-16j -0.30136713+1.38777878e-15j -0.45512576+0.00000000e+00j -0.4554627 -4.44089210e-16j]
        labels=[('kl', 'PhxArgRS')],
        shape=(8,),
    )
    grad_by_imM_imM: Tensor(
        [ 0.23189202-2.22044605e-16j  0.58922086-6.66133815e-16j -0.37631195+9.99200722e-16j  0.05902399+1.11022302e-16j -1.01929389+8.88178420e-16j  0.39700199-4.44089210e-16j -0.03342659+8.32667268e-17j -0.17955544+3.33066907e-16j]
        labels=[('kl', 'PhxArgRS')],
        shape=(8,),
    )
    hessian_by_M_M: [[ 3.76615960e+01  1.13202556e+00  9.09391284e+00  5.07594400e+00 -3.04865244e+00  5.90997251e+00  3.44682994e+00  1.70728042e+01  0.00000000e+00  7.52759469e+00 -8.67184959e+00 -4.84602608e+00  4.72236713e+00 -2.64078514e+00 -1.67756967e+00 -4.97505536e+00]
     [ 1.13202556e+00  3.06233992e+01 -7.82198804e-02  4.76117520e-01 -1.52075491e-02 -5.13436737e+00  1.11408732e+01  4.33715997e+00 -7.52759469e+00  0.00000000e+00  2.18224042e+00  2.19904510e+00 -1.35571655e+01 -4.62247305e+00 -4.50252169e+00  2.89705605e+00]
     [ 9.09391284e+00 -7.82198804e-02  3.96482286e+01  1.09083296e+01 -4.80469299e-01  1.54790214e+00 -1.87786541e+00  6.68236073e+00  8.67184959e+00 -2.18224042e+00  0.00000000e+00 -1.10721135e+01  4.62215359e+00  2.67135473e+01  3.64681731e+00 -4.72856822e+00]
     [ 5.07594400e+00  4.76117520e-01  1.09083296e+01  4.29779906e+01 -7.73809096e+00 -2.02247183e-01 -1.35310154e+01  6.24523395e+00  4.84602608e+00 -2.19904510e+00  1.10721135e+01  0.00000000e+00  1.56302648e+00  8.90369816e-01  1.11763850e+01 -4.85974344e+00]
     [-3.04865244e+00 -1.52075491e-02 -4.80469299e-01 -7.73809096e+00  5.05918900e+01  7.59358095e+00 -7.26125639e+00 -1.90759339e+01 -4.72236713e+00  1.35571655e+01 -4.62215359e+00 -1.56302648e+00  0.00000000e+00  6.94967250e-01  1.17078474e+00 -1.71042343e+00]
     [ 5.90997251e+00 -5.13436737e+00  1.54790214e+00 -2.02247183e-01  7.59358095e+00  5.11990275e+01  5.66892150e-02 -4.12700580e+00  2.64078514e+00  4.62247305e+00 -2.67135473e+01 -8.90369816e-01 -6.94967250e-01  0.00000000e+00  3.28615449e+00  1.93409310e+00]
     [ 3.44682994e+00  1.11408732e+01 -1.87786541e+00 -1.35310154e+01 -7.26125639e+00  5.66892150e-02  5.13268949e+01  4.76698591e+00  1.67756967e+00  4.50252169e+00 -3.64681731e+00 -1.11763850e+01 -1.17078474e+00 -3.28615449e+00  0.00000000e+00  1.08275664e+01]
     [ 1.70728042e+01  4.33715997e+00  6.68236073e+00  6.24523395e+00 -1.90759339e+01 -4.12700580e+00  4.76698591e+00  3.50001252e+01  4.97505536e+00 -2.89705605e+00  4.72856822e+00  4.85974344e+00  1.71042343e+00 -1.93409310e+00 -1.08275664e+01  0.00000000e+00]
     [ 0.00000000e+00 -7.52759469e+00  8.67184959e+00  4.84602608e+00 -4.72236713e+00  2.64078514e+00  1.67756967e+00  4.97505536e+00  3.76615960e+01  1.13202556e+00  9.09391284e+00  5.07594400e+00 -3.04865244e+00  5.90997251e+00  3.44682994e+00  1.70728042e+01]
     [ 7.52759469e+00  0.00000000e+00 -2.18224042e+00 -2.19904510e+00  1.35571655e+01  4.62247305e+00  4.50252169e+00 -2.89705605e+00  1.13202556e+00  3.06233992e+01 -7.82198804e-02  4.76117520e-01 -1.52075491e-02 -5.13436737e+00  1.11408732e+01  4.33715997e+00]
     [-8.67184959e+00  2.18224042e+00  0.00000000e+00  1.10721135e+01 -4.62215359e+00 -2.67135473e+01 -3.64681731e+00  4.72856822e+00  9.09391284e+00 -7.82198804e-02  3.96482286e+01  1.09083296e+01 -4.80469299e-01  1.54790214e+00 -1.87786541e+00  6.68236073e+00]
     [-4.84602608e+00  2.19904510e+00 -1.10721135e+01  0.00000000e+00 -1.56302648e+00 -8.90369816e-01 -1.11763850e+01  4.85974344e+00  5.07594400e+00  4.76117520e-01  1.09083296e+01  4.29779906e+01 -7.73809096e+00 -2.02247183e-01 -1.35310154e+01  6.24523395e+00]
     [ 4.72236713e+00 -1.35571655e+01  4.62215359e+00  1.56302648e+00  0.00000000e+00 -6.94967250e-01 -1.17078474e+00  1.71042343e+00 -3.04865244e+00 -1.52075491e-02 -4.80469299e-01 -7.73809096e+00  5.05918900e+01  7.59358095e+00 -7.26125639e+00 -1.90759339e+01]
     [-2.64078514e+00 -4.62247305e+00  2.67135473e+01  8.90369816e-01  6.94967250e-01  0.00000000e+00 -3.28615449e+00 -1.93409310e+00  5.90997251e+00 -5.13436737e+00  1.54790214e+00 -2.02247183e-01  7.59358095e+00  5.11990275e+01  5.66892150e-02 -4.12700580e+00]
     [-1.67756967e+00 -4.50252169e+00  3.64681731e+00  1.11763850e+01  1.17078474e+00  3.28615449e+00  0.00000000e+00 -1.08275664e+01  3.44682994e+00  1.11408732e+01 -1.87786541e+00 -1.35310154e+01 -7.26125639e+00  5.66892150e-02  5.13268949e+01  4.76698591e+00]
     [-4.97505536e+00  2.89705605e+00 -4.72856822e+00 -4.85974344e+00 -1.71042343e+00  1.93409310e+00  1.08275664e+01  0.00000000e+00  1.70728042e+01  4.33715997e+00  6.68236073e+00  6.24523395e+00 -1.90759339e+01 -4.12700580e+00  4.76698591e+00  3.50001252e+01]]
    eigvals of hessian_by_M_M: [ 9.21982086  9.21982086 12.14392008 12.14392008 13.79634792 13.79634792 28.70948692 28.70948692 47.13928091 47.13928091 60.87086049 60.87086049 75.46740349 75.46740349 91.68203133 91.68203133]
WCOR:
    iter_times, elapsed_time, sqdiff: 1, 0.004101753234863281, 3.4794063867464287
    MSN: Tensor(
        [[ 0.46681791+0.23953134j  0.99486021-0.49387436j  0.12601003+0.41319363j -0.36607342-0.16196612j]
         [ 0.74182948-0.11461139j  0.56401693-0.17098719j -0.4524876 -0.82841802j  0.36037289-0.63989231j]
         [-0.30263286+0.41641966j -0.40671425+0.60221486j  0.58952679-0.21978289j  0.44879481+0.45210531j]
         [ 0.87940763-0.68249928j -0.49395942-1.16934503j  0.22977881-1.2632473j   0.4341479 +0.00424008j]]
        labels=['kl', 'kr'],
        shape=(4, 4),
    )
    grad_by_reM_reM: Tensor(
        [ 0.21461514-9.99200722e-16j -1.04852039+4.44089210e-16j  3.18264007+2.22044605e-16j  0.32960616-1.66533454e-16j -0.82496915+2.22044605e-16j  0.44172267-2.22044605e-16j -0.46073474+5.55111512e-16j -0.12647632-5.55111512e-16j]
        labels=[('kl', 'PhxArgRS')],
        shape=(8,),
    )
    grad_by_imM_imM: Tensor(
        [ 0.48590743+9.02056208e-16j  1.99125213-2.22044605e-16j -0.62299544+2.22044605e-16j -0.74339222-2.22044605e-16j -0.72700864+5.55111512e-16j  2.78850162-1.11022302e-16j  1.18433829-1.49880108e-15j -0.69939118-1.11022302e-15j]
        labels=[('kl', 'PhxArgRS')],
        shape=(8,),
    )
    hessian_by_M_M: [[ 3.52288974e+01  1.11837895e+00  8.09632728e+00  2.90222888e+00 -3.51423488e+00  4.77771771e+00  2.39487817e+00  1.52332531e+01  0.00000000e+00  5.44860353e+00 -8.64508824e+00 -5.11156609e+00  5.12322472e+00 -2.00780675e+00 -1.13961199e+00 -4.87879583e+00]
     [ 1.11837895e+00  2.57215417e+01  4.27737807e-01 -3.48140172e-01 -7.07845258e-01 -4.91714278e+00  1.02425316e+01  4.23308641e+00 -5.44860353e+00  0.00000000e+00  1.15317125e+00  1.96731895e+00 -1.15240450e+01 -4.17227493e+00 -3.56300823e+00  3.27433115e+00]
     [ 8.09632728e+00  4.27737807e-01  3.53358112e+01  8.93672487e+00  2.41460565e-01  1.28334445e+00 -2.48246654e+00  5.62660258e+00  8.64508824e+00 -1.15317125e+00  0.00000000e+00 -1.04095124e+01  2.07165468e+00  2.31304511e+01  4.08310125e+00 -2.72652945e+00]
     [ 2.90222888e+00 -3.48140172e-01  8.93672487e+00  3.65383428e+01 -5.55499779e+00 -1.30189957e+00 -1.32467654e+01  4.10033655e+00  5.11156609e+00 -1.96731895e+00  1.04095124e+01  0.00000000e+00  1.62538809e-01  1.94313758e+00  1.11445305e+01 -2.81192491e+00]
     [-3.51423488e+00 -7.07845258e-01  2.41460565e-01 -5.55499779e+00  4.66644876e+01  7.17790626e+00 -7.19664557e+00 -1.76455209e+01 -5.12322472e+00  1.15240450e+01 -2.07165468e+00 -1.62538809e-01  0.00000000e+00  7.97751705e-01  1.84814312e+00 -1.88508122e+00]
     [ 4.77771771e+00 -4.91714278e+00  1.28334445e+00 -1.30189957e+00  7.17790626e+00  4.22904213e+01  2.61363724e-02 -4.70191779e+00  2.00780675e+00  4.17227493e+00 -2.31304511e+01 -1.94313758e+00 -7.97751705e-01  0.00000000e+00  3.58203644e+00  7.93864838e-01]
     [ 2.39487817e+00  1.02425316e+01 -2.48246654e+00 -1.32467654e+01 -7.19664557e+00  2.61363724e-02  4.84253070e+01  5.10072944e+00  1.13961199e+00  3.56300823e+00 -4.08310125e+00 -1.11445305e+01 -1.84814312e+00 -3.58203644e+00  0.00000000e+00  9.06971736e+00]
     [ 1.52332531e+01  4.23308641e+00  5.62660258e+00  4.10033655e+00 -1.76455209e+01 -4.70191779e+00  5.10072944e+00  2.96282022e+01  4.87879583e+00 -3.27433115e+00  2.72652945e+00  2.81192491e+00  1.88508122e+00 -7.93864838e-01 -9.06971736e+00  0.00000000e+00]
     [ 0.00000000e+00 -5.44860353e+00  8.64508824e+00  5.11156609e+00 -5.12322472e+00  2.00780675e+00  1.13961199e+00  4.87879583e+00  3.52288974e+01  1.11837895e+00  8.09632728e+00  2.90222888e+00 -3.51423488e+00  4.77771771e+00  2.39487817e+00  1.52332531e+01]
     [ 5.44860353e+00  0.00000000e+00 -1.15317125e+00 -1.96731895e+00  1.15240450e+01  4.17227493e+00  3.56300823e+00 -3.27433115e+00  1.11837895e+00  2.57215417e+01  4.27737807e-01 -3.48140172e-01 -7.07845258e-01 -4.91714278e+00  1.02425316e+01  4.23308641e+00]
     [-8.64508824e+00  1.15317125e+00  0.00000000e+00  1.04095124e+01 -2.07165468e+00 -2.31304511e+01 -4.08310125e+00  2.72652945e+00  8.09632728e+00  4.27737807e-01  3.53358112e+01  8.93672487e+00  2.41460565e-01  1.28334445e+00 -2.48246654e+00  5.62660258e+00]
     [-5.11156609e+00  1.96731895e+00 -1.04095124e+01  0.00000000e+00 -1.62538809e-01 -1.94313758e+00 -1.11445305e+01  2.81192491e+00  2.90222888e+00 -3.48140172e-01  8.93672487e+00  3.65383428e+01 -5.55499779e+00 -1.30189957e+00 -1.32467654e+01  4.10033655e+00]
     [ 5.12322472e+00 -1.15240450e+01  2.07165468e+00  1.62538809e-01  0.00000000e+00 -7.97751705e-01 -1.84814312e+00  1.88508122e+00 -3.51423488e+00 -7.07845258e-01  2.41460565e-01 -5.55499779e+00  4.66644876e+01  7.17790626e+00 -7.19664557e+00 -1.76455209e+01]
     [-2.00780675e+00 -4.17227493e+00  2.31304511e+01  1.94313758e+00  7.97751705e-01  0.00000000e+00 -3.58203644e+00 -7.93864838e-01  4.77771771e+00 -4.91714278e+00  1.28334445e+00 -1.30189957e+00  7.17790626e+00  4.22904213e+01  2.61363724e-02 -4.70191779e+00]
     [-1.13961199e+00 -3.56300823e+00  4.08310125e+00  1.11445305e+01  1.84814312e+00  3.58203644e+00  0.00000000e+00 -9.06971736e+00  2.39487817e+00  1.02425316e+01 -2.48246654e+00 -1.32467654e+01 -7.19664557e+00  2.61363724e-02  4.84253070e+01  5.10072944e+00]
     [-4.87879583e+00  3.27433115e+00 -2.72652945e+00 -2.81192491e+00 -1.88508122e+00  7.93864838e-01  9.06971736e+00  0.00000000e+00  1.52332531e+01  4.23308641e+00  5.62660258e+00  4.10033655e+00 -1.76455209e+01 -4.70191779e+00  5.10072944e+00  2.96282022e+01]]
    eigvals of hessian_by_M_M: [ 7.97752748  7.97752748 10.44183154 10.44183154 12.90898247 12.90898247 24.20621781 24.20621781 40.69750857 40.69750857 51.58985169 51.58985169 71.75616645 71.75616645 80.25492536 80.25492536]
WROR:
    iter_times, elapsed_time, sqdiff: 1, 0.004434823989868164, 4.882279420120138
    MSN: Tensor(
        [[ 0.47523079+0.17314335j  0.91559823-0.43666701j  0.11708065+0.37770387j -0.24999693-0.15869127j]
         [ 0.71148901-0.11381051j  0.48189643-0.23783551j -0.47480246-0.76934225j  0.32671393-0.63478982j]
         [-0.27940651+0.41969152j -0.33704249+0.55596161j  0.55781259-0.31173936j  0.4566494 +0.41791411j]
         [ 0.79884208-0.6857263j  -0.46317749-1.22873811j  0.19050199-1.24432612j  0.38239178-0.14691684j]]
        labels=['kl', 'kr'],
        shape=(4, 4),
    )
    grad_by_reM_reM: Tensor(
        [ 1.48933775+9.43689571e-16j -1.65216631+2.22044605e-16j  5.15538612-3.33066907e-16j  1.65831752-4.44089210e-16j -2.70415433-8.46545056e-16j  0.63805923+6.66133815e-16j  0.25892875-1.11022302e-15j  1.27322098+4.44089210e-16j]
        labels=[('kl', 'PhxArgRS')],
        shape=(8,),
    )
    grad_by_imM_imM: Tensor(
        [ 0.42603748+4.44089210e-16j  2.84442726-4.44089210e-16j -0.45124818+0.00000000e+00j -2.77805945+2.22044605e-16j  0.16654421+0.00000000e+00j  3.94262476-1.11022302e-16j  3.30695579-2.22044605e-16j -1.42256156+1.33226763e-15j]
        labels=[('kl', 'PhxArgRS')],
        shape=(8,),
    )
    hessian_by_M_M: [[ 33.4247331    0.99856307   7.25356248   1.34237835  -3.88403698   3.89825813   1.43388939  13.352582     0.           3.77017237  -8.63162133  -5.15320143   5.51214012  -1.47493854  -0.67458182  -4.82304486]
     [  0.99856307  21.65297312   0.83808657  -0.93387542  -0.87139689  -4.37438758   9.17129132   4.1490015   -3.77017237   0.           0.16370792   1.52215092  -9.69387267  -3.71562422  -2.85974089   3.28719721]
     [  7.25356248   0.83808657  32.0340363    7.11296067   0.78527941   1.36830211  -2.89014391   4.71843418   8.63162133  -0.16370792   0.          -9.45371158   0.08742085  19.73716881   4.23990575  -1.21072219]
     [  1.34237835  -0.93387542   7.11296067  30.43808203  -3.62906466  -1.79180456 -12.84938408   2.24739729   5.15320143  -1.52215092   9.45371158   0.          -1.01165629   2.59566751  10.55875969  -1.30303492]
     [ -3.88403698  -0.87139689   0.78527941  -3.62906466  43.55027528   6.70792204  -7.04756245 -15.91890049  -5.51214012   9.69387267  -0.08742085   1.01165629   0.           0.83649844   2.35646458  -1.66295062]
     [  3.89825813  -4.37438758   1.36830211  -1.79180456   6.70792204  34.29232994   0.08152033  -4.89474356   1.47493854   3.71562422 -19.73716881  -2.59566751  -0.83649844   0.           3.72863556  -0.0593998 ]
     [  1.43388939   9.17129132  -2.89014391 -12.84938408  -7.04756245   0.08152033  45.98129401   5.20911814   0.67458182   2.85974089  -4.23990575 -10.55875969  -2.35646458  -3.72863556   0.           7.66231251]
     [ 13.352582     4.1490015    4.71843418   2.24739729 -15.91890049  -4.89474356   5.20911814  24.72646321   4.82304486  -3.28719721   1.21072219   1.30303492   1.66295062   0.0593998   -7.66231251   0.        ]
     [  0.          -3.77017237   8.63162133   5.15320143  -5.51214012   1.47493854   0.67458182   4.82304486  33.4247331    0.99856307   7.25356248   1.34237835  -3.88403698   3.89825813   1.43388939  13.352582  ]
     [  3.77017237   0.          -0.16370792  -1.52215092   9.69387267   3.71562422   2.85974089  -3.28719721   0.99856307  21.65297312   0.83808657  -0.93387542  -0.87139689  -4.37438758   9.17129132   4.1490015 ]
     [ -8.63162133   0.16370792   0.           9.45371158  -0.08742085 -19.73716881  -4.23990575   1.21072219   7.25356248   0.83808657  32.0340363    7.11296067   0.78527941   1.36830211  -2.89014391   4.71843418]
     [ -5.15320143   1.52215092  -9.45371158   0.           1.01165629  -2.59566751 -10.55875969   1.30303492   1.34237835  -0.93387542   7.11296067  30.43808203  -3.62906466  -1.79180456 -12.84938408   2.24739729]
     [  5.51214012  -9.69387267   0.08742085  -1.01165629   0.          -0.83649844  -2.35646458   1.66295062  -3.88403698  -0.87139689   0.78527941  -3.62906466  43.55027528   6.70792204  -7.04756245 -15.91890049]
     [ -1.47493854  -3.71562422  19.73716881   2.59566751   0.83649844   0.          -3.72863556   0.0593998    3.89825813  -4.37438758   1.36830211  -1.79180456   6.70792204  34.29232994   0.08152033  -4.89474356]
     [ -0.67458182  -2.85974089   4.23990575  10.55875969   2.35646458   3.72863556   0.          -7.66231251   1.43388939   9.17129132  -2.89014391 -12.84938408  -7.04756245   0.08152033  45.98129401   5.20911814]
     [ -4.82304486   3.28719721  -1.21072219  -1.30303492  -1.66295062  -0.0593998    7.66231251   0.          13.352582     4.1490015    4.71843418   2.24739729 -15.91890049  -4.89474356   5.20911814  24.72646321]]
    eigvals of hessian_by_M_M: [ 6.99120252  6.99120252  8.86500636  8.86500636 12.42196883 12.42196883 19.78458159 19.78458159 35.39077559 35.39077559 44.43573091 44.43573091 67.46943278 67.46943278 70.74148843 70.74148843]
IWROR:
    iter_times, elapsed_time, sqdiff: 1, 0.004706859588623047, 4.882279420120138
    MSN: Tensor(
        [[ 0.47523079+0.17314335j  0.91559823-0.43666701j  0.11708065+0.37770387j -0.24999693-0.15869127j]
         [ 0.71148901-0.11381051j  0.48189643-0.23783551j -0.47480246-0.76934225j  0.32671393-0.63478982j]
         [-0.27940651+0.41969152j -0.33704249+0.55596161j  0.55781259-0.31173936j  0.4566494 +0.41791411j]
         [ 0.79884208-0.6857263j  -0.46317749-1.22873811j  0.19050199-1.24432612j  0.38239178-0.14691684j]]
        labels=['kl', 'kr'],
        shape=(4, 4),
    )
    grad_by_reM_reM: Tensor(
        [ 1.48933775+9.43689571e-16j -1.65216631+2.22044605e-16j  5.15538612-3.33066907e-16j  1.65831752-4.44089210e-16j -2.70415433-8.46545056e-16j  0.63805923+6.66133815e-16j  0.25892875-1.11022302e-15j  1.27322098+4.44089210e-16j]
        labels=[('kl', 'PhxArgRS')],
        shape=(8,),
    )
    grad_by_imM_imM: Tensor(
        [ 0.42603748+4.44089210e-16j  2.84442726-4.44089210e-16j -0.45124818+0.00000000e+00j -2.77805945+2.22044605e-16j  0.16654421+0.00000000e+00j  3.94262476-1.11022302e-16j  3.30695579-2.22044605e-16j -1.42256156+1.33226763e-15j]
        labels=[('kl', 'PhxArgRS')],
        shape=(8,),
    )
    hessian_by_M_M: [[ 33.4247331    0.99856307   7.25356248   1.34237835  -3.88403698   3.89825813   1.43388939  13.352582     0.           3.77017237  -8.63162133  -5.15320143   5.51214012  -1.47493854  -0.67458182  -4.82304486]
     [  0.99856307  21.65297312   0.83808657  -0.93387542  -0.87139689  -4.37438758   9.17129132   4.1490015   -3.77017237   0.           0.16370792   1.52215092  -9.69387267  -3.71562422  -2.85974089   3.28719721]
     [  7.25356248   0.83808657  32.0340363    7.11296067   0.78527941   1.36830211  -2.89014391   4.71843418   8.63162133  -0.16370792   0.          -9.45371158   0.08742085  19.73716881   4.23990575  -1.21072219]
     [  1.34237835  -0.93387542   7.11296067  30.43808203  -3.62906466  -1.79180456 -12.84938408   2.24739729   5.15320143  -1.52215092   9.45371158   0.          -1.01165629   2.59566751  10.55875969  -1.30303492]
     [ -3.88403698  -0.87139689   0.78527941  -3.62906466  43.55027528   6.70792204  -7.04756245 -15.91890049  -5.51214012   9.69387267  -0.08742085   1.01165629   0.           0.83649844   2.35646458  -1.66295062]
     [  3.89825813  -4.37438758   1.36830211  -1.79180456   6.70792204  34.29232994   0.08152033  -4.89474356   1.47493854   3.71562422 -19.73716881  -2.59566751  -0.83649844   0.           3.72863556  -0.0593998 ]
     [  1.43388939   9.17129132  -2.89014391 -12.84938408  -7.04756245   0.08152033  45.98129401   5.20911814   0.67458182   2.85974089  -4.23990575 -10.55875969  -2.35646458  -3.72863556   0.           7.66231251]
     [ 13.352582     4.1490015    4.71843418   2.24739729 -15.91890049  -4.89474356   5.20911814  24.72646321   4.82304486  -3.28719721   1.21072219   1.30303492   1.66295062   0.0593998   -7.66231251   0.        ]
     [  0.          -3.77017237   8.63162133   5.15320143  -5.51214012   1.47493854   0.67458182   4.82304486  33.4247331    0.99856307   7.25356248   1.34237835  -3.88403698   3.89825813   1.43388939  13.352582  ]
     [  3.77017237   0.          -0.16370792  -1.52215092   9.69387267   3.71562422   2.85974089  -3.28719721   0.99856307  21.65297312   0.83808657  -0.93387542  -0.87139689  -4.37438758   9.17129132   4.1490015 ]
     [ -8.63162133   0.16370792   0.           9.45371158  -0.08742085 -19.73716881  -4.23990575   1.21072219   7.25356248   0.83808657  32.0340363    7.11296067   0.78527941   1.36830211  -2.89014391   4.71843418]
     [ -5.15320143   1.52215092  -9.45371158   0.           1.01165629  -2.59566751 -10.55875969   1.30303492   1.34237835  -0.93387542   7.11296067  30.43808203  -3.62906466  -1.79180456 -12.84938408   2.24739729]
     [  5.51214012  -9.69387267   0.08742085  -1.01165629   0.          -0.83649844  -2.35646458   1.66295062  -3.88403698  -0.87139689   0.78527941  -3.62906466  43.55027528   6.70792204  -7.04756245 -15.91890049]
     [ -1.47493854  -3.71562422  19.73716881   2.59566751   0.83649844   0.          -3.72863556   0.0593998    3.89825813  -4.37438758   1.36830211  -1.79180456   6.70792204  34.29232994   0.08152033  -4.89474356]
     [ -0.67458182  -2.85974089   4.23990575  10.55875969   2.35646458   3.72863556   0.          -7.66231251   1.43388939   9.17129132  -2.89014391 -12.84938408  -7.04756245   0.08152033  45.98129401   5.20911814]
     [ -4.82304486   3.28719721  -1.21072219  -1.30303492  -1.66295062  -0.0593998    7.66231251   0.          13.352582     4.1490015    4.71843418   2.24739729 -15.91890049  -4.89474356   5.20911814  24.72646321]]
    eigvals of hessian_by_M_M: [ 6.99120252  6.99120252  8.86500636  8.86500636 12.42196883 12.42196883 19.78458159 19.78458159 35.39077559 35.39077559 44.43573091 44.43573091 67.46943278 67.46943278 70.74148843 70.74148843]
WLBOR:
    iter_times, elapsed_time, sqdiff: 1, 0.011018037796020508, 2.8854294996507375
    MSN: Tensor(
        [[ 0.45826041+0.33588615j  1.07739834-0.57612132j  0.14581836+0.42811682j -0.51968579-0.15032134j]
         [ 0.75047485-0.12715283j  0.66353646-0.10394169j -0.45483151-0.87954596j  0.38810512-0.67572411j]
         [-0.3358911 +0.39331059j -0.46428395+0.64188325j  0.59360058-0.08648037j  0.42122811+0.47193662j]
         [ 0.9377828 -0.71044373j -0.52589447-1.06752474j  0.16489627-1.25510302j  0.50425186+0.12250037j]]
        labels=['kl', 'kr'],
        shape=(4, 4),
    )
    grad_by_reM_reM: Tensor(
        [-0.06087519-5.27355937e-16j -0.5195131 -6.66133815e-16j  1.07932174+4.44089210e-16j  0.23257763-5.20417043e-16j -0.10634273-6.10622664e-16j -0.32586033+0.00000000e+00j -0.28013343-8.32667268e-16j -0.27058307-1.05471187e-15j]
        labels=[('kl', 'PhxArgRS')],
        shape=(8,),
    )
    grad_by_imM_imM: Tensor(
        [ 0.21261853-4.16333634e-16j  0.59032788-1.11022302e-16j -0.3495908 +5.55111512e-16j -0.11366614+0.00000000e+00j -0.89592393-1.77635684e-15j  0.30467643-2.22044605e-16j  0.06140319-1.94289029e-16j -0.24146855+4.44089210e-16j]
        labels=[('kl', 'PhxArgRS')],
        shape=(8,),
    )
    hessian_by_M_M: [[ 3.76864326e+01  1.06949844e+00  9.10073464e+00  5.13891747e+00 -3.04334089e+00  5.93836472e+00  3.41102251e+00  1.70521910e+01  0.00000000e+00  7.57376848e+00 -8.67079541e+00 -4.81124338e+00  4.75394312e+00 -2.64135396e+00 -1.66910928e+00 -4.96897914e+00]
     [ 1.06949844e+00  3.06408671e+01 -9.33060697e-02  5.02269043e-01  4.53459930e-02 -5.09142609e+00  1.10990420e+01  4.34102457e+00 -7.57376848e+00  0.00000000e+00  2.19008305e+00  2.19629283e+00 -1.35588717e+01 -4.63120574e+00 -4.54269638e+00  2.85914006e+00]
     [ 9.10073464e+00 -9.33060697e-02  3.96884962e+01  1.08544112e+01 -4.99121035e-01  1.56646022e+00 -1.84135911e+00  6.68473271e+00  8.67079541e+00 -2.19008305e+00  0.00000000e+00 -1.10325890e+01  4.62967696e+00  2.67263687e+01  3.61465221e+00 -4.75534161e+00]
     [ 5.13891747e+00  5.02269043e-01  1.08544112e+01  4.29281318e+01 -7.76360249e+00 -1.70789361e-01 -1.35178503e+01  6.25665233e+00  4.81124338e+00 -2.19629283e+00  1.10325890e+01  0.00000000e+00  1.60202055e+00  8.83196131e-01  1.11195102e+01 -4.90441982e+00]
     [-3.04334089e+00  4.53459930e-02 -4.99121035e-01 -7.76360249e+00  5.05972271e+01  7.50864392e+00 -7.21103579e+00 -1.90255209e+01 -4.75394312e+00  1.35588717e+01 -4.62967696e+00 -1.60202055e+00  0.00000000e+00  6.90067884e-01  1.13911583e+00 -1.68626287e+00]
     [ 5.93836472e+00 -5.09142609e+00  1.56646022e+00 -1.70789361e-01  7.50864392e+00  5.11868117e+01  7.41768481e-02 -4.10153312e+00  2.64135396e+00  4.63120574e+00 -2.67263687e+01 -8.83196131e-01 -6.90067884e-01  0.00000000e+00  3.25150626e+00  1.94890809e+00]
     [ 3.41102251e+00  1.10990420e+01 -1.84135911e+00 -1.35178503e+01 -7.21103579e+00  7.41768481e-02  5.13157050e+01  4.68952085e+00  1.66910928e+00  4.54269638e+00 -3.61465221e+00 -1.11195102e+01 -1.13911583e+00 -3.25150626e+00  0.00000000e+00  1.08587876e+01]
     [ 1.70521910e+01  4.34102457e+00  6.68473271e+00  6.25665233e+00 -1.90255209e+01 -4.10153312e+00  4.68952085e+00  3.49784700e+01  4.96897914e+00 -2.85914006e+00  4.75534161e+00  4.90441982e+00  1.68626287e+00 -1.94890809e+00 -1.08587876e+01  0.00000000e+00]
     [ 0.00000000e+00 -7.57376848e+00  8.67079541e+00  4.81124338e+00 -4.75394312e+00  2.64135396e+00  1.66910928e+00  4.96897914e+00  3.76864326e+01  1.06949844e+00  9.10073464e+00  5.13891747e+00 -3.04334089e+00  5.93836472e+00  3.41102251e+00  1.70521910e+01]
     [ 7.57376848e+00  0.00000000e+00 -2.19008305e+00 -2.19629283e+00  1.35588717e+01  4.63120574e+00  4.54269638e+00 -2.85914006e+00  1.06949844e+00  3.06408671e+01 -9.33060697e-02  5.02269043e-01  4.53459930e-02 -5.09142609e+00  1.10990420e+01  4.34102457e+00]
     [-8.67079541e+00  2.19008305e+00  0.00000000e+00  1.10325890e+01 -4.62967696e+00 -2.67263687e+01 -3.61465221e+00  4.75534161e+00  9.10073464e+00 -9.33060697e-02  3.96884962e+01  1.08544112e+01 -4.99121035e-01  1.56646022e+00 -1.84135911e+00  6.68473271e+00]
     [-4.81124338e+00  2.19629283e+00 -1.10325890e+01  0.00000000e+00 -1.60202055e+00 -8.83196131e-01 -1.11195102e+01  4.90441982e+00  5.13891747e+00  5.02269043e-01  1.08544112e+01  4.29281318e+01 -7.76360249e+00 -1.70789361e-01 -1.35178503e+01  6.25665233e+00]
     [ 4.75394312e+00 -1.35588717e+01  4.62967696e+00  1.60202055e+00  0.00000000e+00 -6.90067884e-01 -1.13911583e+00  1.68626287e+00 -3.04334089e+00  4.53459930e-02 -4.99121035e-01 -7.76360249e+00  5.05972271e+01  7.50864392e+00 -7.21103579e+00 -1.90255209e+01]
     [-2.64135396e+00 -4.63120574e+00  2.67263687e+01  8.83196131e-01  6.90067884e-01  0.00000000e+00 -3.25150626e+00 -1.94890809e+00  5.93836472e+00 -5.09142609e+00  1.56646022e+00 -1.70789361e-01  7.50864392e+00  5.11868117e+01  7.41768481e-02 -4.10153312e+00]
     [-1.66910928e+00 -4.54269638e+00  3.61465221e+00  1.11195102e+01  1.13911583e+00  3.25150626e+00  0.00000000e+00 -1.08587876e+01  3.41102251e+00  1.10990420e+01 -1.84135911e+00 -1.35178503e+01 -7.21103579e+00  7.41768481e-02  5.13157050e+01  4.68952085e+00]
     [-4.96897914e+00  2.85914006e+00 -4.75534161e+00 -4.90441982e+00 -1.68626287e+00  1.94890809e+00  1.08587876e+01  0.00000000e+00  1.70521910e+01  4.34102457e+00  6.68473271e+00  6.25665233e+00 -1.90255209e+01 -4.10153312e+00  4.68952085e+00  3.49784700e+01]]
    eigvals of hessian_by_M_M: [ 9.23638221  9.23638221 12.13389151 12.13389151 13.82276665 13.82276665 28.73716639 28.73716639 47.2075099  47.2075099  60.94153245 60.94153245 75.30689402 75.30689402 91.63599838 91.63599838]
WNAG:
    iter_times, elapsed_time, sqdiff: 1, 0.004542827606201172, 7.302493893361888
    MSN: Tensor(
        [[ 0.4816125 +0.11737327j  0.83943756-0.39049796j  0.11137452+0.33965655j -0.15023783-0.1519521j ]
         [ 0.67457594-0.11774378j  0.40766162-0.3028982j  -0.50554075-0.70865139j  0.29234106-0.64076724j]
         [-0.26115728+0.41678197j -0.26475792+0.50595128j  0.51330726-0.38536453j  0.45468448+0.37813537j]
         [ 0.70994797-0.69947388j -0.43456491-1.27358062j  0.11419406-1.21697779j  0.33647809-0.309937j  ]]
        labels=['kl', 'kr'],
        shape=(4, 4),
    )
    grad_by_reM_reM: Tensor(
        [ 3.01798293+5.55111512e-16j -2.32194691+6.66133815e-16j  6.65335534-6.66133815e-16j  3.42883116-4.44089210e-16j -5.16481929+1.11022302e-16j  0.372034  -4.44089210e-16j  0.71904427+1.33226763e-15j  2.78404431+0.00000000e+00j]
        labels=[('kl', 'PhxArgRS')],
        shape=(8,),
    )
    grad_by_imM_imM: Tensor(
        [ 0.36528745-2.22044605e-16j  3.2741596 +4.44089210e-16j  0.11791791+0.00000000e+00j -4.75905497+4.44089210e-16j  0.8893911 +8.88178420e-16j  4.75924325-2.22044605e-16j  5.882758  -7.77156117e-16j -1.79391051-4.44089210e-16j]
        labels=[('kl', 'PhxArgRS')],
        shape=(8,),
    )
    hessian_by_M_M: [[ 32.11484978   0.94745112   6.5229595    0.15184048  -4.27804408   3.14622267   0.62823103  11.62702643   0.           2.15924919  -8.58184836  -5.07088993   5.82935696  -0.95694353  -0.25730408  -4.78551436]
     [  0.94745112  18.43712503   1.22005834  -1.40138012  -0.88434477  -3.79728829   8.11430438   4.11661026  -2.15924919   0.          -0.76473058   1.00506664  -8.15003066  -3.26888654  -2.23281289   3.15986511]
     [  6.5229595    1.22005834  29.59668543   5.67584071   1.15205396   1.52349762  -3.15314582   3.97631139   8.58184836   0.76473058   0.          -8.62848153  -1.42108884  16.67140933   4.35738765  -0.04713348]
     [  0.15184048  -1.40138012   5.67584071  25.19209525  -1.96900711  -1.94796036 -12.37817758   0.72994825   5.07088993  -1.00506664   8.62848153   0.          -2.01360385   3.00129682   9.92647095  -0.15012786]
     [ -4.27804408  -0.88434477   1.15205396  -1.96900711  41.26128892   6.47770174  -6.93918495 -14.24826973  -5.82935696   8.15003066   1.42108884   2.01360385   0.           0.61653874   2.72054348  -1.33463829]
     [  3.14622267  -3.79728829   1.52349762  -1.94796036   6.47770174  27.59147279   0.16503624  -4.91102249   0.95694353   3.26888654 -16.67140933  -3.00129682  -0.61653874   0.           3.83749356  -0.72097571]
     [  0.62823103   8.11430438  -3.15314582 -12.37817758  -6.93918495   0.16503624  43.97662729   5.32307487   0.25730408   2.23281289  -4.35738765  -9.92647095  -2.72054348  -3.83749356   0.           6.37190661]
     [ 11.62702643   4.11661026   3.97631139   0.72994825 -14.24826973  -4.91102249   5.32307487  20.57348608   4.78551436  -3.15986511   0.04713348   0.15012786   1.33463829   0.72097571  -6.37190661   0.        ]
     [  0.          -2.15924919   8.58184836   5.07088993  -5.82935696   0.95694353   0.25730408   4.78551436  32.11484978   0.94745112   6.5229595    0.15184048  -4.27804408   3.14622267   0.62823103  11.62702643]
     [  2.15924919   0.           0.76473058  -1.00506664   8.15003066   3.26888654   2.23281289  -3.15986511   0.94745112  18.43712503   1.22005834  -1.40138012  -0.88434477  -3.79728829   8.11430438   4.11661026]
     [ -8.58184836  -0.76473058   0.           8.62848153   1.42108884 -16.67140933  -4.35738765   0.04713348   6.5229595    1.22005834  29.59668543   5.67584071   1.15205396   1.52349762  -3.15314582   3.97631139]
     [ -5.07088993   1.00506664  -8.62848153   0.           2.01360385  -3.00129682  -9.92647095   0.15012786   0.15184048  -1.40138012   5.67584071  25.19209525  -1.96900711  -1.94796036 -12.37817758   0.72994825]
     [  5.82935696  -8.15003066  -1.42108884  -2.01360385   0.          -0.61653874  -2.72054348   1.33463829  -4.27804408  -0.88434477   1.15205396  -1.96900711  41.26128892   6.47770174  -6.93918495 -14.24826973]
     [ -0.95694353  -3.26888654  16.67140933   3.00129682   0.61653874   0.          -3.83749356   0.72097571   3.14622267  -3.79728829   1.52349762  -1.94796036   6.47770174  27.59147279   0.16503624  -4.91102249]
     [ -0.25730408  -2.23281289   4.35738765   9.92647095   2.72054348   3.83749356   0.          -6.37190661   0.62823103   8.11430438  -3.15314582 -12.37817758  -6.93918495   0.16503624  43.97662729   5.32307487]
     [ -4.78551436   3.15986511  -0.04713348  -0.15012786  -1.33463829  -0.72097571   6.37190661   0.          11.62702643   4.11661026   3.97631139   0.72994825 -14.24826973  -4.91102249   5.32307487  20.57348608]]
    eigvals of hessian_by_M_M: [ 6.15626248  6.15626248  7.55650137  7.55650137 12.10744611 12.10744611 15.77294897 15.77294897 30.79499653 30.79499653 39.24019169 39.24019169 61.11812038 61.11812038 65.99716303 65.99716303]
SNAG:
    iter_times, elapsed_time, sqdiff: 1, 0.0053348541259765625, 3.6135014885205345
    MSN: Tensor(
        [[ 0.47212354+0.24036392j  0.91903757-0.48427116j  0.06475521+0.23743334j -0.36308518-0.18158539j]
         [ 0.7421391 -0.07969601j  0.5657459 -0.22469568j -0.38028131-0.8695115j   0.41133391-0.61714582j]
         [-0.29282786+0.39776314j -0.38255374+0.64374582j  0.62255304-0.22486762j  0.51967118+0.47021139j]
         [ 0.95744189-0.68101389j -0.46266489-1.22086851j  0.16320646-1.23806541j  0.50863393+0.0772426j ]]
        labels=['kl', 'kr'],
        shape=(4, 4),
    )
    grad_by_reM_reM: Tensor(
        [-0.63024919-1.94289029e-15j -0.15057209+2.22044605e-16j  2.20150172-1.16573418e-15j -1.54178534+6.66133815e-16j -0.20959938-2.22044605e-16j  0.88476177-2.22044605e-16j -1.06849742-7.49400542e-16j -0.59000284-4.44089210e-16j]
        labels=[('kl', 'PhxArgRS')],
        shape=(8,),
    )
    grad_by_imM_imM: Tensor(
        [ 0.80540645-3.88578059e-16j  2.43942732-7.77156117e-16j -0.6866055 +0.00000000e+00j  1.25833779+0.00000000e+00j -1.6108798 -1.69309011e-15j  3.52308681+1.66533454e-16j -0.02616812-5.55111512e-16j -0.22299734+1.66533454e-16j]
        labels=[('kl', 'PhxArgRS')],
        shape=(8,),
    )
    hessian_by_M_M: [[ 3.50001490e+01 -5.19737660e-01  7.76401489e+00  3.89699345e+00 -3.51915901e+00  4.95037434e+00  1.11316007e+00  1.34820696e+01  0.00000000e+00  6.23455790e+00 -8.58224366e+00 -4.11852772e+00  6.07663062e+00 -1.82978889e+00 -6.72461941e-01 -4.59495524e+00]
     [-5.19737660e-01  2.30254344e+01  3.32473239e-02  2.02042033e-01  8.23331603e-01 -3.35497874e+00  8.45499880e+00  3.80144294e+00 -6.23455790e+00  0.00000000e+00  9.63800694e-01  1.89622113e+00 -1.04295444e+01 -4.19999762e+00 -4.20533638e+00  2.13318631e+00]
     [ 7.76401489e+00  3.32473239e-02  3.46499099e+01  6.63402571e+00 -9.17783905e-02  1.96707706e+00 -1.61453218e+00  5.21665502e+00  8.58224366e+00 -9.63800694e-01  0.00000000e+00 -8.56482726e+00  1.34980093e+00  2.15468898e+01  3.20311944e+00 -2.75259349e+00]
     [ 3.89699345e+00  2.02042033e-01  6.63402571e+00  3.12228429e+01 -5.57891150e+00 -6.70939299e-01 -1.22418433e+01  3.54882236e+00  4.11852772e+00 -1.89622113e+00  8.56482726e+00  0.00000000e+00  5.99517125e-01  1.96421651e+00  9.03485529e+00 -3.36755274e+00]
     [-3.51915901e+00  8.23331603e-01 -9.17783905e-02 -5.57891150e+00  4.49017117e+01  4.66534242e+00 -5.73863513e+00 -1.52262339e+01 -6.07663062e+00  1.04295444e+01 -1.34980093e+00 -5.99517125e-01  0.00000000e+00  1.17275408e+00  1.16519452e+00 -1.09619150e+00]
     [ 4.95037434e+00 -3.35497874e+00  1.96707706e+00 -6.70939299e-01  4.66534242e+00  3.71794630e+01  6.43308881e-01 -3.91349022e+00  1.82978889e+00  4.19999762e+00 -2.15468898e+01 -1.96421651e+00 -1.17275408e+00  0.00000000e+00  2.62120531e+00  1.05819651e+00]
     [ 1.11316007e+00  8.45499880e+00 -1.61453218e+00 -1.22418433e+01 -5.73863513e+00  6.43308881e-01  4.66687160e+01  3.08666027e+00  6.72461941e-01  4.20533638e+00 -3.20311944e+00 -9.03485529e+00 -1.16519452e+00 -2.62120531e+00  0.00000000e+00  9.46044922e+00]
     [ 1.34820696e+01  3.80144294e+00  5.21665502e+00  3.54882236e+00 -1.52262339e+01 -3.91349022e+00  3.08666027e+00  2.58951877e+01  4.59495524e+00 -2.13318631e+00  2.75259349e+00  3.36755274e+00  1.09619150e+00 -1.05819651e+00 -9.46044922e+00  0.00000000e+00]
     [ 0.00000000e+00 -6.23455790e+00  8.58224366e+00  4.11852772e+00 -6.07663062e+00  1.82978889e+00  6.72461941e-01  4.59495524e+00  3.50001490e+01 -5.19737660e-01  7.76401489e+00  3.89699345e+00 -3.51915901e+00  4.95037434e+00  1.11316007e+00  1.34820696e+01]
     [ 6.23455790e+00  0.00000000e+00 -9.63800694e-01 -1.89622113e+00  1.04295444e+01  4.19999762e+00  4.20533638e+00 -2.13318631e+00 -5.19737660e-01  2.30254344e+01  3.32473239e-02  2.02042033e-01  8.23331603e-01 -3.35497874e+00  8.45499880e+00  3.80144294e+00]
     [-8.58224366e+00  9.63800694e-01  0.00000000e+00  8.56482726e+00 -1.34980093e+00 -2.15468898e+01 -3.20311944e+00  2.75259349e+00  7.76401489e+00  3.32473239e-02  3.46499099e+01  6.63402571e+00 -9.17783905e-02  1.96707706e+00 -1.61453218e+00  5.21665502e+00]
     [-4.11852772e+00  1.89622113e+00 -8.56482726e+00  0.00000000e+00 -5.99517125e-01 -1.96421651e+00 -9.03485529e+00  3.36755274e+00  3.89699345e+00  2.02042033e-01  6.63402571e+00  3.12228429e+01 -5.57891150e+00 -6.70939299e-01 -1.22418433e+01  3.54882236e+00]
     [ 6.07663062e+00 -1.04295444e+01  1.34980093e+00  5.99517125e-01  0.00000000e+00 -1.17275408e+00 -1.16519452e+00  1.09619150e+00 -3.51915901e+00  8.23331603e-01 -9.17783905e-02 -5.57891150e+00  4.49017117e+01  4.66534242e+00 -5.73863513e+00 -1.52262339e+01]
     [-1.82978889e+00 -4.19999762e+00  2.15468898e+01  1.96421651e+00  1.17275408e+00  0.00000000e+00 -2.62120531e+00 -1.05819651e+00  4.95037434e+00 -3.35497874e+00  1.96707706e+00 -6.70939299e-01  4.66534242e+00  3.71794630e+01  6.43308881e-01 -3.91349022e+00]
     [-6.72461941e-01 -4.20533638e+00  3.20311944e+00  9.03485529e+00  1.16519452e+00  2.62120531e+00  0.00000000e+00 -9.46044922e+00  1.11316007e+00  8.45499880e+00 -1.61453218e+00 -1.22418433e+01 -5.73863513e+00  6.43308881e-01  4.66687160e+01  3.08666027e+00]
     [-4.59495524e+00  2.13318631e+00 -2.75259349e+00 -3.36755274e+00 -1.09619150e+00  1.05819651e+00  9.46044922e+00  0.00000000e+00  1.34820696e+01  3.80144294e+00  5.21665502e+00  3.54882236e+00 -1.52262339e+01 -3.91349022e+00  3.08666027e+00  2.58951877e+01]]
    eigvals of hessian_by_M_M: [ 7.65601529  7.65601529  9.50578621  9.50578621 12.41377708 12.41377708 22.45863363 22.45863363 39.01977574 39.01977574 49.6385123  49.6385123  64.61323685 64.61323685 73.23767745 73.23767745]
SSpiral(8):
    iter_times, elapsed_time, sqdiff: 1, 0.008216142654418945, 2.7910607941135877
    MSN: Tensor(
        [[ 0.44508095+0.33681419j  1.14052058-0.57651544j  0.1296497 +0.48856834j -0.55700014-0.18631811j]
         [ 0.78614485-0.18927081j  0.65819877-0.1386415j  -0.45755681-0.89281345j  0.38462864-0.66909482j]
         [-0.34740262+0.38197775j -0.50896358+0.6661266j   0.53471637-0.09459159j  0.42126908+0.45034304j]
         [ 0.94594183-0.73930549j -0.52949813-1.05513737j  0.15634513-1.28802927j  0.50541842+0.11474847j]]
        labels=['kl', 'kr'],
        shape=(4, 4),
    )
    grad_by_reM_reM: Tensor(
        [-0.17055266+1.06858966e-15j -0.42764186+2.22044605e-16j  0.4794709 -7.77156117e-16j  0.29436613-3.88578059e-16j  0.22960165-1.08246745e-15j -0.08948936+3.60822483e-16j -0.2914084 +6.10622664e-16j -0.30219223-3.88578059e-16j]
        labels=[('kl', 'PhxArgRS')],
        shape=(8,),
    )
    grad_by_imM_imM: Tensor(
        [ 0.21454453-4.99600361e-16j  0.21991956+1.11022302e-16j  0.12166748-8.32667268e-17j  0.13218273+2.22044605e-16j -0.20931872-1.33226763e-15j -0.01180208-1.11022302e-16j -0.11513147+3.60822483e-16j -0.22878594-3.88578059e-16j]
        labels=[('kl', 'PhxArgRS')],
        shape=(8,),
    )
    hessian_by_M_M: [[ 3.77107803e+01  1.40345649e+00  9.02746206e+00  5.33797861e+00 -3.09789876e+00  5.87421194e+00  3.27555802e+00  1.72006228e+01  0.00000000e+00  8.14999841e+00 -8.31652900e+00 -4.93505303e+00  4.61539375e+00 -2.62187127e+00 -1.65722684e+00 -4.85465552e+00]
     [ 1.40345649e+00  3.04844005e+01 -2.43641520e-01  5.89211401e-01 -2.46318619e-01 -4.86461135e+00  1.13655025e+01  4.27857876e+00 -8.14999841e+00  0.00000000e+00  2.03882623e+00  1.91376858e+00 -1.34496645e+01 -4.81320681e+00 -4.36503645e+00  2.65920907e+00]
     [ 9.02746206e+00 -2.43641520e-01  3.96571895e+01  1.10499021e+01 -2.99026177e-01  1.23186573e+00 -1.80869215e+00  6.38699941e+00  8.31652900e+00 -2.03882623e+00  0.00000000e+00 -1.04740512e+01  4.71706074e+00  2.68611916e+01  3.59343877e+00 -4.93338687e+00]
     [ 5.33797861e+00  5.89211401e-01  1.10499021e+01  4.29627513e+01 -8.03982970e+00  4.06807836e-01 -1.31351928e+01  6.05949683e+00  4.93505303e+00 -1.91376858e+00  1.04740512e+01  0.00000000e+00  1.70040956e+00  7.37368058e-01  1.16166592e+01 -5.11673785e+00]
