b=4, chi=2, seed=563, 
NOR:
    iter_times, elapsed_time, sqdiff: 300, 0.4035968780517578, 3.541635103087507
    MSN: Tensor(
        [[ 0.4724329 -0.04709804j  1.28021325-0.05287888j -0.45488496+0.31465354j -0.75998715+0.27491443j]
         [ 0.95129437+1.09445755j -0.89643041-0.84139348j  0.7446358 +0.12374228j  1.02413363+0.02374114j]
         [ 0.51753396+0.96574944j  0.20795131+0.03657577j  0.02891505+0.08626237j  0.09358095-0.08933298j]
         [-0.05464734-0.05521202j  0.97388663+0.89582266j -0.62907752-0.10133951j -0.84140454-0.24998565j]]
        labels=['kl', 'kr'],
        shape=(4, 4),
    )
    grad_by_M: [ 1.35447209e-14 -4.93702301e-15 -2.19269047e-15 -1.22124533e-15 -1.33226763e-15 -1.37667655e-14 -5.27355937e-15 -1.25455202e-14  1.87350135e-14 -1.20459198e-14  2.23432384e-14 -2.77555756e-16 -1.10467191e-14  5.99520433e-15  4.87457297e-15  1.56819002e-15]
    hessian_by_M_M: [[ 53.0497201    1.61611226   6.13252372  -6.99474527  19.89222289  -4.78333227  -7.49247322  -3.06033235   0.         -14.19231855   6.32955226   4.82206415   4.84328815  -8.68850472  -8.33778584  11.50688935]
     [  1.61611226  38.67961002  -5.38413976   1.02702353   9.84585579  -0.69026584  14.99776111  -6.65091504  14.19231855   0.          11.27570573   8.98444387   5.38453045  -4.61073169 -10.37827987  -5.46367674]
     [  6.13252372  -5.38413976  55.80421406   7.01939767  16.90726042  -8.77349043  -8.32966449  -1.18632484  -6.32955226 -11.27570573   0.          -9.09424034 -10.25104027  -0.96536814   9.81156764  -6.14354507]
     [ -6.99474527   1.02702353   7.01939767  34.94961766 -10.81854653  -1.95525911 -14.03766652  -0.9344769   -4.82206415  -8.98444387   9.09424034   0.           5.63895037   0.19955147  -2.15966511  21.95894787]
     [ 19.89222289   9.84585579  16.90726042 -10.81854653  67.62580343   1.3467725    1.53938095  26.39414624  -4.84328815  -5.38453045  10.25104027  -5.63895037   0.         -25.09559496  -6.12799513 -17.09511143]
     [ -4.78333227  -0.69026584  -8.77349043  -1.95525911   1.3467725   50.25147653   8.14678276  18.03626989   8.68850472   4.61073169   0.96536814  -0.19955147  25.09559496   0.          -1.04851525   0.58607763]
     [ -7.49247322  14.99776111  -8.32966449 -14.03766652   1.53938095   8.14678276  44.81295826  -3.40919304   8.33778584  10.37827987  -9.81156764   2.15966511   6.12799513   1.04851525   0.         -18.81624025]
     [ -3.06033235  -6.65091504  -1.18632484  -0.9344769   26.39414624  18.03626989  -3.40919304  70.56298032 -11.50688935   5.46367674   6.14354507 -21.95894787  17.09511143  -0.58607763  18.81624025   0.        ]
     [  0.          14.19231855  -6.32955226  -4.82206415  -4.84328815   8.68850472   8.33778584 -11.50688935  53.0497201    1.61611226   6.13252372  -6.99474527  19.89222289  -4.78333227  -7.49247322  -3.06033235]
     [-14.19231855   0.         -11.27570573  -8.98444387  -5.38453045   4.61073169  10.37827987   5.46367674   1.61611226  38.67961002  -5.38413976   1.02702353   9.84585579  -0.69026584  14.99776111  -6.65091504]
     [  6.32955226  11.27570573   0.           9.09424034  10.25104027   0.96536814  -9.81156764   6.14354507   6.13252372  -5.38413976  55.80421406   7.01939767  16.90726042  -8.77349043  -8.32966449  -1.18632484]
     [  4.82206415   8.98444387  -9.09424034   0.          -5.63895037  -0.19955147   2.15966511 -21.95894787  -6.99474527   1.02702353   7.01939767  34.94961766 -10.81854653  -1.95525911 -14.03766652  -0.9344769 ]
     [  4.84328815   5.38453045 -10.25104027   5.63895037   0.          25.09559496   6.12799513  17.09511143  19.89222289   9.84585579  16.90726042 -10.81854653  67.62580343   1.3467725    1.53938095  26.39414624]
     [ -8.68850472  -4.61073169  -0.96536814   0.19955147 -25.09559496   0.           1.04851525  -0.58607763  -4.78333227  -0.69026584  -8.77349043  -1.95525911   1.3467725   50.25147653   8.14678276  18.03626989]
     [ -8.33778584 -10.37827987   9.81156764  -2.15966511  -6.12799513  -1.04851525   0.          18.81624025  -7.49247322  14.99776111  -8.32966449 -14.03766652   1.53938095   8.14678276  44.81295826  -3.40919304]
     [ 11.50688935  -5.46367674  -6.14354507  21.95894787 -17.09511143   0.58607763 -18.81624025   0.          -3.06033235  -6.65091504  -1.18632484  -0.9344769   26.39414624  18.03626989  -3.40919304  70.56298032]]
