b=4, chi=2, seed=211, 
NOR:
    iter_times, elapsed_time, sqdiff: 1, 0.002721071243286133, 2.8256989004010693
    MSN: Tensor(
        [[ 0.77174066+0.64469463j  0.058689  +0.58324093j -0.27507709+0.7410813j  -0.55446862-0.33130009j]
         [ 0.04851409+0.00456935j -0.04203065+0.64607328j  0.22019596-0.69025954j -0.50467966+0.96760582j]
         [ 0.65820973+0.53323921j  0.28277899+0.63323414j -0.458583  +0.40798686j -0.1946851 +0.09327184j]
         [-0.34205925+0.32523275j -0.59368463+0.13065646j  0.07722596-0.25676476j -0.40817392-0.21684149j]]
        labels=['kl', 'kr'],
        shape=(4, 4),
    )
    grad_by_reM_reM: Tensor(
        [-0.84611876+0.00000000e+00j  0.63059384+2.22044605e-16j -0.83950365+3.33066907e-16j -0.99757146-6.66133815e-16j -0.31220065+1.11022302e-16j -0.49067608+2.22044605e-16j -1.23999846+4.44089210e-16j  0.17870854-3.33066907e-16j]
        labels=[('kl', 'PJgKFQRI')],
        shape=(8,),
    )
    grad_by_imM_imM: Tensor(
        [-0.08241029-7.21644966e-16j  2.78751689+4.44089210e-16j -0.99978729-1.11022302e-16j  0.99742491+2.77555756e-16j -0.3664151 -6.66133815e-16j -3.24272646-1.11022302e-16j  2.23881916+0.00000000e+00j -0.38946812+1.05471187e-15j]
        labels=[('kl', 'PJgKFQRI')],
        shape=(8,),
    )
    hessian_by_M_M: [[ 4.83197874e+01  1.25708127e+01  6.06301037e+00  3.64776955e+00  1.05139097e+01  5.21431811e+00  6.45261882e+00  4.58451174e+00  0.00000000e+00  1.41470220e+01 -1.07752607e+00 -4.77141830e-01 -1.21064110e+01 -5.75773769e+00 -7.84453829e+00  3.03288307e+00]
     [ 1.25708127e+01  4.89274879e+01 -5.98562107e+00  7.28101984e+00 -1.02380444e+01 -6.26000484e+00 -4.23967189e+00 -1.06461177e+01 -1.41470220e+01  0.00000000e+00 -7.44201225e+00  1.12041633e+01 -3.90077745e+00 -2.06421246e+00  1.84871949e+00  2.87825091e+00]
     [ 6.06301037e+00 -5.98562107e+00  3.90228642e+01 -1.07355425e+00  1.64057401e+01  8.38844066e+00 -2.02434041e+00  7.61739547e+00  1.07752607e+00  7.44201225e+00  0.00000000e+00  1.09538110e+01 -6.24797011e+00  6.92301919e-01 -2.11062866e+00 -3.17755176e+00]
     [ 3.64776955e+00  7.28101984e+00 -1.07355425e+00  4.41527909e+01 -2.06696144e+00 -1.33012409e+01  5.26991390e+00  9.75665687e+00  4.77141830e-01 -1.12041633e+01 -1.09538110e+01  0.00000000e+00 -4.57779920e+00  6.60351748e+00  1.62889094e+01 -4.20699676e-01]
     [ 1.05139097e+01 -1.02380444e+01  1.64057401e+01 -2.06696144e+00  3.88642395e+01  7.68334769e+00 -1.02666821e+01 -4.95998075e+00  1.21064110e+01  3.90077745e+00  6.24797011e+00  4.57779920e+00  0.00000000e+00 -1.85124602e+00 -6.27396372e-03  5.91390182e+00]
     [ 5.21431811e+00 -6.26000484e+00  8.38844066e+00 -1.33012409e+01  7.68334769e+00  3.13497350e+01  4.38439511e+00 -6.02217648e+00  5.75773769e+00  2.06421246e+00 -6.92301919e-01 -6.60351748e+00  1.85124602e+00  0.00000000e+00 -1.04099490e+01  3.90287251e+00]
     [ 6.45261882e+00 -4.23967189e+00 -2.02434041e+00  5.26991390e+00 -1.02666821e+01  4.38439511e+00  2.90614349e+01  3.88127767e+00  7.84453829e+00 -1.84871949e+00  2.11062866e+00 -1.62889094e+01  6.27396372e-03  1.04099490e+01  0.00000000e+00 -9.51140679e-01]
     [ 4.58451174e+00 -1.06461177e+01  7.61739547e+00  9.75665687e+00 -4.95998075e+00 -6.02217648e+00  3.88127767e+00  4.47392482e+01 -3.03288307e+00 -2.87825091e+00  3.17755176e+00  4.20699676e-01 -5.91390182e+00 -3.90287251e+00  9.51140679e-01  0.00000000e+00]
     [ 0.00000000e+00 -1.41470220e+01  1.07752607e+00  4.77141830e-01  1.21064110e+01  5.75773769e+00  7.84453829e+00 -3.03288307e+00  4.83197874e+01  1.25708127e+01  6.06301037e+00  3.64776955e+00  1.05139097e+01  5.21431811e+00  6.45261882e+00  4.58451174e+00]
     [ 1.41470220e+01  0.00000000e+00  7.44201225e+00 -1.12041633e+01  3.90077745e+00  2.06421246e+00 -1.84871949e+00 -2.87825091e+00  1.25708127e+01  4.89274879e+01 -5.98562107e+00  7.28101984e+00 -1.02380444e+01 -6.26000484e+00 -4.23967189e+00 -1.06461177e+01]
     [-1.07752607e+00 -7.44201225e+00  0.00000000e+00 -1.09538110e+01  6.24797011e+00 -6.92301919e-01  2.11062866e+00  3.17755176e+00  6.06301037e+00 -5.98562107e+00  3.90228642e+01 -1.07355425e+00  1.64057401e+01  8.38844066e+00 -2.02434041e+00  7.61739547e+00]
     [-4.77141830e-01  1.12041633e+01  1.09538110e+01  0.00000000e+00  4.57779920e+00 -6.60351748e+00 -1.62889094e+01  4.20699676e-01  3.64776955e+00  7.28101984e+00 -1.07355425e+00  4.41527909e+01 -2.06696144e+00 -1.33012409e+01  5.26991390e+00  9.75665687e+00]
     [-1.21064110e+01 -3.90077745e+00 -6.24797011e+00 -4.57779920e+00  0.00000000e+00  1.85124602e+00  6.27396372e-03 -5.91390182e+00  1.05139097e+01 -1.02380444e+01  1.64057401e+01 -2.06696144e+00  3.88642395e+01  7.68334769e+00 -1.02666821e+01 -4.95998075e+00]
     [-5.75773769e+00 -2.06421246e+00  6.92301919e-01  6.60351748e+00 -1.85124602e+00  0.00000000e+00  1.04099490e+01 -3.90287251e+00  5.21431811e+00 -6.26000484e+00  8.38844066e+00 -1.33012409e+01  7.68334769e+00  3.13497350e+01  4.38439511e+00 -6.02217648e+00]
     [-7.84453829e+00  1.84871949e+00 -2.11062866e+00  1.62889094e+01 -6.27396372e-03 -1.04099490e+01  0.00000000e+00  9.51140679e-01  6.45261882e+00 -4.23967189e+00 -2.02434041e+00  5.26991390e+00 -1.02666821e+01  4.38439511e+00  2.90614349e+01  3.88127767e+00]
     [ 3.03288307e+00  2.87825091e+00 -3.17755176e+00 -4.20699676e-01  5.91390182e+00  3.90287251e+00 -9.51140679e-01  0.00000000e+00  4.58451174e+00 -1.06461177e+01  7.61739547e+00  9.75665687e+00 -4.95998075e+00 -6.02217648e+00  3.88127767e+00  4.47392482e+01]]
    eigvals of hessian_by_M_M: [ 6.09798627  6.09798627 11.2257631  11.2257631  15.10475196 15.10475196 30.40578745 30.40578745 44.04554022 44.04554022 56.38764628 56.38764628 69.23659158 69.23659158 91.93352122 91.93352122]
WCOR:
    iter_times, elapsed_time, sqdiff: 1, 0.0027751922607421875, 3.932081989425326
    MSN: Tensor(
        [[ 0.72525616+0.5996882j   0.01355155+0.67247219j -0.35454022+0.91354728j -0.41270212-0.22025038j]
         [ 0.08119115-0.07279231j  0.03995207+0.58611616j  0.31997711-0.66477684j -0.4146376 +0.76967292j]
         [ 0.67616392+0.46218923j  0.21489535+0.76048754j -0.3712355 +0.54745564j -0.28431111+0.16066572j]
         [-0.30816299+0.45276831j -0.72104031+0.20916709j -0.07660783-0.2652084j  -0.42137348-0.22954914j]]
        labels=['kl', 'kr'],
        shape=(4, 4),
    )
    grad_by_reM_reM: Tensor(
        [-0.6034658 +0.00000000e+00j  1.92935943+4.44089210e-16j -0.98922574+0.00000000e+00j  0.38798935+3.33066907e-16j -1.42610642+1.11022302e-15j  0.11266944-4.44089210e-16j -1.07287881+4.44089210e-16j  0.49238446-1.11022302e-15j]
        labels=[('kl', 'PJgKFQRI')],
        shape=(8,),
    )
    grad_by_imM_imM: Tensor(
        [-2.25712775+0.00000000e+00j  5.05798085+6.66133815e-16j -2.53461485+2.22044605e-16j  1.45526577-8.88178420e-16j -0.63545329-4.44089210e-16j -6.57551355-8.88178420e-16j -0.50578528+2.22044605e-15j -0.19195076+8.32667268e-16j]
        labels=[('kl', 'PJgKFQRI')],
        shape=(8,),
    )
    hessian_by_M_M: [[ 4.95333235e+01  1.15329781e+01  8.70998589e+00  4.32146180e+00  1.26077306e+01  5.99672315e+00  6.35399597e+00  7.30942806e+00  0.00000000e+00  2.04374819e+01 -9.19979381e-01  1.60844242e+00 -1.21984488e+01 -5.36263974e+00 -1.08251485e+01  3.34086364e+00]
     [ 1.15329781e+01  4.50225283e+01 -3.37674576e+00  9.18370772e+00 -1.04526079e+01 -6.46183234e+00 -5.50278001e+00 -6.77616890e+00 -2.04374819e+01  0.00000000e+00 -1.33015837e+01  7.89064457e+00 -7.28959481e+00 -5.12894125e+00  6.73757165e-02  7.19328773e-01]
     [ 8.70998589e+00 -3.37674576e+00  4.30415775e+01 -6.94326350e-01  1.67792147e+01  1.14742202e+01 -2.76634276e+00  6.51509055e+00  9.19979381e-01  1.33015837e+01  0.00000000e+00  1.70833138e+01 -9.01301730e+00 -1.56231449e-02 -3.04889830e+00 -3.33551510e+00]
     [ 4.32146180e+00  9.18370772e+00 -6.94326350e-01  3.81407836e+01 -1.02953326e+00 -1.11698558e+01  3.06651354e+00  5.46444079e+00 -1.60844242e+00 -7.89064457e+00 -1.70833138e+01  0.00000000e+00 -5.80874044e+00  2.06180035e+00  1.43442412e+01  8.32594196e-01]
     [ 1.26077306e+01 -1.04526079e+01  1.67792147e+01 -1.02953326e+00  3.93134305e+01  7.37240512e+00 -1.11003813e+01 -3.35674982e+00  1.21984488e+01  7.28959481e+00  9.01301730e+00  5.80874044e+00  0.00000000e+00  3.35634542e+00  5.56686518e-01  3.18111651e+00]
     [ 5.99672315e+00 -6.46183234e+00  1.14742202e+01 -1.11698558e+01  7.37240512e+00  2.78307185e+01  5.40442079e+00 -2.97907518e+00  5.36263974e+00  5.12894125e+00  1.56231449e-02 -2.06180035e+00 -3.35634542e+00  0.00000000e+00 -8.09027681e+00  4.40119748e+00]
     [ 6.35399597e+00 -5.50278001e+00 -2.76634276e+00  3.06651354e+00 -1.11003813e+01  5.40442079e+00  3.33152255e+01  4.06582396e+00  1.08251485e+01 -6.73757165e-02  3.04889830e+00 -1.43442412e+01 -5.56686518e-01  8.09027681e+00  0.00000000e+00  5.60660034e+00]
     [ 7.30942806e+00 -6.77616890e+00  6.51509055e+00  5.46444079e+00 -3.35674982e+00 -2.97907518e+00  4.06582396e+00  3.56900221e+01 -3.34086364e+00 -7.19328773e-01  3.33551510e+00 -8.32594196e-01 -3.18111651e+00 -4.40119748e+00 -5.60660034e+00  0.00000000e+00]
     [ 0.00000000e+00 -2.04374819e+01  9.19979381e-01 -1.60844242e+00  1.21984488e+01  5.36263974e+00  1.08251485e+01 -3.34086364e+00  4.95333235e+01  1.15329781e+01  8.70998589e+00  4.32146180e+00  1.26077306e+01  5.99672315e+00  6.35399597e+00  7.30942806e+00]
     [ 2.04374819e+01  0.00000000e+00  1.33015837e+01 -7.89064457e+00  7.28959481e+00  5.12894125e+00 -6.73757165e-02 -7.19328773e-01  1.15329781e+01  4.50225283e+01 -3.37674576e+00  9.18370772e+00 -1.04526079e+01 -6.46183234e+00 -5.50278001e+00 -6.77616890e+00]
     [-9.19979381e-01 -1.33015837e+01  0.00000000e+00 -1.70833138e+01  9.01301730e+00  1.56231449e-02  3.04889830e+00  3.33551510e+00  8.70998589e+00 -3.37674576e+00  4.30415775e+01 -6.94326350e-01  1.67792147e+01  1.14742202e+01 -2.76634276e+00  6.51509055e+00]
     [ 1.60844242e+00  7.89064457e+00  1.70833138e+01  0.00000000e+00  5.80874044e+00 -2.06180035e+00 -1.43442412e+01 -8.32594196e-01  4.32146180e+00  9.18370772e+00 -6.94326350e-01  3.81407836e+01 -1.02953326e+00 -1.11698558e+01  3.06651354e+00  5.46444079e+00]
     [-1.21984488e+01 -7.28959481e+00 -9.01301730e+00 -5.80874044e+00  0.00000000e+00 -3.35634542e+00 -5.56686518e-01 -3.18111651e+00  1.26077306e+01 -1.04526079e+01  1.67792147e+01 -1.02953326e+00  3.93134305e+01  7.37240512e+00 -1.11003813e+01 -3.35674982e+00]
     [-5.36263974e+00 -5.12894125e+00 -1.56231449e-02  2.06180035e+00  3.35634542e+00  0.00000000e+00  8.09027681e+00 -4.40119748e+00  5.99672315e+00 -6.46183234e+00  1.14742202e+01 -1.11698558e+01  7.37240512e+00  2.78307185e+01  5.40442079e+00 -2.97907518e+00]
     [-1.08251485e+01  6.73757165e-02 -3.04889830e+00  1.43442412e+01  5.56686518e-01 -8.09027681e+00  0.00000000e+00 -5.60660034e+00  6.35399597e+00 -5.50278001e+00 -2.76634276e+00  3.06651354e+00 -1.11003813e+01  5.40442079e+00  3.33152255e+01  4.06582396e+00]
     [ 3.34086364e+00  7.19328773e-01 -3.33551510e+00  8.32594196e-01  3.18111651e+00  4.40119748e+00  5.60660034e+00  0.00000000e+00  7.30942806e+00 -6.77616890e+00  6.51509055e+00  5.46444079e+00 -3.35674982e+00 -2.97907518e+00  4.06582396e+00  3.56900221e+01]]
    eigvals of hessian_by_M_M: [  5.1503875    5.1503875    9.24404881   9.24404881  12.61476179  12.61476179  31.63345399  31.63345399  41.09767933  41.09767933  47.07999666  47.07999666  63.06628678  63.06628678 102.00099458 102.00099458]
WROR:
    iter_times, elapsed_time, sqdiff: 1, 0.004868030548095703, 8.547639782338036
    MSN: Tensor(
        [[ 0.5838173 +0.5663096j  -0.0559097 +0.812027j   -0.44109191+1.01290749j -0.21364019-0.03002889j]
         [ 0.1932398 -0.11549573j  0.25819079+0.46238109j  0.33755702-0.53705921j -0.31325716+0.42893389j]
         [ 0.67332824+0.43440197j  0.19078344+0.9517339j  -0.3179993 +0.73884922j -0.26839763+0.22162133j]
         [-0.26215665+0.5772205j  -0.84530327+0.3502198j  -0.35063684-0.27174438j -0.38692048-0.20949268j]]
        labels=['kl', 'kr'],
        shape=(4, 4),
    )
    grad_by_reM_reM: Tensor(
        [ 0.06096918-1.77635684e-15j  5.44663872+0.00000000e+00j -4.1009154 -8.88178420e-16j  4.01220369-2.77555756e-17j -4.27161377+0.00000000e+00j  0.11751218+8.88178420e-16j  0.26253864-6.66133815e-16j  0.1340923 +6.66133815e-16j]
        labels=[('kl', 'PJgKFQRI')],
        shape=(8,),
    )
    grad_by_imM_imM: Tensor(
        [-6.07494323+2.22044605e-16j  4.79010798-1.33226763e-15j -5.19858139+0.00000000e+00j -0.219499  +4.44089210e-16j -1.32576317-8.88178420e-16j -8.84464769+6.66133815e-16j -3.18498407-8.88178420e-16j  0.89014219+2.77555756e-17j]
        labels=[('kl', 'PJgKFQRI')],
        shape=(8,),
    )
    hessian_by_M_M: [[ 5.21480710e+01  1.23117888e+01  1.16469211e+01  6.10083072e+00  1.56013831e+01  8.57359798e+00  6.64902680e+00  1.10963505e+01  0.00000000e+00  2.84858933e+01  1.72425385e-01  5.34696597e+00 -1.15554267e+01 -2.73000613e+00 -1.43850797e+01  4.13562642e+00]
     [ 1.23117888e+01  3.84248876e+01  1.81787103e-02  1.23121214e+01 -8.03453420e+00 -3.55730329e+00 -7.27430828e+00  3.48064857e-01 -2.84858933e+01  0.00000000e+00 -1.83567233e+01  8.41076616e-01 -1.20084974e+01 -9.12900400e+00 -3.83718925e+00 -3.30897026e+00]
     [ 1.16469211e+01  1.81787103e-02  4.91255792e+01  3.51320332e+00  1.57442093e+01  1.59473555e+01 -2.68977805e+00  5.23635084e+00 -1.72425385e-01  1.83567233e+01  0.00000000e+00  2.56544016e+01 -1.16295552e+01  3.55521549e-01 -4.10768215e+00 -3.51372937e+00]
     [ 6.10083072e+00  1.23121214e+01  3.51320332e+00  3.08252415e+01  1.15338534e-01 -4.34937990e+00 -8.10293252e-01  1.06557859e-01 -5.34696597e+00 -8.41076616e-01 -2.56544016e+01  0.00000000e+00 -7.97633766e+00 -4.36402033e+00  9.72062734e+00 -8.98992769e-01]
     [ 1.56013831e+01 -8.03453420e+00  1.57442093e+01  1.15338534e-01  4.20633363e+01  8.96698486e+00 -1.34092693e+01 -3.22703660e+00  1.15554267e+01  1.20084974e+01  1.16295552e+01  7.97633766e+00  0.00000000e+00  1.16886313e+01  1.21449586e+00 -1.74166259e+00]
     [ 8.57359798e+00 -3.55730329e+00  1.59473555e+01 -4.34937990e+00  8.96698486e+00  2.15199015e+01  4.01957977e+00 -4.60035980e-01  2.73000613e+00  9.12900400e+00 -3.55521549e-01  4.36402033e+00 -1.16886313e+01  0.00000000e+00 -2.95560905e+00  3.86917447e+00]
     [ 6.64902680e+00 -7.27430828e+00 -2.68977805e+00 -8.10293252e-01 -1.34092693e+01  4.01957977e+00  4.01331222e+01  5.35759507e+00  1.43850797e+01  3.83718925e+00  4.10768215e+00 -9.72062734e+00 -1.21449586e+00  2.95560905e+00  0.00000000e+00  1.57787027e+01]
     [ 1.10963505e+01  3.48064857e-01  5.23635084e+00  1.06557859e-01 -3.22703660e+00 -4.60035980e-01  5.35759507e+00  2.55823160e+01 -4.13562642e+00  3.30897026e+00  3.51372937e+00  8.98992769e-01  1.74166259e+00 -3.86917447e+00 -1.57787027e+01  0.00000000e+00]
     [ 0.00000000e+00 -2.84858933e+01 -1.72425385e-01 -5.34696597e+00  1.15554267e+01  2.73000613e+00  1.43850797e+01 -4.13562642e+00  5.21480710e+01  1.23117888e+01  1.16469211e+01  6.10083072e+00  1.56013831e+01  8.57359798e+00  6.64902680e+00  1.10963505e+01]
     [ 2.84858933e+01  0.00000000e+00  1.83567233e+01 -8.41076616e-01  1.20084974e+01  9.12900400e+00  3.83718925e+00  3.30897026e+00  1.23117888e+01  3.84248876e+01  1.81787103e-02  1.23121214e+01 -8.03453420e+00 -3.55730329e+00 -7.27430828e+00  3.48064857e-01]
     [ 1.72425385e-01 -1.83567233e+01  0.00000000e+00 -2.56544016e+01  1.16295552e+01 -3.55521549e-01  4.10768215e+00  3.51372937e+00  1.16469211e+01  1.81787103e-02  4.91255792e+01  3.51320332e+00  1.57442093e+01  1.59473555e+01 -2.68977805e+00  5.23635084e+00]
     [ 5.34696597e+00  8.41076616e-01  2.56544016e+01  0.00000000e+00  7.97633766e+00  4.36402033e+00 -9.72062734e+00  8.98992769e-01  6.10083072e+00  1.23121214e+01  3.51320332e+00  3.08252415e+01  1.15338534e-01 -4.34937990e+00 -8.10293252e-01  1.06557859e-01]
     [-1.15554267e+01 -1.20084974e+01 -1.16295552e+01 -7.97633766e+00  0.00000000e+00 -1.16886313e+01 -1.21449586e+00  1.74166259e+00  1.56013831e+01 -8.03453420e+00  1.57442093e+01  1.15338534e-01  4.20633363e+01  8.96698486e+00 -1.34092693e+01 -3.22703660e+00]
     [-2.73000613e+00 -9.12900400e+00  3.55521549e-01 -4.36402033e+00  1.16886313e+01  0.00000000e+00  2.95560905e+00 -3.86917447e+00  8.57359798e+00 -3.55730329e+00  1.59473555e+01 -4.34937990e+00  8.96698486e+00  2.15199015e+01  4.01957977e+00 -4.60035980e-01]
     [-1.43850797e+01 -3.83718925e+00 -4.10768215e+00  9.72062734e+00  1.21449586e+00 -2.95560905e+00  0.00000000e+00 -1.57787027e+01  6.64902680e+00 -7.27430828e+00 -2.68977805e+00 -8.10293252e-01 -1.34092693e+01  4.01957977e+00  4.01331222e+01  5.35759507e+00]
     [ 4.13562642e+00 -3.30897026e+00 -3.51372937e+00 -8.98992769e-01 -1.74166259e+00  3.86917447e+00  1.57787027e+01  0.00000000e+00  1.10963505e+01  3.48064857e-01  5.23635084e+00  1.06557859e-01 -3.22703660e+00 -4.60035980e-01  5.35759507e+00  2.55823160e+01]]
    eigvals of hessian_by_M_M: [  3.72686976   3.72686976   6.14711367   6.14711367   8.07340843   8.07340843  19.60949191  19.60949191  28.18049817  28.18049817  45.08298444  45.08298444  69.61036852  69.61036852 119.39172043 119.39172043]
IWROR:
    iter_times, elapsed_time, sqdiff: 1, 0.002932310104370117, 8.633512295473993
    MSN: Tensor(
        [[ 0.58291148+0.56583404j -0.05874885+0.81315593j -0.44203406+1.01519114j -0.21282713-0.02767244j]
         [ 0.19655214-0.11614412j  0.26079885+0.4625803j   0.33820284-0.53598037j -0.31222482+0.42670628j]
         [ 0.67369018+0.43313439j  0.18920534+0.95265703j -0.31830767+0.74149929j -0.26739813+0.22275921j]
         [-0.26015274+0.57837219j -0.84550435+0.34981292j -0.35295027-0.27151577j -0.386894  -0.20888644j]]
        labels=['kl', 'kr'],
        shape=(4, 4),
    )
    grad_by_reM_reM: Tensor(
        [ 0.04490812+8.88178420e-16j  5.5377639 +0.00000000e+00j -4.15221642+1.77635684e-15j  4.069286  +1.38777878e-16j -4.35964739+4.44089210e-16j  0.11770606+0.00000000e+00j  0.27196471-1.11022302e-15j  0.11944565+8.32667268e-16j]
        labels=[('kl', 'PJgKFQRI')],
        shape=(8,),
    )
    grad_by_imM_imM: Tensor(
        [-6.15200308-6.66133815e-16j  4.77496952+4.44089210e-16j -5.2737951 +4.44089210e-16j -0.28110956+4.44089210e-16j -1.3495848 +0.00000000e+00j -8.90145157+7.77156117e-16j -3.18526605-8.88178420e-16j  0.89119688-4.16333634e-16j]
        labels=[('kl', 'PJgKFQRI')],
        shape=(8,),
    )
    hessian_by_M_M: [[ 5.21789299e+01  1.23240412e+01  1.16730088e+01  6.10351587e+00  1.56033927e+01  8.60995037e+00  6.64012151e+00  1.11471631e+01  0.00000000e+00  2.86231156e+01  2.11606650e-01  5.39899237e+00 -1.15465960e+01 -2.70649962e+00 -1.44440373e+01  4.14697730e+00]
     [ 1.23240412e+01  3.85230488e+01  4.60742819e-02  1.23711714e+01 -8.03721478e+00 -3.54213687e+00 -7.33120640e+00  4.05756781e-01 -2.86231156e+01  0.00000000e+00 -1.84244037e+01  7.91269761e-01 -1.20404307e+01 -9.18360638e+00 -3.88182210e+00 -3.36479449e+00]
     [ 1.16730088e+01  4.60742819e-02  4.92315438e+01  3.56180256e+00  1.57516622e+01  1.60313702e+01 -2.68838956e+00  5.22858333e+00 -2.11606650e-01  1.84244037e+01  0.00000000e+00  2.57821291e+01 -1.16911920e+01  3.45499378e-01 -4.12579411e+00 -3.51895139e+00]
     [ 6.10351587e+00  1.23711714e+01  3.56180256e+00  3.09017206e+01  1.25338473e-01 -4.30447685e+00 -8.45731726e-01  6.73476649e-02 -5.39899237e+00 -7.91269761e-01 -2.57821291e+01  0.00000000e+00 -8.00247949e+00 -4.42538036e+00  9.67853032e+00 -9.19749813e-01]
     [ 1.56033927e+01 -8.03721478e+00  1.57516622e+01  1.25338473e-01  4.20827233e+01  8.96456946e+00 -1.34281742e+01 -3.22397380e+00  1.15465960e+01  1.20404307e+01  1.16911920e+01  8.00247949e+00  0.00000000e+00  1.17947177e+01  1.23823329e+00 -1.77978534e+00]
     [ 8.60995037e+00 -3.54213687e+00  1.60313702e+01 -4.30447685e+00  8.96456946e+00  2.15729201e+01  4.02290837e+00 -4.43844335e-01  2.70649962e+00  9.18360638e+00 -3.45499378e-01  4.42538036e+00 -1.17947177e+01  0.00000000e+00 -2.91545316e+00  3.87651306e+00]
     [ 6.64012151e+00 -7.33120640e+00 -2.68838956e+00 -8.45731726e-01 -1.34281742e+01  4.02290837e+00  4.02236827e+01  5.37991570e+00  1.44440373e+01  3.88182210e+00  4.12579411e+00 -9.67853032e+00 -1.23823329e+00  2.91545316e+00  0.00000000e+00  1.59278415e+01]
     [ 1.11471631e+01  4.05756781e-01  5.22858333e+00  6.73476649e-02 -3.22397380e+00 -4.43844335e-01  5.37991570e+00  2.56411563e+01 -4.14697730e+00  3.36479449e+00  3.51895139e+00  9.19749813e-01  1.77978534e+00 -3.87651306e+00 -1.59278415e+01  0.00000000e+00]
     [ 0.00000000e+00 -2.86231156e+01 -2.11606650e-01 -5.39899237e+00  1.15465960e+01  2.70649962e+00  1.44440373e+01 -4.14697730e+00  5.21789299e+01  1.23240412e+01  1.16730088e+01  6.10351587e+00  1.56033927e+01  8.60995037e+00  6.64012151e+00  1.11471631e+01]
     [ 2.86231156e+01  0.00000000e+00  1.84244037e+01 -7.91269761e-01  1.20404307e+01  9.18360638e+00  3.88182210e+00  3.36479449e+00  1.23240412e+01  3.85230488e+01  4.60742819e-02  1.23711714e+01 -8.03721478e+00 -3.54213687e+00 -7.33120640e+00  4.05756781e-01]
     [ 2.11606650e-01 -1.84244037e+01  0.00000000e+00 -2.57821291e+01  1.16911920e+01 -3.45499378e-01  4.12579411e+00  3.51895139e+00  1.16730088e+01  4.60742819e-02  4.92315438e+01  3.56180256e+00  1.57516622e+01  1.60313702e+01 -2.68838956e+00  5.22858333e+00]
     [ 5.39899237e+00  7.91269761e-01  2.57821291e+01  0.00000000e+00  8.00247949e+00  4.42538036e+00 -9.67853032e+00  9.19749813e-01  6.10351587e+00  1.23711714e+01  3.56180256e+00  3.09017206e+01  1.25338473e-01 -4.30447685e+00 -8.45731726e-01  6.73476649e-02]
     [-1.15465960e+01 -1.20404307e+01 -1.16911920e+01 -8.00247949e+00  0.00000000e+00 -1.17947177e+01 -1.23823329e+00  1.77978534e+00  1.56033927e+01 -8.03721478e+00  1.57516622e+01  1.25338473e-01  4.20827233e+01  8.96456946e+00 -1.34281742e+01 -3.22397380e+00]
     [-2.70649962e+00 -9.18360638e+00  3.45499378e-01 -4.42538036e+00  1.17947177e+01  0.00000000e+00  2.91545316e+00 -3.87651306e+00  8.60995037e+00 -3.54213687e+00  1.60313702e+01 -4.30447685e+00  8.96456946e+00  2.15729201e+01  4.02290837e+00 -4.43844335e-01]
     [-1.44440373e+01 -3.88182210e+00 -4.12579411e+00  9.67853032e+00  1.23823329e+00 -2.91545316e+00  0.00000000e+00 -1.59278415e+01  6.64012151e+00 -7.33120640e+00 -2.68838956e+00 -8.45731726e-01 -1.34281742e+01  4.02290837e+00  4.02236827e+01  5.37991570e+00]
     [ 4.14697730e+00 -3.36479449e+00 -3.51895139e+00 -9.19749813e-01 -1.77978534e+00  3.87651306e+00  1.59278415e+01  0.00000000e+00  1.11471631e+01  4.05756781e-01  5.22858333e+00  6.73476649e-02 -3.22397380e+00 -4.43844335e-01  5.37991570e+00  2.56411563e+01]]
    eigvals of hessian_by_M_M: [  3.72003449   3.72003449   6.14041433   6.14041433   8.07456395   8.07456395  19.51962875  19.51962875  28.13582432  28.13582432  45.19928616  45.19928616  69.82548822  69.82548822 119.74048525 119.74048525]
WLBOR:
    iter_times, elapsed_time, sqdiff: 1, 0.010251998901367188, 2.823852134754369
    MSN: Tensor(
        [[ 0.77010828+0.64556536j  0.06217036+0.58480789j -0.27280854+0.73718462j -0.55557332-0.3340343j ]
         [ 0.04810984+0.00943709j -0.0402349 +0.64814565j  0.21669055-0.68685442j -0.50674191+0.96612124j]
         [ 0.65638393+0.53571648j  0.28794733+0.63207527j -0.4601845 +0.40660753j -0.19052109+0.08964892j]
         [-0.34324965+0.32057563j -0.59112479+0.13095348j  0.07834798-0.25539378j -0.40418355-0.21615938j]]
        labels=['kl', 'kr'],
        shape=(4, 4),
    )
    grad_by_reM_reM: Tensor(
        [-0.88904091+2.22044605e-16j  0.7251738 -4.44089210e-16j -0.9879183 +1.33226763e-15j -0.83042677+1.66533454e-16j -0.34186651-6.66133815e-16j -0.59646655+0.00000000e+00j -1.26460566+0.00000000e+00j  0.09676688+4.44089210e-16j]
        labels=[('kl', 'PJgKFQRI')],
        shape=(8,),
    )
    grad_by_imM_imM: Tensor(
        [-0.11747261+5.55111512e-17j  2.59581447-1.11022302e-16j -1.04487562+1.11022302e-16j  0.99659169+8.88178420e-16j -0.35443448-3.05311332e-16j -3.08725754+2.22044605e-16j  2.35353432-2.22044605e-16j -0.33663626+0.00000000e+00j]
        labels=[('kl', 'PJgKFQRI')],
        shape=(8,),
    )
    hessian_by_M_M: [[ 4.83823110e+01  1.25485183e+01  6.08285440e+00  3.68684630e+00  1.05471476e+01  5.18213112e+00  6.50113827e+00  4.55895348e+00  0.00000000e+00  1.40054282e+01 -1.13041752e+00 -4.91273334e-01 -1.21450679e+01 -5.75481649e+00 -7.78483230e+00  3.03055789e+00]
     [ 1.25485183e+01  4.86975704e+01 -5.96727242e+00  7.27228440e+00 -1.01783636e+01 -6.19784595e+00 -4.16635112e+00 -1.06189803e+01 -1.40054282e+01  0.00000000e+00 -7.37928701e+00  1.11818714e+01 -3.91585266e+00 -2.01713140e+00  1.86087298e+00  2.89677613e+00]
     [ 6.08285440e+00 -5.96727242e+00  3.89878010e+01 -1.12808138e+00  1.63667097e+01  8.30200703e+00 -2.01961326e+00  7.63373546e+00  1.13041752e+00  7.37928701e+00  0.00000000e+00  1.08609121e+01 -6.16694966e+00  6.89279635e-01 -2.09821568e+00 -3.17358565e+00]
     [ 3.68684630e+00  7.27228440e+00 -1.12808138e+00  4.39878603e+01 -2.08374770e+00 -1.32455136e+01  5.24270055e+00  9.77606078e+00  4.91273334e-01 -1.11818714e+01 -1.08609121e+01  0.00000000e+00 -4.55722368e+00  6.62970898e+00  1.62980020e+01 -4.80521913e-01]
     [ 1.05471476e+01 -1.01783636e+01  1.63667097e+01 -2.08374770e+00  3.89706970e+01  7.67485799e+00 -1.02879652e+01 -4.98681655e+00  1.21450679e+01  3.91585266e+00  6.16694966e+00  4.55722368e+00  0.00000000e+00 -1.96444349e+00 -3.50739509e-02  5.89860503e+00]
     [ 5.18213112e+00 -6.19784595e+00  8.30200703e+00 -1.32455136e+01  7.67485799e+00  3.11872917e+01  4.36434615e+00 -6.06703035e+00  5.75481649e+00  2.01713140e+00 -6.89279635e-01 -6.62970898e+00  1.96444349e+00  0.00000000e+00 -1.03979651e+01  3.86009242e+00]
     [ 6.50113827e+00 -4.16635112e+00 -2.01961326e+00  5.24270055e+00 -1.02879652e+01  4.36434615e+00  2.90415470e+01  3.80217482e+00  7.78483230e+00 -1.86087298e+00  2.09821568e+00 -1.62980020e+01  3.50739509e-02  1.03979651e+01  0.00000000e+00 -1.08265992e+00]
     [ 4.55895348e+00 -1.06189803e+01  7.63373546e+00  9.77606078e+00 -4.98681655e+00 -6.06703035e+00  3.80217482e+00  4.46007455e+01 -3.03055789e+00 -2.89677613e+00  3.17358565e+00  4.80521913e-01 -5.89860503e+00 -3.86009242e+00  1.08265992e+00  0.00000000e+00]
     [ 0.00000000e+00 -1.40054282e+01  1.13041752e+00  4.91273334e-01  1.21450679e+01  5.75481649e+00  7.78483230e+00 -3.03055789e+00  4.83823110e+01  1.25485183e+01  6.08285440e+00  3.68684630e+00  1.05471476e+01  5.18213112e+00  6.50113827e+00  4.55895348e+00]
     [ 1.40054282e+01  0.00000000e+00  7.37928701e+00 -1.11818714e+01  3.91585266e+00  2.01713140e+00 -1.86087298e+00 -2.89677613e+00  1.25485183e+01  4.86975704e+01 -5.96727242e+00  7.27228440e+00 -1.01783636e+01 -6.19784595e+00 -4.16635112e+00 -1.06189803e+01]
     [-1.13041752e+00 -7.37928701e+00  0.00000000e+00 -1.08609121e+01  6.16694966e+00 -6.89279635e-01  2.09821568e+00  3.17358565e+00  6.08285440e+00 -5.96727242e+00  3.89878010e+01 -1.12808138e+00  1.63667097e+01  8.30200703e+00 -2.01961326e+00  7.63373546e+00]
     [-4.91273334e-01  1.11818714e+01  1.08609121e+01  0.00000000e+00  4.55722368e+00 -6.62970898e+00 -1.62980020e+01  4.80521913e-01  3.68684630e+00  7.27228440e+00 -1.12808138e+00  4.39878603e+01 -2.08374770e+00 -1.32455136e+01  5.24270055e+00  9.77606078e+00]
     [-1.21450679e+01 -3.91585266e+00 -6.16694966e+00 -4.55722368e+00  0.00000000e+00  1.96444349e+00  3.50739509e-02 -5.89860503e+00  1.05471476e+01 -1.01783636e+01  1.63667097e+01 -2.08374770e+00  3.89706970e+01  7.67485799e+00 -1.02879652e+01 -4.98681655e+00]
     [-5.75481649e+00 -2.01713140e+00  6.89279635e-01  6.62970898e+00 -1.96444349e+00  0.00000000e+00  1.03979651e+01 -3.86009242e+00  5.18213112e+00 -6.19784595e+00  8.30200703e+00 -1.32455136e+01  7.67485799e+00  3.11872917e+01  4.36434615e+00 -6.06703035e+00]
     [-7.78483230e+00  1.86087298e+00 -2.09821568e+00  1.62980020e+01 -3.50739509e-02 -1.03979651e+01  0.00000000e+00  1.08265992e+00  6.50113827e+00 -4.16635112e+00 -2.01961326e+00  5.24270055e+00 -1.02879652e+01  4.36434615e+00  2.90415470e+01  3.80217482e+00]
     [ 3.03055789e+00  2.89677613e+00 -3.17358565e+00 -4.80521913e-01  5.89860503e+00  3.86009242e+00 -1.08265992e+00  0.00000000e+00  4.55895348e+00 -1.06189803e+01  7.63373546e+00  9.77606078e+00 -4.98681655e+00 -6.06703035e+00  3.80217482e+00  4.46007455e+01]]
    eigvals of hessian_by_M_M: [ 6.13037055  6.13037055 11.21267928 11.21267928 15.07466799 15.07466799 30.35913658 30.35913658 43.9112384  43.9112384  56.32934829 56.32934829 69.11031311 69.11031311 91.72806965 91.72806965]
WNAG:
    iter_times, elapsed_time, sqdiff: 1, 0.00432896614074707, 9.555888100723365
    MSN: Tensor(
        [[ 0.55940001+5.62982233e-01j -0.06958241+8.30001704e-01j -0.45025504+1.01655001e+00j -0.18737754+6.32480016e-04j]
         [ 0.21529449-1.19617972e-01j  0.29543079+4.41477531e-01j  0.33149406-5.13633156e-01j -0.29947883+3.79384359e-01j]
         [ 0.67203008+4.34970986e-01j  0.19058546+9.78764102e-01j -0.317602  +7.64203981e-01j -0.2564452 +2.30016877e-01j]
         [-0.2550424 +5.92251565e-01j -0.85768583+3.70697200e-01j -0.39254031-2.73758379e-01j -0.38127978-2.02680663e-01j]]
        labels=['kl', 'kr'],
        shape=(4, 4),
    )
    grad_by_reM_reM: Tensor(
        [ 0.17130755+0.00000000e+00j  5.99661844-8.88178420e-16j -4.76748456+8.88178420e-16j  4.33272278-5.55111512e-16j -4.74477556+2.22044605e-15j  0.1482159 +0.00000000e+00j  0.5404757 +6.66133815e-16j  0.05602024+4.44089210e-16j]
        labels=[('kl', 'PJgKFQRI')],
        shape=(8,),
    )
    grad_by_imM_imM: Tensor(
        [-6.58391447+4.44089210e-16j  4.56661399+8.88178420e-16j -5.5597789 +4.44089210e-16j -0.88567657-4.44089210e-16j -1.43263193+0.00000000e+00j -9.04621063+3.33066907e-16j -3.4725988 -4.44089210e-16j  0.96114558-4.99600361e-16j]
        labels=[('kl', 'PJgKFQRI')],
        shape=(8,),
    )
    hessian_by_M_M: [[ 52.43682193  12.6234539   11.91286221   6.34956853  15.93533157   9.05012125   6.67791279  11.57765473   0.          29.59047141   0.41465486   5.94496022 -11.37160403  -2.16152922 -14.82732884   4.24873196]
     [ 12.6234539   37.94493323   0.3791727   12.79819517  -7.50314662  -2.87286917  -7.5807997    1.34410097 -29.59047141   0.         -18.72822837  -0.1821372  -12.58507216  -9.60429531  -4.45696957  -3.91448737]
     [ 11.91286221   0.3791727   49.89688337   4.43775394  15.49083279  16.56452746  -2.58530372   5.10060091  -0.41465486  18.72822837   0.          26.82832245 -11.91759087   0.49011377  -4.23164146  -3.47592305]
     [  6.34956853  12.79819517   4.43775394  30.4574227    0.25673842  -3.14887804  -1.35997827  -0.42390393  -5.94496022   0.1821372  -26.82832245   0.          -8.29031932  -5.11805379   8.93319448  -1.37951649]
     [ 15.93533157  -7.50314662  15.49083279   0.25673842  42.4570893    9.39431076 -13.75894647  -3.38287197  11.37160403  12.58507216  11.91759087   8.29031932   0.          12.92770934   1.31019902  -2.45676494]
     [  9.05012125  -2.87286917  16.56452746  -3.14887804   9.39431076  21.09889101   3.56423666  -0.41250258   2.16152922   9.60429531  -0.49011377   5.11805379 -12.92770934   0.          -2.13089511   3.69011183]
     [  6.67791279  -7.5807997   -2.58530372  -1.35997827 -13.75894647   3.56423666  41.08090397   5.70264213  14.82732884   4.45696957   4.23164146  -8.93319448  -1.31019902   2.13089511   0.          17.36505309]
     [ 11.57765473   1.34410097   5.10060091  -0.42390393  -3.38287197  -0.41250258   5.70264213  25.02843347  -4.24873196   3.91448737   3.47592305   1.37951649   2.45676494  -3.69011183 -17.36505309   0.        ]
     [  0.         -29.59047141  -0.41465486  -5.94496022  11.37160403   2.16152922  14.82732884  -4.24873196  52.43682193  12.6234539   11.91286221   6.34956853  15.93533157   9.05012125   6.67791279  11.57765473]
     [ 29.59047141   0.          18.72822837   0.1821372   12.58507216   9.60429531   4.45696957   3.91448737  12.6234539   37.94493323   0.3791727   12.79819517  -7.50314662  -2.87286917  -7.5807997    1.34410097]
     [  0.41465486 -18.72822837   0.         -26.82832245  11.91759087  -0.49011377   4.23164146   3.47592305  11.91286221   0.3791727   49.89688337   4.43775394  15.49083279  16.56452746  -2.58530372   5.10060091]
     [  5.94496022  -0.1821372   26.82832245   0.           8.29031932   5.11805379  -8.93319448   1.37951649   6.34956853  12.79819517   4.43775394  30.4574227    0.25673842  -3.14887804  -1.35997827  -0.42390393]
     [-11.37160403 -12.58507216 -11.91759087  -8.29031932   0.         -12.92770934  -1.31019902   2.45676494  15.93533157  -7.50314662  15.49083279   0.25673842  42.4570893    9.39431076 -13.75894647  -3.38287197]
     [ -2.16152922  -9.60429531   0.49011377  -5.11805379  12.92770934   0.           2.13089511  -3.69011183   9.05012125  -2.87286917  16.56452746  -3.14887804   9.39431076  21.09889101   3.56423666  -0.41250258]
     [-14.82732884  -4.45696957  -4.23164146   8.93319448   1.31019902  -2.13089511   0.         -17.36505309   6.67791279  -7.5807997   -2.58530372  -1.35997827 -13.75894647   3.56423666  41.08090397   5.70264213]
     [  4.24873196  -3.91448737  -3.47592305  -1.37951649  -2.45676494   3.69011183  17.36505309   0.          11.57765473   1.34410097   5.10060091  -0.42390393  -3.38287197  -0.41250258   5.70264213  25.02843347]]
    eigvals of hessian_by_M_M: [  3.53232883   3.53232883   5.75741542   5.75741542   7.59561896   7.59561896  17.38951949  17.38951949  26.43557025  26.43557025  46.09948955  46.09948955  71.50070739  71.50070739 122.09072908 122.09072908]
SNAG:
    iter_times, elapsed_time, sqdiff: 1, 0.0031452178955078125, 4.738011607324674
    MSN: Tensor(
        [[ 0.66163635+0.61043175j  0.21580481+0.70991137j -0.35624632+0.79463861j -0.27565338-0.24264428j]
         [-0.12421581-0.06035288j  0.01742291+0.42702674j  0.27511934-0.63363199j -0.40440663+0.62082246j]
         [ 0.63741091+0.55725362j  0.34211821+0.87868753j -0.28369017+0.49274024j -0.36777674+0.1170741j ]
         [-0.45754512+0.47783236j -0.83776675+0.40518649j -0.14763887-0.29728038j -0.38984236-0.26760772j]]
        labels=['kl', 'kr'],
        shape=(4, 4),
    )
    grad_by_reM_reM: Tensor(
        [ 1.30482594-3.33066907e-16j -1.82923141-8.88178420e-16j  1.77385203-2.22044605e-16j -2.00865522+8.88178420e-16j  2.19808086+6.66133815e-16j  1.00906678-4.44089210e-16j  0.49631513-2.22044605e-15j  1.10195837-5.55111512e-17j]
        labels=[('kl', 'PJgKFQRI')],
        shape=(8,),
    )
    grad_by_imM_imM: Tensor(
        [-0.08343416+1.11022302e-16j  5.68345876+4.44089210e-16j  1.3471118 -8.88178420e-16j  2.52927305-2.22044605e-16j  0.64971305-1.55431223e-15j -4.90326193-4.44089210e-16j -4.28350217+8.88178420e-16j  0.49689061-2.22044605e-16j]
        labels=[('kl', 'PJgKFQRI')],
        shape=(8,),
    )
    hessian_by_M_M: [[ 51.53096511  11.67658357   9.39677608   5.76623817  14.82000178   5.83917185   8.02652153   6.8443876    0.          16.55139719  -2.78414419   1.48779325 -12.81104006  -4.38263311  -9.19165408   3.34343598]
     [ 11.67658357  32.53135923  -2.60589109   8.15163384  -7.3446761   -3.71333616  -2.81665251  -4.21416955 -16.55139719   0.         -11.58626308   4.8751469   -8.78658647  -4.34203407  -0.39629242   0.81080822]
     [  9.39677608  -2.60589109  41.91087611  -0.38632536  14.60758392   8.8560267   -2.18799542   6.3676874    2.78414419  11.58626308   0.          14.95069159  -6.10397342   1.12913727  -2.58087398  -2.90800506]
     [  5.76623817   8.15163384  -0.38632536  27.48490538  -1.27498096  -7.29273037   1.75436188   4.26725722  -1.48779325  -4.8751469  -14.95069159   0.          -5.71530542   1.25259007  13.11685181  -0.75953616]
     [ 14.82000178  -7.3446761   14.60758392  -1.27498096  43.0993583    8.9215482  -12.25445263  -4.09799763  12.81104006   8.78658647   6.10397342   5.71530542   0.           2.2483231   -0.67284476   1.39477703]
     [  5.83917185  -3.71333616   8.8560267   -7.29273037   8.9215482   18.63387605   3.5191295   -2.98805648   4.38263311   4.34203407  -1.12913727  -1.25259007  -2.2483231    0.          -6.19099571   2.76255121]
     [  8.02652153  -2.81665251  -2.18799542   1.75436188 -12.25445263   3.5191295   33.75391692   2.76349872   9.19165408   0.39629242   2.58087398 -13.11685181   0.67284476   6.19099571   0.           3.177773  ]
     [  6.8443876   -4.21416955   6.3676874    4.26725722  -4.09799763  -2.98805648   2.76349872  24.7044344   -3.34343598  -0.81080822   2.90800506   0.75953616  -1.39477703  -2.76255121  -3.177773     0.        ]
     [  0.         -16.55139719   2.78414419  -1.48779325  12.81104006   4.38263311   9.19165408  -3.34343598  51.53096511  11.67658357   9.39677608   5.76623817  14.82000178   5.83917185   8.02652153   6.8443876 ]
     [ 16.55139719   0.          11.58626308  -4.8751469    8.78658647   4.34203407   0.39629242  -0.81080822  11.67658357  32.53135923  -2.60589109   8.15163384  -7.3446761   -3.71333616  -2.81665251  -4.21416955]
     [ -2.78414419 -11.58626308   0.         -14.95069159   6.10397342  -1.12913727   2.58087398   2.90800506   9.39677608  -2.60589109  41.91087611  -0.38632536  14.60758392   8.8560267   -2.18799542   6.3676874 ]
     [  1.48779325   4.8751469   14.95069159   0.           5.71530542  -1.25259007 -13.11685181   0.75953616   5.76623817   8.15163384  -0.38632536  27.48490538  -1.27498096  -7.29273037   1.75436188   4.26725722]
     [-12.81104006  -8.78658647  -6.10397342  -5.71530542   0.          -2.2483231    0.67284476  -1.39477703  14.82000178  -7.3446761   14.60758392  -1.27498096  43.0993583    8.9215482  -12.25445263  -4.09799763]
     [ -4.38263311  -4.34203407   1.12913727   1.25259007   2.2483231    0.           6.19099571  -2.76255121   5.83917185  -3.71333616   8.8560267   -7.29273037   8.9215482   18.63387605   3.5191295   -2.98805648]
     [ -9.19165408  -0.39629242  -2.58087398  13.11685181  -0.67284476  -6.19099571   0.          -3.177773     8.02652153  -2.81665251  -2.18799542   1.75436188 -12.25445263   3.5191295   33.75391692   2.76349872]
     [  3.34343598   0.81080822  -2.90800506  -0.75953616   1.39477703   2.76255121   3.177773     0.           6.8443876   -4.21416955   6.3676874    4.26725722  -4.09799763  -2.98805648   2.76349872  24.7044344 ]]
    eigvals of hessian_by_M_M: [ 5.12591037  5.12591037  7.46028487  7.46028487  8.92773722  8.92773722 26.05957485 26.05957485 35.41014032 35.41014032 38.36884618 38.36884618 57.39133706 57.39133706 94.90586063 94.90586063]
SSpiral(8):
    iter_times, elapsed_time, sqdiff: 1, 0.00763702392578125, 3.183200519268487
    MSN: Tensor(
        [[ 0.83584563+0.51505856j -0.00597837+0.49312215j -0.19915376+0.82249957j -0.51971502-0.29725364j]
         [-0.01514863-0.14996414j  0.03194359+0.65808122j  0.23178859-0.59631866j -0.62561679+1.03402031j]
         [ 0.66753891+0.8286239j   0.14323385+0.78860257j -0.71931046+0.502582j   -0.216704  +0.181815j  ]
         [-0.04932358+0.35546999j -0.41405469+0.32860882j -0.07807699-0.11453793j -0.53787077-0.0738539j ]]
        labels=['kl', 'kr'],
        shape=(4, 4),
    )
    grad_by_reM_reM: Tensor(
        [-1.30391308-2.22044605e-16j  1.23162099+1.33226763e-15j -0.07096636+0.00000000e+00j -1.59121968-2.22044605e-16j  1.8224943 -1.22124533e-15j  0.77053059-2.22044605e-15j -5.50185722+0.00000000e+00j -1.66628018+2.22044605e-16j]
        labels=[('kl', 'PJgKFQRI')],
        shape=(8,),
    )
    grad_by_imM_imM: Tensor(
        [ 0.18206024-1.66533454e-15j  4.6101579 -1.77635684e-15j -2.68306095-5.55111512e-16j  1.0101475 -2.22044605e-16j -1.81923408-2.22044605e-15j -4.41696726-2.22044605e-16j  1.72212584-4.44089210e-16j -0.59950669+3.33066907e-16j]
        labels=[('kl', 'PJgKFQRI')],
        shape=(8,),
    )
    hessian_by_M_M: [[ 46.79633081  13.97888073   4.97070573   2.9835745   11.0146673    6.02338457   5.87719255   4.61681459   0.          11.45727796   0.061633    -0.27202922 -10.6979753   -8.03500915  -9.14751103   1.86325763]
