b=4, chi=2, seed=257, 
NOR:
    iter_times, elapsed_time, sqdiff: 300, 0.40418195724487305, 1.8980873843022383
    MSN: Tensor(
        [[ 1.40853748-0.54314873j  0.47463135-0.72225274j  1.31667821+1.17135446j  0.40690137+0.61907484j]
         [-1.07860911-0.88642491j -0.39474188+0.15024412j -1.15825333-0.82681353j -0.18349815+0.4111224j ]
         [-0.66379093+0.9132088j  -0.05670519+0.58686784j -1.00846778-0.22666015j -0.35942155-0.35661222j]
         [ 0.77252546+1.2451343j   0.2937171 +0.49107177j -0.32855414-0.35557964j -0.95973209-0.70315927j]]
        labels=['kl', 'kr'],
        shape=(4, 4),
    )
    grad_by_M: [ 2.31967223e-14 -7.05685510e-15  2.89933008e-14  5.00294250e-15  1.55986335e-14 -1.12410081e-14  2.38697950e-14 -9.85322934e-16  1.38777878e-15  1.03805853e-14  5.32907052e-15  1.75970349e-14 -5.30131494e-15  6.10622664e-16  1.66255898e-14 -2.02268757e-15]
    hessian_by_M_M: [[ 5.80169529e+01  1.09336029e+01  1.65774981e+01 -7.00625904e+00 -3.94665150e+00 -4.60849640e+00 -2.68229904e+00 -7.20109882e+00  0.00000000e+00  8.20607824e+00 -1.78149755e+01  4.44738423e+00 -1.06415401e-02 -5.21118432e+00 -2.46230440e-01 -1.49185774e+01]
     [ 1.09336029e+01  2.58305956e+01 -3.58563755e+00 -5.40095980e-01 -1.07169651e+00 -7.44619805e-01  2.47125787e-01  5.50738448e-01 -8.20607824e+00  0.00000000e+00 -1.23044245e+01  3.09846903e+00  4.22216533e+00  1.08580561e+01 -1.17534267e+00 -1.22780115e+01]
     [ 1.65774981e+01 -3.58563755e+00  8.11616800e+01  2.27360399e+01 -2.33680301e+01 -2.68208807e+00  6.15970087e+00 -4.23886567e+00  1.78149755e+01  1.23044245e+01  0.00000000e+00  1.49190958e+01 -5.71203522e-01  2.59585716e+00  9.15751477e+00  5.07962715e+00]
     [-7.00625904e+00 -5.40095980e-01  2.27360399e+01  3.70229237e+01 -6.79331100e+00  4.28347465e+00  1.97780878e+00 -2.52265575e+00 -4.44738423e+00 -3.09846903e+00 -1.49190958e+01  0.00000000e+00  1.03078532e+01  1.81853123e+00  1.88803876e+00  9.15696290e+00]
     [-3.94665150e+00 -1.07169651e+00 -2.33680301e+01 -6.79331100e+00  5.90757894e+01 -2.55392734e+00  9.73048172e+00 -3.21388201e+00  1.06415401e-02 -4.22216533e+00  5.71203522e-01 -1.03078532e+01  0.00000000e+00  6.04927214e+00  7.67105508e-01 -3.54090405e+00]
     [-4.60849640e+00 -7.44619805e-01 -2.68208807e+00  4.28347465e+00 -2.55392734e+00  3.32029784e+01 -1.84219740e+01 -1.59121347e+01  5.21118432e+00 -1.08580561e+01 -2.59585716e+00 -1.81853123e+00 -6.04927214e+00  0.00000000e+00 -1.73937410e+00 -2.16430803e+00]
     [-2.68229904e+00  2.47125787e-01  6.15970087e+00  1.97780878e+00  9.73048172e+00 -1.84219740e+01  4.59917496e+01  1.06245703e+01  2.46230440e-01  1.17534267e+00 -9.15751477e+00 -1.88803876e+00 -7.67105508e-01  1.73937410e+00  0.00000000e+00  1.38761635e+01]
     [-7.20109882e+00  5.50738448e-01 -4.23886567e+00 -2.52265575e+00 -3.21388201e+00 -1.59121347e+01  1.06245703e+01  3.35804666e+01  1.49185774e+01  1.22780115e+01 -5.07962715e+00 -9.15696290e+00  3.54090405e+00  2.16430803e+00 -1.38761635e+01  0.00000000e+00]
     [ 0.00000000e+00 -8.20607824e+00  1.78149755e+01 -4.44738423e+00  1.06415401e-02  5.21118432e+00  2.46230440e-01  1.49185774e+01  5.80169529e+01  1.09336029e+01  1.65774981e+01 -7.00625904e+00 -3.94665150e+00 -4.60849640e+00 -2.68229904e+00 -7.20109882e+00]
     [ 8.20607824e+00  0.00000000e+00  1.23044245e+01 -3.09846903e+00 -4.22216533e+00 -1.08580561e+01  1.17534267e+00  1.22780115e+01  1.09336029e+01  2.58305956e+01 -3.58563755e+00 -5.40095980e-01 -1.07169651e+00 -7.44619805e-01  2.47125787e-01  5.50738448e-01]
     [-1.78149755e+01 -1.23044245e+01  0.00000000e+00 -1.49190958e+01  5.71203522e-01 -2.59585716e+00 -9.15751477e+00 -5.07962715e+00  1.65774981e+01 -3.58563755e+00  8.11616800e+01  2.27360399e+01 -2.33680301e+01 -2.68208807e+00  6.15970087e+00 -4.23886567e+00]
     [ 4.44738423e+00  3.09846903e+00  1.49190958e+01  0.00000000e+00 -1.03078532e+01 -1.81853123e+00 -1.88803876e+00 -9.15696290e+00 -7.00625904e+00 -5.40095980e-01  2.27360399e+01  3.70229237e+01 -6.79331100e+00  4.28347465e+00  1.97780878e+00 -2.52265575e+00]
     [-1.06415401e-02  4.22216533e+00 -5.71203522e-01  1.03078532e+01  0.00000000e+00 -6.04927214e+00 -7.67105508e-01  3.54090405e+00 -3.94665150e+00 -1.07169651e+00 -2.33680301e+01 -6.79331100e+00  5.90757894e+01 -2.55392734e+00  9.73048172e+00 -3.21388201e+00]
     [-5.21118432e+00  1.08580561e+01  2.59585716e+00  1.81853123e+00  6.04927214e+00  0.00000000e+00  1.73937410e+00  2.16430803e+00 -4.60849640e+00 -7.44619805e-01 -2.68208807e+00  4.28347465e+00 -2.55392734e+00  3.32029784e+01 -1.84219740e+01 -1.59121347e+01]
     [-2.46230440e-01 -1.17534267e+00  9.15751477e+00  1.88803876e+00  7.67105508e-01 -1.73937410e+00  0.00000000e+00 -1.38761635e+01 -2.68229904e+00  2.47125787e-01  6.15970087e+00  1.97780878e+00  9.73048172e+00 -1.84219740e+01  4.59917496e+01  1.06245703e+01]
     [-1.49185774e+01 -1.22780115e+01  5.07962715e+00  9.15696290e+00 -3.54090405e+00 -2.16430803e+00  1.38761635e+01  0.00000000e+00 -7.20109882e+00  5.50738448e-01 -4.23886567e+00 -2.52265575e+00 -3.21388201e+00 -1.59121347e+01  1.06245703e+01  3.35804666e+01]]
    eigvals of hessian_by_M_M: [  4.57853059   4.57853059   8.84088389   8.84088389  17.17718654  17.17718654  25.34721435  25.34721435  52.78868066  52.78868066  64.00215127  64.00215127  83.25431911  83.25431911 117.89416974 117.89416974]
WCOR:
    iter_times, elapsed_time, sqdiff: 300, 0.7238779067993164, 1.8980873843022406
    MSN: Tensor(
        [[ 1.40853748-0.54314873j  0.47463135-0.72225274j  1.31667821+1.17135446j  0.40690137+0.61907484j]
         [-1.07860911-0.88642491j -0.39474188+0.15024412j -1.15825333-0.82681353j -0.18349815+0.4111224j ]
         [-0.66379093+0.9132088j  -0.05670519+0.58686784j -1.00846778-0.22666015j -0.35942155-0.35661222j]
         [ 0.77252546+1.2451343j   0.2937171 +0.49107177j -0.32855414-0.35557964j -0.95973209-0.70315927j]]
        labels=['kl', 'kr'],
        shape=(4, 4),
    )
    grad_by_M: [-1.78329573e-15 -1.89778748e-14  2.20309881e-14 -1.62370117e-14 -2.23154828e-14  3.80251386e-15  2.19824159e-14 -7.13318293e-15 -8.13238366e-15  1.11091691e-14  1.67088565e-14  2.33563169e-14 -1.19071419e-14 -2.41889841e-14  5.74540415e-15  1.98053379e-14]
    hessian_by_M_M: [[ 5.85904266e+01 -1.78778906e-01  2.07416099e+01 -8.12448960e+00 -4.27309544e+00 -5.14868620e+00 -3.25200747e+00 -5.64543530e+00  0.00000000e+00  1.17621182e+01 -1.62675090e+01  6.48466099e+00  1.06529359e+00 -6.25679479e+00  2.86014641e+00 -1.15363050e+01]
     [-1.78778906e-01  2.02531993e+01 -4.98971243e+00  1.37458752e+00  7.22591412e-01 -3.02366214e-01 -7.72674659e-01  8.13026452e-01 -1.17621182e+01  0.00000000e+00 -1.03853354e+01  3.22869296e+00  2.29203885e+00  9.16265073e+00  4.02670773e-01 -8.21272299e+00]
     [ 2.07416099e+01 -4.98971243e+00  8.03531026e+01  6.65322404e+00 -2.29904366e+01 -2.79003641e-01  6.94635111e+00 -5.34248298e+00  1.62675090e+01  1.03853354e+01  0.00000000e+00  1.91310488e+01 -3.19040267e+00  2.30799189e+00  9.32707937e+00  2.35533018e+00]
     [-8.12448960e+00  1.37458752e+00  6.65322404e+00  2.76355034e+01 -4.49836231e+00  4.01348715e+00  2.61108079e+00 -1.66505177e+00 -6.48466099e+00 -3.22869296e+00 -1.91310488e+01  0.00000000e+00  9.18806484e+00 -5.64187450e-03 -5.03392605e-01  7.10449710e+00]
     [-4.27309544e+00  7.22591412e-01 -2.29904366e+01 -4.49836231e+00  6.39938638e+01 -1.39978973e+01  1.26484775e+01 -2.04393153e+00 -1.06529359e+00 -2.29203885e+00  3.19040267e+00 -9.18806484e+00  0.00000000e+00  1.17017841e+01 -3.19240879e-01 -4.08560435e+00]
     [-5.14868620e+00 -3.02366214e-01 -2.79003641e-01  4.01348715e+00 -1.39978973e+01  2.91580618e+01 -1.58331609e+01 -1.07034505e+01  6.25679479e+00 -9.16265073e+00 -2.30799189e+00  5.64187450e-03 -1.17017841e+01  0.00000000e+00 -8.45379892e-01 -1.59557206e+00]
     [-3.25200747e+00 -7.72674659e-01  6.94635111e+00  2.61108079e+00  1.26484775e+01 -1.58331609e+01  4.81910050e+01  1.38294782e-03 -2.86014641e+00 -4.02670773e-01 -9.32707937e+00  5.03392605e-01  3.19240879e-01  8.45379892e-01  0.00000000e+00  1.74024151e+01]
     [-5.64543530e+00  8.13026452e-01 -5.34248298e+00 -1.66505177e+00 -2.04393153e+00 -1.07034505e+01  1.38294782e-03  2.68303818e+01  1.15363050e+01  8.21272299e+00 -2.35533018e+00 -7.10449710e+00  4.08560435e+00  1.59557206e+00 -1.74024151e+01  0.00000000e+00]
     [ 0.00000000e+00 -1.17621182e+01  1.62675090e+01 -6.48466099e+00 -1.06529359e+00  6.25679479e+00 -2.86014641e+00  1.15363050e+01  5.85904266e+01 -1.78778906e-01  2.07416099e+01 -8.12448960e+00 -4.27309544e+00 -5.14868620e+00 -3.25200747e+00 -5.64543530e+00]
     [ 1.17621182e+01  0.00000000e+00  1.03853354e+01 -3.22869296e+00 -2.29203885e+00 -9.16265073e+00 -4.02670773e-01  8.21272299e+00 -1.78778906e-01  2.02531993e+01 -4.98971243e+00  1.37458752e+00  7.22591412e-01 -3.02366214e-01 -7.72674659e-01  8.13026452e-01]
     [-1.62675090e+01 -1.03853354e+01  0.00000000e+00 -1.91310488e+01  3.19040267e+00 -2.30799189e+00 -9.32707937e+00 -2.35533018e+00  2.07416099e+01 -4.98971243e+00  8.03531026e+01  6.65322404e+00 -2.29904366e+01 -2.79003641e-01  6.94635111e+00 -5.34248298e+00]
     [ 6.48466099e+00  3.22869296e+00  1.91310488e+01  0.00000000e+00 -9.18806484e+00  5.64187450e-03  5.03392605e-01 -7.10449710e+00 -8.12448960e+00  1.37458752e+00  6.65322404e+00  2.76355034e+01 -4.49836231e+00  4.01348715e+00  2.61108079e+00 -1.66505177e+00]
     [ 1.06529359e+00  2.29203885e+00 -3.19040267e+00  9.18806484e+00  0.00000000e+00 -1.17017841e+01  3.19240879e-01  4.08560435e+00 -4.27309544e+00  7.22591412e-01 -2.29904366e+01 -4.49836231e+00  6.39938638e+01 -1.39978973e+01  1.26484775e+01 -2.04393153e+00]
     [-6.25679479e+00  9.16265073e+00  2.30799189e+00 -5.64187450e-03  1.17017841e+01  0.00000000e+00  8.45379892e-01  1.59557206e+00 -5.14868620e+00 -3.02366214e-01 -2.79003641e-01  4.01348715e+00 -1.39978973e+01  2.91580618e+01 -1.58331609e+01 -1.07034505e+01]
     [ 2.86014641e+00  4.02670773e-01  9.32707937e+00 -5.03392605e-01 -3.19240879e-01 -8.45379892e-01  0.00000000e+00 -1.74024151e+01 -3.25200747e+00 -7.72674659e-01  6.94635111e+00  2.61108079e+00  1.26484775e+01 -1.58331609e+01  4.81910050e+01  1.38294782e-03]
     [-1.15363050e+01 -8.21272299e+00  2.35533018e+00  7.10449710e+00 -4.08560435e+00 -1.59557206e+00  1.74024151e+01  0.00000000e+00 -5.64543530e+00  8.13026452e-01 -5.34248298e+00 -1.66505177e+00 -2.04393153e+00 -1.07034505e+01  1.38294782e-03  2.68303818e+01]]
    eigvals of hessian_by_M_M: [  3.35410829   3.35410829   8.09046089   8.09046089  13.71262331  13.71262331  23.60114431  23.60114431  44.83295131  44.83295131  67.97845625  67.97845625  75.53861024  75.53861024 117.8971897  117.8971897 ]
WROR:
    iter_times, elapsed_time, sqdiff: 300, 0.7153689861297607, 1.8980873843022386
    MSN: Tensor(
        [[ 1.40853748-0.54314873j  0.47463135-0.72225274j  1.31667821+1.17135446j  0.40690137+0.61907484j]
         [-1.07860911-0.88642491j -0.39474188+0.15024412j -1.15825333-0.82681353j -0.18349815+0.4111224j ]
         [-0.66379093+0.9132088j  -0.05670519+0.58686784j -1.00846778-0.22666015j -0.35942155-0.35661222j]
         [ 0.77252546+1.2451343j   0.2937171 +0.49107177j -0.32855414-0.35557964j -0.95973209-0.70315927j]]
        labels=['kl', 'kr'],
        shape=(4, 4),
    )
    grad_by_M: [-1.31492039e-14  9.74914593e-15 -5.58025848e-14  2.97192826e-14  2.74225087e-14  2.16493490e-15 -2.32036612e-14  2.73947531e-14 -2.41473508e-14 -1.31145095e-14 -9.47575352e-14 -3.46944695e-14  4.95714580e-14 -3.93574062e-14 -3.57214258e-14  8.95897939e-15]
    hessian_by_M_M: [[ 4.63891646e+01 -3.10616802e+00  1.81265713e+01 -9.07467390e+00 -3.73738031e+00 -5.37590386e+00 -3.15932310e+00 -3.97674481e+00  0.00000000e+00  6.54065496e+00 -1.14010200e+01  4.22033151e+00  1.88267306e+00 -5.15670598e+00  3.26233247e+00 -8.25134286e+00]
     [-3.10616802e+00  1.67430588e+01 -2.62785191e+00  2.26843318e-01  1.53382726e+00  7.02761325e-01 -1.96854666e+00  2.14681712e+00 -6.54065496e+00  0.00000000e+00 -6.55755313e+00  2.53123092e+00  7.75525651e-01  7.86608348e+00  2.20640550e-01 -7.54391077e+00]
     [ 1.81265713e+01 -2.62785191e+00  6.32280495e+01  1.69194570e+00 -1.73442838e+01  6.23903826e-02  5.61591715e+00 -4.33783068e+00  1.14010200e+01  6.55755313e+00  0.00000000e+00  1.10074127e+01 -3.64328877e+00  4.72707039e+00  7.76267171e+00  5.32464610e-01]
     [-9.07467390e+00  2.26843318e-01  1.69194570e+00  2.17439182e+01 -3.33893016e+00  4.21938521e+00  1.95125849e+00 -1.62342677e+00 -4.22033151e+00 -2.53123092e+00 -1.10074127e+01  0.00000000e+00  4.86774696e+00 -4.60398250e-03 -2.43487467e-01  5.69046401e+00]
     [-3.73738031e+00  1.53382726e+00 -1.73442838e+01 -3.33893016e+00  5.25980266e+01 -1.55069544e+01  1.01324492e+01 -1.68319726e+00 -1.88267306e+00 -7.75525651e-01  3.64328877e+00 -4.86774696e+00  0.00000000e+00  7.77371565e+00 -1.33288428e+00 -5.60625889e+00]
     [-5.37590386e+00  7.02761325e-01  6.23903826e-02  4.21938521e+00 -1.55069544e+01  2.58588213e+01 -1.28252555e+01 -8.61172528e+00  5.15670598e+00 -7.86608348e+00 -4.72707039e+00  4.60398250e-03 -7.77371565e+00  0.00000000e+00  9.27758756e-01  1.37230788e-01]
     [-3.15932310e+00 -1.96854666e+00  5.61591715e+00  1.95125849e+00  1.01324492e+01 -1.28252555e+01  3.99457625e+01 -2.71588023e+00 -3.26233247e+00 -2.20640550e-01 -7.76267171e+00  2.43487467e-01  1.33288428e+00 -9.27758756e-01  0.00000000e+00  1.27906505e+01]
     [-3.97674481e+00  2.14681712e+00 -4.33783068e+00 -1.62342677e+00 -1.68319726e+00 -8.61172528e+00 -2.71588023e+00  2.14061473e+01  8.25134286e+00  7.54391077e+00 -5.32464610e-01 -5.69046401e+00  5.60625889e+00 -1.37230788e-01 -1.27906505e+01  0.00000000e+00]
     [ 0.00000000e+00 -6.54065496e+00  1.14010200e+01 -4.22033151e+00 -1.88267306e+00  5.15670598e+00 -3.26233247e+00  8.25134286e+00  4.63891646e+01 -3.10616802e+00  1.81265713e+01 -9.07467390e+00 -3.73738031e+00 -5.37590386e+00 -3.15932310e+00 -3.97674481e+00]
     [ 6.54065496e+00  0.00000000e+00  6.55755313e+00 -2.53123092e+00 -7.75525651e-01 -7.86608348e+00 -2.20640550e-01  7.54391077e+00 -3.10616802e+00  1.67430588e+01 -2.62785191e+00  2.26843318e-01  1.53382726e+00  7.02761325e-01 -1.96854666e+00  2.14681712e+00]
     [-1.14010200e+01 -6.55755313e+00  0.00000000e+00 -1.10074127e+01  3.64328877e+00 -4.72707039e+00 -7.76267171e+00 -5.32464610e-01  1.81265713e+01 -2.62785191e+00  6.32280495e+01  1.69194570e+00 -1.73442838e+01  6.23903826e-02  5.61591715e+00 -4.33783068e+00]
     [ 4.22033151e+00  2.53123092e+00  1.10074127e+01  0.00000000e+00 -4.86774696e+00  4.60398250e-03  2.43487467e-01 -5.69046401e+00 -9.07467390e+00  2.26843318e-01  1.69194570e+00  2.17439182e+01 -3.33893016e+00  4.21938521e+00  1.95125849e+00 -1.62342677e+00]
     [ 1.88267306e+00  7.75525651e-01 -3.64328877e+00  4.86774696e+00  0.00000000e+00 -7.77371565e+00  1.33288428e+00  5.60625889e+00 -3.73738031e+00  1.53382726e+00 -1.73442838e+01 -3.33893016e+00  5.25980266e+01 -1.55069544e+01  1.01324492e+01 -1.68319726e+00]
     [-5.15670598e+00  7.86608348e+00  4.72707039e+00 -4.60398250e-03  7.77371565e+00  0.00000000e+00 -9.27758756e-01 -1.37230788e-01 -5.37590386e+00  7.02761325e-01  6.23903826e-02  4.21938521e+00 -1.55069544e+01  2.58588213e+01 -1.28252555e+01 -8.61172528e+00]
     [ 3.26233247e+00  2.20640550e-01  7.76267171e+00 -2.43487467e-01 -1.33288428e+00  9.27758756e-01  0.00000000e+00 -1.27906505e+01 -3.15932310e+00 -1.96854666e+00  5.61591715e+00  1.95125849e+00  1.01324492e+01 -1.28252555e+01  3.99457625e+01 -2.71588023e+00]
     [-8.25134286e+00 -7.54391077e+00  5.32464610e-01  5.69046401e+00 -5.60625889e+00  1.37230788e-01  1.27906505e+01  0.00000000e+00 -3.97674481e+00  2.14681712e+00 -4.33783068e+00 -1.62342677e+00 -1.68319726e+00 -8.61172528e+00 -2.71588023e+00  2.14061473e+01]]
    eigvals of hessian_by_M_M: [ 2.79491316  2.79491316  7.09354432  7.09354432 12.11808966 12.11808966 19.53132569 19.53132569 36.37575988 36.37575988 53.64751559 53.64751559 64.77871065 64.77871065 91.57308983 91.57308983]
IWROR:
    iter_times, elapsed_time, sqdiff: 300, 0.6457228660583496, 1.898087384302247
    MSN: Tensor(
        [[ 1.40853748-0.54314873j  0.47463135-0.72225274j  1.31667821+1.17135446j  0.40690137+0.61907484j]
         [-1.07860911-0.88642491j -0.39474188+0.15024412j -1.15825333-0.82681353j -0.18349815+0.4111224j ]
         [-0.66379093+0.9132088j  -0.05670519+0.58686784j -1.00846778-0.22666015j -0.35942155-0.35661222j]
         [ 0.77252546+1.2451343j   0.2937171 +0.49107177j -0.32855414-0.35557964j -0.95973209-0.70315927j]]
        labels=['kl', 'kr'],
        shape=(4, 4),
    )
    grad_by_M: [-9.87127047e-14  9.02056208e-17  7.57865992e-14  3.63563346e-14 -1.55986335e-13  5.52613511e-14 -2.26485497e-14  3.94961841e-14  5.42621503e-15 -1.10328413e-15 -7.10542736e-15  2.14411822e-14  2.02754480e-14  5.56499291e-15 -7.06795733e-14  4.62720140e-14]
    hessian_by_M_M: [[ 5.56610163e+01 -7.58219096e+00  2.24884488e+01 -9.14125026e+00 -4.45067606e+00 -5.48560013e+00 -3.75909106e+00 -4.11744710e+00  0.00000000e+00  9.93628167e+00 -1.30087102e+01  6.95649710e+00  2.80157352e+00 -4.92714334e+00  4.34680490e+00 -7.30666970e+00]
     [-7.58219096e+00  1.36572245e+01 -4.29130466e+00  1.80733974e+00  2.12707857e+00  5.30144103e-01 -1.62667829e+00  1.64298906e+00 -9.93628167e+00  0.00000000e+00 -6.44104699e+00  2.14633067e+00  5.22446501e-01  6.32962113e+00  5.88027300e-02 -4.62963527e+00]
     [ 2.24884488e+01 -4.29130466e+00  7.53884491e+01 -4.66902615e+00 -2.02447456e+01  2.34314818e+00  6.77769626e+00 -5.13797457e+00  1.30087102e+01  6.44104699e+00  0.00000000e+00  1.48039074e+01 -4.97659079e+00  3.76422048e+00  9.43448868e+00  1.84752561e-01]
     [-9.14125026e+00  1.80733974e+00 -4.66902615e+00  1.70314895e+01 -2.21659777e+00  3.08910373e+00  2.01915609e+00 -8.67790642e-01 -6.95649710e+00 -2.14633067e+00 -1.48039074e+01  0.00000000e+00  5.46783865e+00 -9.87781955e-01 -1.36712832e+00  4.42291899e+00]
     [-4.45067606e+00  2.12707857e+00 -2.02447456e+01 -2.21659777e+00  6.45025912e+01 -1.98333068e+01  1.24190651e+01 -2.69541662e+00 -2.80157352e+00 -5.22446501e-01  4.97659079e+00 -5.46783865e+00  0.00000000e+00  1.30891528e+01 -1.80404990e+00 -4.43307047e+00]
     [-5.48560013e+00  5.30144103e-01  2.34314818e+00  3.08910373e+00 -1.98333068e+01  2.24480648e+01 -1.25489350e+01 -5.13425452e+00  4.92714334e+00 -6.32962113e+00 -3.76422048e+00  9.87781955e-01 -1.30891528e+01  0.00000000e+00 -5.93674390e-01  3.52280530e-03]
     [-3.75909106e+00 -1.62667829e+00  6.77769626e+00  2.01915609e+00  1.24190651e+01 -1.25489350e+01  4.85986065e+01 -6.20647798e+00 -4.34680490e+00 -5.88027300e-02 -9.43448868e+00  1.36712832e+00  1.80404990e+00  5.93674390e-01  0.00000000e+00  1.53674948e+01]
     [-4.11744710e+00  1.64298906e+00 -5.13797457e+00 -8.67790642e-01 -2.69541662e+00 -5.13425452e+00 -6.20647798e+00  1.73903590e+01  7.30666970e+00  4.62963527e+00 -1.84752561e-01 -4.42291899e+00  4.43307047e+00 -3.52280530e-03 -1.53674948e+01  0.00000000e+00]
     [ 0.00000000e+00 -9.93628167e+00  1.30087102e+01 -6.95649710e+00 -2.80157352e+00  4.92714334e+00 -4.34680490e+00  7.30666970e+00  5.56610163e+01 -7.58219096e+00  2.24884488e+01 -9.14125026e+00 -4.45067606e+00 -5.48560013e+00 -3.75909106e+00 -4.11744710e+00]
     [ 9.93628167e+00  0.00000000e+00  6.44104699e+00 -2.14633067e+00 -5.22446501e-01 -6.32962113e+00 -5.88027300e-02  4.62963527e+00 -7.58219096e+00  1.36572245e+01 -4.29130466e+00  1.80733974e+00  2.12707857e+00  5.30144103e-01 -1.62667829e+00  1.64298906e+00]
     [-1.30087102e+01 -6.44104699e+00  0.00000000e+00 -1.48039074e+01  4.97659079e+00 -3.76422048e+00 -9.43448868e+00 -1.84752561e-01  2.24884488e+01 -4.29130466e+00  7.53884491e+01 -4.66902615e+00 -2.02447456e+01  2.34314818e+00  6.77769626e+00 -5.13797457e+00]
     [ 6.95649710e+00  2.14633067e+00  1.48039074e+01  0.00000000e+00 -5.46783865e+00  9.87781955e-01  1.36712832e+00 -4.42291899e+00 -9.14125026e+00  1.80733974e+00 -4.66902615e+00  1.70314895e+01 -2.21659777e+00  3.08910373e+00  2.01915609e+00 -8.67790642e-01]
     [ 2.80157352e+00  5.22446501e-01 -4.97659079e+00  5.46783865e+00  0.00000000e+00 -1.30891528e+01  1.80404990e+00  4.43307047e+00 -4.45067606e+00  2.12707857e+00 -2.02447456e+01 -2.21659777e+00  6.45025912e+01 -1.98333068e+01  1.24190651e+01 -2.69541662e+00]
     [-4.92714334e+00  6.32962113e+00  3.76422048e+00 -9.87781955e-01  1.30891528e+01  0.00000000e+00  5.93674390e-01 -3.52280530e-03 -5.48560013e+00  5.30144103e-01  2.34314818e+00  3.08910373e+00 -1.98333068e+01  2.24480648e+01 -1.25489350e+01 -5.13425452e+00]
     [ 4.34680490e+00  5.88027300e-02  9.43448868e+00 -1.36712832e+00 -1.80404990e+00 -5.93674390e-01  0.00000000e+00 -1.53674948e+01 -3.75909106e+00 -1.62667829e+00  6.77769626e+00  2.01915609e+00  1.24190651e+01 -1.25489350e+01  4.85986065e+01 -6.20647798e+00]
     [-7.30666970e+00 -4.62963527e+00  1.84752561e-01  4.42291899e+00 -4.43307047e+00  3.52280530e-03  1.53674948e+01  0.00000000e+00 -4.11744710e+00  1.64298906e+00 -5.13797457e+00 -8.67790642e-01 -2.69541662e+00 -5.13425452e+00 -6.20647798e+00  1.73903590e+01]]
    eigvals of hessian_by_M_M: [  1.95818799   1.95818799   5.25048895   5.25048895   9.17405818   9.17405818  15.41860542  15.41860542  36.30801068  36.30801068  57.83755501  57.83755501  76.91193511  76.91193511 111.81895942 111.81895942]
WLBOR:
    iter_times, elapsed_time, sqdiff: 300, 1.67189621925354, 1.8980873843022357
    MSN: Tensor(
        [[ 1.40853748-0.54314873j  0.47463135-0.72225274j  1.31667821+1.17135445j  0.40690137+0.61907484j]
         [-1.07860911-0.88642491j -0.39474188+0.15024412j -1.15825332-0.82681353j -0.18349815+0.41112239j]
         [-0.66379093+0.91320879j -0.05670519+0.58686784j -1.00846778-0.22666014j -0.35942155-0.35661222j]
         [ 0.77252546+1.2451343j   0.2937171 +0.49107177j -0.32855414-0.35557964j -0.95973209-0.70315927j]]
        labels=['kl', 'kr'],
        shape=(4, 4),
    )
    grad_by_M: [ 3.68367411e-08 -8.68380620e-09  2.82619006e-08  2.97077960e-08 -1.12957472e-08 -3.72853005e-08  4.01182365e-08  1.93899710e-08 -8.13551118e-09  1.76797619e-08  6.32698516e-09 -9.25896072e-09 -1.15543874e-08  2.57685705e-08 -1.46572475e-08 -6.02083312e-09]
    hessian_by_M_M: [[ 5.86665808e+01  1.04709012e+01  1.70762805e+01 -7.50510954e+00 -3.91692816e+00 -4.64167501e+00 -2.60799068e+00 -7.19825250e+00  0.00000000e+00  7.90431563e+00 -1.79859370e+01  4.27291536e+00  1.26040984e-02 -5.57212922e+00  4.52611831e-02 -1.51637101e+01]
     [ 1.04709012e+01  2.65353266e+01 -3.67933066e+00 -7.22386810e-01 -1.01721164e+00 -6.43414604e-01  2.32465037e-01  7.55201320e-01 -7.90431563e+00  0.00000000e+00 -1.24006700e+01  3.19531691e+00  4.10464891e+00  1.12226275e+01 -1.01260696e+00 -1.27713380e+01]
     [ 1.70762805e+01 -3.67933066e+00  8.17995098e+01  2.22304003e+01 -2.36129631e+01 -2.81070137e+00  6.31203644e+00 -4.28966476e+00  1.79859370e+01  1.24006700e+01  0.00000000e+00  1.46935601e+01 -8.20500768e-01  2.87302958e+00  9.19855277e+00  4.89117326e+00]
     [-7.50510954e+00 -7.22386810e-01  2.22304003e+01  3.79135133e+01 -6.84229177e+00  4.56023871e+00  1.98129468e+00 -2.64605509e+00 -4.27291536e+00 -3.19531691e+00 -1.46935601e+01  0.00000000e+00  1.03752106e+01  1.89389246e+00  1.78936516e+00  9.40290576e+00]
     [-3.91692816e+00 -1.01721164e+00 -2.36129631e+01 -6.84229177e+00  6.02421282e+01 -3.49813964e+00  1.02970778e+01 -2.97782352e+00 -1.26040984e-02 -4.10464891e+00  8.20500768e-01 -1.03752106e+01  0.00000000e+00  5.49188156e+00  8.70642607e-01 -3.76500641e+00]
     [-4.64167501e+00 -6.43414604e-01 -2.81070137e+00  4.56023871e+00 -3.49813964e+00  3.43177372e+01 -1.86929168e+01 -1.64121677e+01  5.57212922e+00 -1.12226275e+01 -2.87302958e+00 -1.89389246e+00 -5.49188156e+00  0.00000000e+00 -1.38104264e+00 -2.04814489e+00]
     [-2.60799068e+00  2.32465037e-01  6.31203644e+00  1.98129468e+00  1.02970778e+01 -1.86929168e+01  4.64455252e+01  9.96915711e+00 -4.52611831e-02  1.01260696e+00 -9.19855277e+00 -1.78936516e+00 -8.70642607e-01  1.38104264e+00  0.00000000e+00  1.38678981e+01]
     [-7.19825250e+00  7.55201320e-01 -4.28966476e+00 -2.64605509e+00 -2.97782352e+00 -1.64121677e+01  9.96915711e+00  3.44391817e+01  1.51637101e+01  1.27713380e+01 -4.89117326e+00 -9.40290576e+00  3.76500641e+00  2.04814489e+00 -1.38678981e+01  0.00000000e+00]
     [ 0.00000000e+00 -7.90431563e+00  1.79859370e+01 -4.27291536e+00 -1.26040984e-02  5.57212922e+00 -4.52611831e-02  1.51637101e+01  5.86665808e+01  1.04709012e+01  1.70762805e+01 -7.50510954e+00 -3.91692816e+00 -4.64167501e+00 -2.60799068e+00 -7.19825250e+00]
     [ 7.90431563e+00  0.00000000e+00  1.24006700e+01 -3.19531691e+00 -4.10464891e+00 -1.12226275e+01  1.01260696e+00  1.27713380e+01  1.04709012e+01  2.65353266e+01 -3.67933066e+00 -7.22386810e-01 -1.01721164e+00 -6.43414604e-01  2.32465037e-01  7.55201320e-01]
     [-1.79859370e+01 -1.24006700e+01  0.00000000e+00 -1.46935601e+01  8.20500768e-01 -2.87302958e+00 -9.19855277e+00 -4.89117326e+00  1.70762805e+01 -3.67933066e+00  8.17995098e+01  2.22304003e+01 -2.36129631e+01 -2.81070137e+00  6.31203644e+00 -4.28966476e+00]
     [ 4.27291536e+00  3.19531691e+00  1.46935601e+01  0.00000000e+00 -1.03752106e+01 -1.89389246e+00 -1.78936516e+00 -9.40290576e+00 -7.50510954e+00 -7.22386810e-01  2.22304003e+01  3.79135133e+01 -6.84229177e+00  4.56023871e+00  1.98129468e+00 -2.64605509e+00]
     [ 1.26040984e-02  4.10464891e+00 -8.20500768e-01  1.03752106e+01  0.00000000e+00 -5.49188156e+00 -8.70642607e-01  3.76500641e+00 -3.91692816e+00 -1.01721164e+00 -2.36129631e+01 -6.84229177e+00  6.02421282e+01 -3.49813964e+00  1.02970778e+01 -2.97782352e+00]
     [-5.57212922e+00  1.12226275e+01  2.87302958e+00  1.89389246e+00  5.49188156e+00  0.00000000e+00  1.38104264e+00  2.04814489e+00 -4.64167501e+00 -6.43414604e-01 -2.81070137e+00  4.56023871e+00 -3.49813964e+00  3.43177372e+01 -1.86929168e+01 -1.64121677e+01]
     [ 4.52611831e-02 -1.01260696e+00  9.19855277e+00  1.78936516e+00  8.70642607e-01 -1.38104264e+00  0.00000000e+00 -1.38678981e+01 -2.60799068e+00  2.32465037e-01  6.31203644e+00  1.98129468e+00  1.02970778e+01 -1.86929168e+01  4.64455252e+01  9.96915711e+00]
     [-1.51637101e+01 -1.27713380e+01  4.89117326e+00  9.40290576e+00 -3.76500641e+00 -2.04814489e+00  1.38678981e+01  0.00000000e+00 -7.19825250e+00  7.55201320e-01 -4.28966476e+00 -2.64605509e+00 -2.97782352e+00 -1.64121677e+01  9.96915711e+00  3.44391817e+01]]
    eigvals of hessian_by_M_M: [  4.74652011   4.74652011   9.20177271   9.20177271  17.90394029  17.90394029  26.4154636   26.4154636   53.41035461  53.41035461  65.77424274  65.77424274  84.30629109  84.30629109 118.60091772 118.60091772]
WNAG:
    iter_times, elapsed_time, sqdiff: 300, 0.4998652935028076, 1.9085107101524958
    MSN: Tensor(
        [[ 1.41521591-0.53028043j  0.48220861-0.71852511j  1.306608  +1.18578798j  0.40152268+0.62406652j]
         [-1.0712646 -0.89737719j -0.39671084+0.14662378j -1.15097063-0.83894333j -0.18741991+0.40928265j]
         [-0.67319751+0.90779379j -0.06245668+0.5870266j  -1.00745484-0.23700989j -0.35664023-0.36061751j]
         [ 0.76120767+1.25362972j  0.28931784+0.4944663j  -0.3260277 -0.35915109j -0.95416104-0.71280138j]]
        labels=['kl', 'kr'],
        shape=(4, 4),
    )
    grad_by_M: [ 3.92078919 -1.65235489  3.14612788 -4.98306544 -7.28248422  2.97332415  0.89609571  0.1546786   3.93150096 -3.93636932 -5.49847693  0.5872797   2.90721463  1.85819861 -1.93772194  0.6166267 ]
    hessian_by_M_M: [[10319.21784649 -3927.39799381   882.23297345  -650.38038466  1414.38282086  -343.50348482  2799.11970294  -752.83144028     0.         -2438.01401591 -1347.12204148    93.07623876  2541.04124171  -749.69920199 -2654.32878392   674.35356032]
     [-3927.39799381  2776.92774994   779.64524674   367.46531079  -640.44806586   104.54857483 -1258.12816936   329.66165743  2438.01401591     0.          2006.5265339   -894.25798493  -268.40499609   103.0302496   1673.2937932   -384.9178145 ]
     [  882.23297345   779.64524674 11776.53266327 -4805.10825073   142.53933023    23.66995207   -29.3864499    222.79367588  1347.12204148 -2006.5265339      0.         -2624.2934028   -490.25016184   466.56101428  2020.8377106   -967.4014023 ]
     [ -650.38038466   367.46531079 -4805.10825073  3614.06295411   902.49428917  -803.60647229  -250.52120091   175.60957422   -93.07623876   894.25798493  2624.2934028      0.          -851.61987471    61.91200456  -327.95914007   405.89683391]
     [ 1414.38282086  -640.44806586   142.53933023   902.49428917 16462.62054636 -5261.60463632   -44.86002602   625.5278185  -2541.04124171   268.40499609   490.25016184   851.61987471     0.         -3879.69588581  2587.70520941 -2342.82568819]
     [ -343.50348482   104.54857483    23.66995207  -803.60647229 -5261.60463632  3243.35518409  -601.38733719   354.9844905    749.69920199  -103.0302496   -466.56101428   -61.91200456  3879.69588581     0.           105.65662994   486.29366522]
     [ 2799.11970294 -1258.12816936   -29.3864499   -250.52120091   -44.86002602  -601.38733719  8955.39893132 -2864.31530676  2654.32878392 -1673.2937932  -2020.8377106    327.95914007 -2587.70520941  -105.65662994     0.         -1631.10243238]
     [ -752.83144028   329.66165743   222.79367588   175.60957422   625.5278185    354.9844905  -2864.31530676  1981.82973814  -674.35356032   384.9178145    967.4014023   -405.89683391  2342.82568819  -486.29366522  1631.10243238     0.        ]
     [    0.          2438.01401591  1347.12204148   -93.07623876 -2541.04124171   749.69920199  2654.32878392  -674.35356032 10319.21784649 -3927.39799381   882.23297345  -650.38038466  1414.38282086  -343.50348482  2799.11970294  -752.83144028]
     [-2438.01401591     0.         -2006.5265339    894.25798493   268.40499609  -103.0302496  -1673.2937932    384.9178145  -3927.39799381  2776.92774994   779.64524674   367.46531079  -640.44806586   104.54857483 -1258.12816936   329.66165743]
     [-1347.12204148  2006.5265339      0.          2624.2934028    490.25016184  -466.56101428 -2020.8377106    967.4014023    882.23297345   779.64524674 11776.53266327 -4805.10825073   142.53933023    23.66995207   -29.3864499    222.79367588]
     [   93.07623876  -894.25798493 -2624.2934028      0.           851.61987471   -61.91200456   327.95914007  -405.89683391  -650.38038466   367.46531079 -4805.10825073  3614.06295411   902.49428917  -803.60647229  -250.52120091   175.60957422]
     [ 2541.04124171  -268.40499609  -490.25016184  -851.61987471     0.          3879.69588581 -2587.70520941  2342.82568819  1414.38282086  -640.44806586   142.53933023   902.49428917 16462.62054636 -5261.60463632   -44.86002602   625.5278185 ]
     [ -749.69920199   103.0302496    466.56101428    61.91200456 -3879.69588581     0.          -105.65662994  -486.29366522  -343.50348482   104.54857483    23.66995207  -803.60647229 -5261.60463632  3243.35518409  -601.38733719   354.9844905 ]
     [-2654.32878392  1673.2937932   2020.8377106   -327.95914007  2587.70520941   105.65662994     0.          1631.10243238  2799.11970294 -1258.12816936   -29.3864499   -250.52120091   -44.86002602  -601.38733719  8955.39893132 -2864.31530676]
     [  674.35356032  -384.9178145   -967.4014023    405.89683391 -2342.82568819   486.29366522 -1631.10243238     0.          -752.83144028   329.66165743   222.79367588   175.60957422   625.5278185    354.9844905  -2864.31530676  1981.82973814]]
    eigvals of hessian_by_M_M: [  127.44493725   127.44493725   330.16280126   330.16280126   578.08190289   578.08190289   890.82887641   890.82887641  5260.39787315  5260.39787315 12813.95119474 12813.95119474 18294.64659309 18294.64659309 20834.43143493 20834.43143493]
SNAG:
    iter_times, elapsed_time, sqdiff: 300, 0.4420959949493408, 1.8980873843022383
    MSN: Tensor(
        [[ 1.40853748-0.54314873j  0.47463135-0.72225274j  1.31667821+1.17135446j  0.40690137+0.61907484j]
         [-1.07860911-0.88642491j -0.39474188+0.15024412j -1.15825333-0.82681353j -0.18349815+0.4111224j ]
         [-0.66379093+0.9132088j  -0.05670519+0.58686784j -1.00846778-0.22666015j -0.35942155-0.35661222j]
         [ 0.77252546+1.2451343j   0.2937171 +0.49107177j -0.32855414-0.35557964j -0.95973209-0.70315927j]]
        labels=['kl', 'kr'],
        shape=(4, 4),
    )
    grad_by_M: [-1.96093142e-14  3.27723959e-14  3.33066907e-15 -2.35089725e-14 -5.56221735e-14  3.90798505e-14 -7.03881398e-14  2.55351296e-14 -3.90243393e-14  1.25593980e-14  8.64724958e-14 -9.60342916e-15 -1.04360964e-14 -1.33504319e-14 -7.60502772e-15 -2.74086309e-14]
    hessian_by_M_M: [[ 7.09360802e+01 -1.99103425e+01  2.66887444e+01 -1.13512764e+01 -9.00799241e+00 -4.94918325e+00 -9.82137062e+00 -3.16368577e-01  0.00000000e+00  2.38175788e+01 -1.07293240e+01  1.67638580e+01  7.77853760e+00 -3.15281474e+00  9.76143525e-01 -7.61009053e+00]
     [-1.99103425e+01  1.88212117e+01 -1.03902981e+01  8.22381759e+00  7.23579766e+00 -1.61800848e-01  1.78659640e+00  7.56541644e-01 -2.38175788e+01  0.00000000e+00 -6.18388088e+00 -6.88550965e-01  2.46898803e+00  4.65999423e+00 -1.53052437e+00  6.02424850e-01]
     [ 2.66887444e+01 -1.03902981e+01  1.01782198e+02 -2.49738818e+01 -2.19134389e+01  1.21326172e+01  6.56582277e+00 -9.66674318e+00  1.07293240e+01  6.18388088e+00  0.00000000e+00  3.21941138e+01 -4.23362633e+00  2.50520046e-01  1.54888038e+01 -6.91098856e-01]
     [-1.13512764e+01  8.22381759e+00 -2.49738818e+01  2.26126479e+01  4.34662951e+00 -1.85420878e+00  2.83275347e+00  1.47028905e+00 -1.67638580e+01  6.88550965e-01 -3.21941138e+01  0.00000000e+00  7.07616075e+00 -3.61363502e+00 -4.41152417e+00  4.07644046e+00]
     [-9.00799241e+00  7.23579766e+00 -2.19134389e+01  4.34662951e+00  7.69172534e+01 -2.61356147e+01  2.88174352e+00 -4.88704810e+00 -7.77853760e+00 -2.46898803e+00  4.23362633e+00 -7.07616075e+00  0.00000000e+00  3.26121139e+01 -9.32755590e+00 -1.35319263e-01]
     [-4.94918325e+00 -1.61800848e-01  1.21326172e+01 -1.85420878e+00 -2.61356147e+01  2.97695376e+01 -1.35802087e+01  2.79785411e+00  3.15281474e+00 -4.65999423e+00 -2.50520046e-01  3.61363502e+00 -3.26121139e+01  0.00000000e+00 -3.06398186e-01 -1.35329118e-02]
     [-9.82137062e+00  1.78659640e+00  6.56582277e+00  2.83275347e+00  2.88174352e+00 -1.35802087e+01  7.15558190e+01 -1.59518239e+01 -9.76143525e-01  1.53052437e+00 -1.54888038e+01  4.41152417e+00  9.32755590e+00  3.06398186e-01  0.00000000e+00  2.83316705e+01]
     [-3.16368577e-01  7.56541644e-01 -9.66674318e+00  1.47028905e+00 -4.88704810e+00  2.79785411e+00 -1.59518239e+01  1.96763094e+01  7.61009053e+00 -6.02424850e-01  6.91098856e-01 -4.07644046e+00  1.35319263e-01  1.35329118e-02 -2.83316705e+01  0.00000000e+00]
     [ 0.00000000e+00 -2.38175788e+01  1.07293240e+01 -1.67638580e+01 -7.77853760e+00  3.15281474e+00 -9.76143525e-01  7.61009053e+00  7.09360802e+01 -1.99103425e+01  2.66887444e+01 -1.13512764e+01 -9.00799241e+00 -4.94918325e+00 -9.82137062e+00 -3.16368577e-01]
     [ 2.38175788e+01  0.00000000e+00  6.18388088e+00  6.88550965e-01 -2.46898803e+00 -4.65999423e+00  1.53052437e+00 -6.02424850e-01 -1.99103425e+01  1.88212117e+01 -1.03902981e+01  8.22381759e+00  7.23579766e+00 -1.61800848e-01  1.78659640e+00  7.56541644e-01]
     [-1.07293240e+01 -6.18388088e+00  0.00000000e+00 -3.21941138e+01  4.23362633e+00 -2.50520046e-01 -1.54888038e+01  6.91098856e-01  2.66887444e+01 -1.03902981e+01  1.01782198e+02 -2.49738818e+01 -2.19134389e+01  1.21326172e+01  6.56582277e+00 -9.66674318e+00]
     [ 1.67638580e+01 -6.88550965e-01  3.21941138e+01  0.00000000e+00 -7.07616075e+00  3.61363502e+00  4.41152417e+00 -4.07644046e+00 -1.13512764e+01  8.22381759e+00 -2.49738818e+01  2.26126479e+01  4.34662951e+00 -1.85420878e+00  2.83275347e+00  1.47028905e+00]
     [ 7.77853760e+00  2.46898803e+00 -4.23362633e+00  7.07616075e+00  0.00000000e+00 -3.26121139e+01  9.32755590e+00  1.35319263e-01 -9.00799241e+00  7.23579766e+00 -2.19134389e+01  4.34662951e+00  7.69172534e+01 -2.61356147e+01  2.88174352e+00 -4.88704810e+00]
     [-3.15281474e+00  4.65999423e+00  2.50520046e-01 -3.61363502e+00  3.26121139e+01  0.00000000e+00  3.06398186e-01  1.35329118e-02 -4.94918325e+00 -1.61800848e-01  1.21326172e+01 -1.85420878e+00 -2.61356147e+01  2.97695376e+01 -1.35802087e+01  2.79785411e+00]
     [ 9.76143525e-01 -1.53052437e+00  1.54888038e+01 -4.41152417e+00 -9.32755590e+00 -3.06398186e-01  0.00000000e+00 -2.83316705e+01 -9.82137062e+00  1.78659640e+00  6.56582277e+00  2.83275347e+00  2.88174352e+00 -1.35802087e+01  7.15558190e+01 -1.59518239e+01]
     [-7.61009053e+00  6.02424850e-01 -6.91098856e-01  4.07644046e+00 -1.35319263e-01 -1.35329118e-02  2.83316705e+01  0.00000000e+00 -3.16368577e-01  7.56541644e-01 -9.66674318e+00  1.47028905e+00 -4.88704810e+00  2.79785411e+00 -1.59518239e+01  1.96763094e+01]]
    eigvals of hessian_by_M_M: [  0.87352007   0.87352007   2.58695139   2.58695139   3.74977712   3.74977712   6.24695883   6.24695883  50.39233512  50.39233512  90.69662613  90.69662613  96.29996274  96.29996274 161.22492579 161.22492579]
SSpiral(8):
    iter_times, elapsed_time, sqdiff: 300, 0.8382549285888672, 1.89808738430224
    MSN: Tensor(
        [[ 1.40853748-0.54314873j  0.47463135-0.72225274j  1.31667821+1.17135446j  0.40690137+0.61907484j]
         [-1.07860911-0.88642491j -0.39474188+0.15024412j -1.15825333-0.82681353j -0.18349815+0.4111224j ]
         [-0.66379093+0.9132088j  -0.05670519+0.58686784j -1.00846778-0.22666015j -0.35942155-0.35661222j]
         [ 0.77252546+1.2451343j   0.2937171 +0.49107177j -0.32855414-0.35557964j -0.95973209-0.70315927j]]
        labels=['kl', 'kr'],
        shape=(4, 4),
    )
    grad_by_M: [-1.22159227e-14  3.84067778e-15 -7.41767758e-15  1.52100554e-14  4.88498131e-15  1.64868119e-14 -1.22402088e-14  5.10702591e-15 -1.02418074e-14 -3.02535774e-15 -1.21014310e-14  7.52176099e-15  2.51187959e-15 -6.55031585e-15 -4.01068068e-15  1.07726328e-15]
    hessian_by_M_M: [[ 3.35283607e+01 -4.49869585e-01  9.15869377e+00 -8.15834788e+00 -2.52867360e+00 -4.05191956e+00 -1.91658606e+00 -9.30273802e+00  0.00000000e+00 -1.75489527e+00 -1.01961764e+01  8.17792409e+00  3.28179270e-02 -1.40413486e+00 -6.05733229e-01 -8.51086120e+00]
     [-4.49869585e-01  2.40735564e+01 -7.46154538e-01 -2.86612066e-01 -1.26594384e+00  2.00919864e+00  1.37840612e+00  4.62403374e+00  1.75489527e+00  0.00000000e+00 -4.97059401e+00  2.82177183e+00  2.89716435e+00  1.09869190e+01 -1.38621344e+00 -1.10284467e+01]
     [ 9.15869377e+00 -7.46154538e-01  4.74943629e+01  5.61718997e+00 -1.35075622e+01  4.05208201e+00  3.41358050e+00 -2.08411930e+00  1.01961764e+01  4.97059401e+00  0.00000000e+00 -2.45769827e+00  6.09364065e-02  4.40542683e+00  5.46941934e+00  3.05155509e+00]
     [-8.15834788e+00 -2.86612066e-01  5.61718997e+00  3.00215676e+01 -3.04413437e+00  6.20429950e+00 -1.24155798e+00 -2.31477908e+00 -8.17792409e+00 -2.82177183e+00  2.45769827e+00  0.00000000e+00  3.62994738e+00 -8.34862647e-02  8.60883432e-01  7.68528676e+00]
     [-2.52867360e+00 -1.26594384e+00 -1.35075622e+01 -3.04413437e+00  3.31800965e+01 -1.02773533e+01  4.67054179e+00 -5.92520023e+00 -3.28179270e-02 -2.89716435e+00 -6.09364065e-02 -3.62994738e+00  0.00000000e+00  1.05458906e+00  4.72329066e-02 -2.15251879e+00]
     [-4.05191956e+00  2.00919864e+00  4.05208201e+00  6.20429950e+00 -1.02773533e+01  3.86488155e+01 -1.50949619e+01 -1.09975021e+01  1.40413486e+00 -1.09869190e+01 -4.40542683e+00  8.34862647e-02 -1.05458906e+00  0.00000000e+00 -6.74592971e+00  1.96880199e+00]
     [-1.91658606e+00  1.37840612e+00  3.41358050e+00 -1.24155798e+00  4.67054179e+00 -1.50949619e+01  2.69350753e+01  3.93222728e+00  6.05733229e-01  1.38621344e+00 -5.46941934e+00 -8.60883432e-01 -4.72329066e-02  6.74592971e+00  0.00000000e+00  3.17278027e+00]
