b=4, chi=2, seed=646, 
NOR:
    iter_times, elapsed_time, sqdiff: 300, 0.4028279781341553, 1.3889039796985376
    MSN: Tensor(
        [[ 0.17833463+0.05636989j  1.05571221+0.38755932j -0.05788234+0.07347509j  0.77722545+0.27219049j]
         [ 0.80868804-0.49772396j  0.92296324+1.12257546j  0.27911594+0.01465414j  0.44689684+0.07326885j]
         [ 1.08708081+0.7459266j   0.05037448+0.7063287j   0.10064712+0.48312075j  0.92556195-0.02114373j]
         [-0.11852501+1.06957977j -0.36715249-0.07892609j -0.30526618+0.2934747j   0.49733019+0.41161431j]]
        labels=['kl', 'kr'],
        shape=(4, 4),
    )
    grad_by_M: [ 2.06779038e-15  5.49820606e-15  1.64451786e-15  6.16867668e-15 -3.91353616e-15 -1.08940634e-15  4.94049246e-15 -1.55743474e-14  1.81937798e-14  8.91647867e-16  6.37684350e-15 -6.63705202e-15 -1.31283873e-14 -9.43689571e-15  6.05071548e-15  1.06442632e-14]
    hessian_by_M_M: [[ 5.72134081e+01 -9.42364263e+00 -3.92664174e+00 -2.12958529e+00  1.35740848e+01 -6.93064758e+00 -1.13947091e+01  1.08037840e+01  0.00000000e+00  8.61028682e+00  5.74233933e-02 -8.64260857e+00  2.08448927e+00  4.22354456e+00  1.26008893e+01  4.81375028e+00]
     [-9.42364263e+00  4.72611059e+01 -3.65418492e+00  2.51312883e+00 -1.65174034e+01 -2.59254924e-02  5.22485417e+00 -3.04764608e+00 -8.61028682e+00  0.00000000e+00 -5.24275303e+00  9.45529078e-01 -9.24857076e+00  1.19676584e+01 -1.05185056e+00  1.29726324e+01]
     [-3.92664174e+00 -3.65418492e+00  5.34581106e+01  4.75061903e+00  1.32872931e+00  1.11075088e+00  7.18055703e+00  5.06082831e+00 -5.74233933e-02  5.24275303e+00  0.00000000e+00  1.50047419e+01 -1.08630558e+01 -1.01035465e+01 -1.21203091e+01 -3.66358882e+00]
     [-2.12958529e+00  2.51312883e+00  4.75061903e+00  2.67053073e+01 -8.37436859e+00 -1.63743238e-01 -1.09370480e+01  9.90260837e-01  8.64260857e+00 -9.45529078e-01 -1.50047419e+01  0.00000000e+00  2.69672841e-01 -4.90915694e+00 -1.77744780e+00 -3.79785864e+00]
     [ 1.35740848e+01 -1.65174034e+01  1.32872931e+00 -8.37436859e+00  5.57854004e+01  7.13169483e-01  1.06584475e+01  6.34421905e+00 -2.08448927e+00  9.24857076e+00  1.08630558e+01 -2.69672841e-01  0.00000000e+00  1.13831212e+01  4.34618872e+00  1.91972620e+00]
     [-6.93064758e+00 -2.59254924e-02  1.11075088e+00 -1.63743238e-01  7.13169483e-01  3.09333932e+01  4.90475540e+00  5.80486902e+00 -4.22354456e+00 -1.19676584e+01  1.01035465e+01  4.90915694e+00 -1.13831212e+01  0.00000000e+00  6.81319289e+00 -6.71446525e+00]
     [-1.13947091e+01  5.22485417e+00  7.18055703e+00 -1.09370480e+01  1.06584475e+01  4.90475540e+00  5.87414769e+01 -6.87178697e+00 -1.26008893e+01  1.05185056e+00  1.21203091e+01  1.77744780e+00 -4.34618872e+00 -6.81319289e+00  0.00000000e+00  1.01785351e+01]
     [ 1.08037840e+01 -3.04764608e+00  5.06082831e+00  9.90260837e-01  6.34421905e+00  5.80486902e+00 -6.87178697e+00  3.82821477e+01 -4.81375028e+00 -1.29726324e+01  3.66358882e+00  3.79785864e+00 -1.91972620e+00  6.71446525e+00 -1.01785351e+01  0.00000000e+00]
     [ 0.00000000e+00 -8.61028682e+00 -5.74233933e-02  8.64260857e+00 -2.08448927e+00 -4.22354456e+00 -1.26008893e+01 -4.81375028e+00  5.72134081e+01 -9.42364263e+00 -3.92664174e+00 -2.12958529e+00  1.35740848e+01 -6.93064758e+00 -1.13947091e+01  1.08037840e+01]
     [ 8.61028682e+00  0.00000000e+00  5.24275303e+00 -9.45529078e-01  9.24857076e+00 -1.19676584e+01  1.05185056e+00 -1.29726324e+01 -9.42364263e+00  4.72611059e+01 -3.65418492e+00  2.51312883e+00 -1.65174034e+01 -2.59254924e-02  5.22485417e+00 -3.04764608e+00]
     [ 5.74233933e-02 -5.24275303e+00  0.00000000e+00 -1.50047419e+01  1.08630558e+01  1.01035465e+01  1.21203091e+01  3.66358882e+00 -3.92664174e+00 -3.65418492e+00  5.34581106e+01  4.75061903e+00  1.32872931e+00  1.11075088e+00  7.18055703e+00  5.06082831e+00]
     [-8.64260857e+00  9.45529078e-01  1.50047419e+01  0.00000000e+00 -2.69672841e-01  4.90915694e+00  1.77744780e+00  3.79785864e+00 -2.12958529e+00  2.51312883e+00  4.75061903e+00  2.67053073e+01 -8.37436859e+00 -1.63743238e-01 -1.09370480e+01  9.90260837e-01]
     [ 2.08448927e+00 -9.24857076e+00 -1.08630558e+01  2.69672841e-01  0.00000000e+00 -1.13831212e+01 -4.34618872e+00 -1.91972620e+00  1.35740848e+01 -1.65174034e+01  1.32872931e+00 -8.37436859e+00  5.57854004e+01  7.13169483e-01  1.06584475e+01  6.34421905e+00]
     [ 4.22354456e+00  1.19676584e+01 -1.01035465e+01 -4.90915694e+00  1.13831212e+01  0.00000000e+00 -6.81319289e+00  6.71446525e+00 -6.93064758e+00 -2.59254924e-02  1.11075088e+00 -1.63743238e-01  7.13169483e-01  3.09333932e+01  4.90475540e+00  5.80486902e+00]
     [ 1.26008893e+01 -1.05185056e+00 -1.21203091e+01 -1.77744780e+00  4.34618872e+00  6.81319289e+00  0.00000000e+00 -1.01785351e+01 -1.13947091e+01  5.22485417e+00  7.18055703e+00 -1.09370480e+01  1.06584475e+01  4.90475540e+00  5.87414769e+01 -6.87178697e+00]
     [ 4.81375028e+00  1.29726324e+01 -3.66358882e+00 -3.79785864e+00  1.91972620e+00 -6.71446525e+00  1.01785351e+01  0.00000000e+00  1.08037840e+01 -3.04764608e+00  5.06082831e+00  9.90260837e-01  6.34421905e+00  5.80486902e+00 -6.87178697e+00  3.82821477e+01]]
    hessian: [[ 57.21340814  -9.42364263  -3.92664174 ...   0.67773008  10.61451423  -1.27593145]
     [ -9.42364263  47.2611059   -3.65418492 ...   8.80337533   3.26649661 -11.27520567]
     [ -3.92664174  -3.65418492  53.45811063 ...   0.83617406   7.99622795 -14.41991485]
     ...
     [  0.67773008   8.80337533   0.83617406 ...  36.29896508   0.08406531  -0.73124444]
     [ 10.61451423   3.26649661   7.99622795 ...   0.08406531  29.42531574   4.66179622]
     [ -1.27593145 -11.27520567 -14.41991485 ...  -0.73124444   4.66179622  30.00685239]]
    eigvals of hessian_by_M_M: [ 10.16503647  10.16503647  14.19485691  14.19485691  18.56608264  18.56608264  37.02962987  37.02962987  43.8035089   43.8035089   64.08502056  64.08502056  80.0926404   80.0926404  100.44357434 100.44357434]
WCOR:
    iter_times, elapsed_time, sqdiff: 300, 0.4261970520019531, 1.3889039796985412
    MSN: Tensor(
        [[ 0.17833463+0.05636989j  1.05571221+0.38755932j -0.05788234+0.07347509j  0.77722545+0.27219049j]
         [ 0.80868804-0.49772396j  0.92296324+1.12257546j  0.27911594+0.01465414j  0.44689684+0.07326885j]
         [ 1.08708081+0.7459266j   0.05037448+0.7063287j   0.10064712+0.48312075j  0.92556195-0.02114373j]
         [-0.11852501+1.06957977j -0.36715249-0.07892609j -0.30526618+0.2934747j   0.49733019+0.41161431j]]
        labels=['kl', 'kr'],
        shape=(4, 4),
    )
    grad_by_M: [ 6.75848266e-15  5.49907342e-15  2.70616862e-16 -4.85722573e-15 -9.24260668e-15  1.12410081e-15 -2.59237076e-14 -8.20871149e-15 -3.64430708e-14  1.10779441e-14 -1.07483467e-14  4.31090981e-15 -9.54791801e-15  2.49800181e-15  1.89362415e-14 -1.21985755e-14]
    hessian_by_M_M: [[ 5.39494300e+01  2.64939783e-01 -3.70496832e+00 -1.25505800e+00  1.27705247e+01 -4.07488165e+00 -1.07486534e+01  7.46072858e+00  0.00000000e+00  2.18114744e+00  4.53621133e-02 -7.34640512e+00  1.97733503e+00  2.09061765e+00  1.19022977e+01  8.39282151e+00]
     [ 2.64939783e-01  3.47457926e+01 -4.45971761e+00  1.31614213e+00 -1.31865810e+01 -3.91676819e+00  1.56268349e+00 -1.03416327e+00 -2.18114744e+00  0.00000000e+00 -4.18422840e+00 -1.04617257e+00 -4.32017248e+00  9.50931781e+00 -2.78279805e-01  1.15194926e+01]
     [-3.70496832e+00 -4.45971761e+00  5.04092705e+01  1.07547821e+01  1.26349948e+00  1.82649719e+00  6.77411450e+00  5.16659327e+00 -4.53621133e-02  4.18422840e+00  0.00000000e+00  9.81206722e+00 -1.02447850e+01 -1.02766695e+01 -1.14179975e+01 -4.87006355e+00]
     [-1.25505800e+00  1.31614213e+00  1.07547821e+01  2.14269330e+01 -6.11457923e+00 -2.24016547e-01 -7.52564031e+00  3.57570321e-01  7.34640512e+00  1.04617257e+00 -9.81206722e+00  0.00000000e+00 -3.20954476e-01 -4.75785835e+00 -1.52035150e+00 -2.78751141e+00]
     [ 1.27705247e+01 -1.31865810e+01  1.26349948e+00 -6.11457923e+00  5.26097780e+01  8.21959058e+00  1.00742362e+01  7.14404392e+00 -1.97733503e+00  4.32017248e+00  1.02447850e+01  3.20954476e-01  0.00000000e+00  6.03305917e+00  4.11042403e+00  2.49545281e+00]
     [-4.07488165e+00 -3.91676819e+00  1.82649719e+00 -2.24016547e-01  8.21959058e+00  2.42913738e+01  6.56692315e+00  6.83693491e+00 -2.09061765e+00 -9.50931781e+00  1.02766695e+01  4.75785835e+00 -6.03305917e+00  0.00000000e+00  6.51362782e+00 -3.77287478e+00]
     [-1.07486534e+01  1.56268349e+00  6.77411450e+00 -7.52564031e+00  1.00742362e+01  6.56692315e+00  5.53907909e+01  2.45280834e+00 -1.19022977e+01  2.78279805e-01  1.14179975e+01  1.52035150e+00 -4.11042403e+00 -6.51362782e+00  0.00000000e+00  3.76968775e+00]
     [ 7.46072858e+00 -1.03416327e+00  5.16659327e+00  3.57570321e-01  7.14404392e+00  6.83693491e+00  2.45280834e+00  2.82335942e+01 -8.39282151e+00 -1.15194926e+01  4.87006355e+00  2.78751141e+00 -2.49545281e+00  3.77287478e+00 -3.76968775e+00  0.00000000e+00]
     [ 0.00000000e+00 -2.18114744e+00 -4.53621133e-02  7.34640512e+00 -1.97733503e+00 -2.09061765e+00 -1.19022977e+01 -8.39282151e+00  5.39494300e+01  2.64939783e-01 -3.70496832e+00 -1.25505800e+00  1.27705247e+01 -4.07488165e+00 -1.07486534e+01  7.46072858e+00]
     [ 2.18114744e+00  0.00000000e+00  4.18422840e+00  1.04617257e+00  4.32017248e+00 -9.50931781e+00  2.78279805e-01 -1.15194926e+01  2.64939783e-01  3.47457926e+01 -4.45971761e+00  1.31614213e+00 -1.31865810e+01 -3.91676819e+00  1.56268349e+00 -1.03416327e+00]
     [ 4.53621133e-02 -4.18422840e+00  0.00000000e+00 -9.81206722e+00  1.02447850e+01  1.02766695e+01  1.14179975e+01  4.87006355e+00 -3.70496832e+00 -4.45971761e+00  5.04092705e+01  1.07547821e+01  1.26349948e+00  1.82649719e+00  6.77411450e+00  5.16659327e+00]
     [-7.34640512e+00 -1.04617257e+00  9.81206722e+00  0.00000000e+00  3.20954476e-01  4.75785835e+00  1.52035150e+00  2.78751141e+00 -1.25505800e+00  1.31614213e+00  1.07547821e+01  2.14269330e+01 -6.11457923e+00 -2.24016547e-01 -7.52564031e+00  3.57570321e-01]
     [ 1.97733503e+00 -4.32017248e+00 -1.02447850e+01 -3.20954476e-01  0.00000000e+00 -6.03305917e+00 -4.11042403e+00 -2.49545281e+00  1.27705247e+01 -1.31865810e+01  1.26349948e+00 -6.11457923e+00  5.26097780e+01  8.21959058e+00  1.00742362e+01  7.14404392e+00]
     [ 2.09061765e+00  9.50931781e+00 -1.02766695e+01 -4.75785835e+00  6.03305917e+00  0.00000000e+00 -6.51362782e+00  3.77287478e+00 -4.07488165e+00 -3.91676819e+00  1.82649719e+00 -2.24016547e-01  8.21959058e+00  2.42913738e+01  6.56692315e+00  6.83693491e+00]
     [ 1.19022977e+01 -2.78279805e-01 -1.14179975e+01 -1.52035150e+00  4.11042403e+00  6.51362782e+00  0.00000000e+00 -3.76968775e+00 -1.07486534e+01  1.56268349e+00  6.77411450e+00 -7.52564031e+00  1.00742362e+01  6.56692315e+00  5.53907909e+01  2.45280834e+00]
     [ 8.39282151e+00  1.15194926e+01 -4.87006355e+00 -2.78751141e+00  2.49545281e+00 -3.77287478e+00  3.76968775e+00  0.00000000e+00  7.46072858e+00 -1.03416327e+00  5.16659327e+00  3.57570321e-01  7.14404392e+00  6.83693491e+00  2.45280834e+00  2.82335942e+01]]
    hessian: [[ 53.94942996   0.26493978  -3.70496832 ...  -0.25135862  11.80593553  -4.67667596]
     [  0.26493978  34.74579258  -4.45971761 ...   8.09380426   3.70964508 -10.65039574]
     [ -3.70496832  -4.45971761  50.40927054 ...  -4.96578568  10.84330868 -16.35724987]
     ...
     [ -0.25135862   8.09380426  -4.96578568 ...  46.54351653   0.69962412  -0.92417426]
     [ 11.80593553   3.70964508  10.84330868 ...   0.69962412  32.32762723  -2.62558522]
     [ -4.67667596 -10.65039574 -16.35724987 ...  -0.92417426  -2.62558522  38.50089513]]
    eigvals of hessian_by_M_M: [ 8.03596909  8.03596909 12.95304665 12.95304665 14.61318087 14.61318087 31.88897861 31.88897861 43.5155547  43.5155547  50.27774553 50.27774553 65.94582326 65.94582326 93.82666426 93.82666426]
WROR:
    iter_times, elapsed_time, sqdiff: 300, 0.4958047866821289, 1.3889039796985372
    MSN: Tensor(
        [[ 0.17833463+0.05636989j  1.05571221+0.38755932j -0.05788234+0.07347509j  0.77722545+0.27219049j]
         [ 0.80868804-0.49772396j  0.92296324+1.12257546j  0.27911594+0.01465414j  0.44689684+0.07326885j]
         [ 1.08708081+0.7459266j   0.05037448+0.7063287j   0.10064712+0.48312075j  0.92556195-0.02114373j]
         [-0.11852501+1.06957977j -0.36715249-0.07892609j -0.30526618+0.2934747j   0.49733019+0.41161431j]]
        labels=['kl', 'kr'],
        shape=(4, 4),
    )
    grad_by_M: [ 4.88428742e-14  3.32758994e-14 -9.70612479e-14 -1.04014020e-14 -2.49522625e-14 -8.71767936e-14  2.45636844e-15  2.83245649e-14  4.43881043e-14  3.75255382e-14 -6.95589419e-14 -1.04785538e-13  6.59888810e-14  1.56819002e-15 -6.39072129e-14 -2.66418831e-14]
    hessian_by_M_M: [[ 23.96499658  12.47892475  -1.81669979  -0.19428514   5.8786339    2.27805717  -2.9605763   -4.24933323   0.          13.219609    -0.4663991   -2.29771836  -0.04096193   1.66334809   4.38846516   2.95770539]
     [ 12.47892475  17.04020019  -2.68896329  -1.7666168    1.68974161   0.27305028   1.15129655  -0.42061375 -13.219609     0.           0.36950728  -2.12644344  -1.9610431    0.59635371   3.19213978   4.87879635]
     [ -1.81669979  -2.68896329  23.9783315   13.95391953  -1.06099776   3.66775113   2.15536806   5.83301525   0.4663991   -0.36950728   0.          14.92102245  -5.47531182  -4.99836793  -6.58998306  -3.0257283 ]
     [ -0.19428514  -1.7666168   13.95391953  18.91352727  -4.39514249  -1.24828321  -3.21961742   0.90415781   2.29771836   2.12644344 -14.92102245   0.          -1.88216849  -5.1672232   -4.14865225  -4.94361841]
     [  5.8786339    1.68974161  -1.06099776  -4.39514249  23.86585889  13.78969876   3.62855309   2.39461624   0.04096193   1.9610431    5.47531182   1.88216849   0.          14.1251222    1.20113033   4.26375347]
     [  2.27805717   0.27305028   3.66775113  -1.24828321  13.78969876  18.3769237    4.00650162   4.84276769  -1.66334809  -0.59635371   4.99836793   5.1672232  -14.1251222    0.          -0.86864308   1.69545989]
     [ -2.9605763    1.15129655   2.15536806  -3.21961742   3.62855309   4.00650162  24.57795694  13.35701994  -4.38846516  -3.19213978   6.58998306   4.14865225  -1.20113033   0.86864308   0.          13.60876652]
     [ -4.24933323  -0.42061375   5.83301525   0.90415781   2.39461624   4.84276769  13.35701994  17.41045596  -2.95770539  -4.87879635   3.0257283    4.94361841  -4.26375347  -1.69545989 -13.60876652   0.        ]
     [  0.         -13.219609     0.4663991    2.29771836   0.04096193  -1.66334809  -4.38846516  -2.95770539  23.96499658  12.47892475  -1.81669979  -0.19428514   5.8786339    2.27805717  -2.9605763   -4.24933323]
     [ 13.219609     0.          -0.36950728   2.12644344   1.9610431   -0.59635371  -3.19213978  -4.87879635  12.47892475  17.04020019  -2.68896329  -1.7666168    1.68974161   0.27305028   1.15129655  -0.42061375]
     [ -0.4663991    0.36950728   0.         -14.92102245   5.47531182   4.99836793   6.58998306   3.0257283   -1.81669979  -2.68896329  23.9783315   13.95391953  -1.06099776   3.66775113   2.15536806   5.83301525]
     [ -2.29771836  -2.12644344  14.92102245   0.           1.88216849   5.1672232    4.14865225   4.94361841  -0.19428514  -1.7666168   13.95391953  18.91352727  -4.39514249  -1.24828321  -3.21961742   0.90415781]
     [ -0.04096193  -1.9610431   -5.47531182  -1.88216849   0.         -14.1251222   -1.20113033  -4.26375347   5.8786339    1.68974161  -1.06099776  -4.39514249  23.86585889  13.78969876   3.62855309   2.39461624]
     [  1.66334809   0.59635371  -4.99836793  -5.1672232   14.1251222    0.           0.86864308  -1.69545989   2.27805717   0.27305028   3.66775113  -1.24828321  13.78969876  18.3769237    4.00650162   4.84276769]
     [  4.38846516   3.19213978  -6.58998306  -4.14865225   1.20113033  -0.86864308   0.         -13.60876652  -2.9605763    1.15129655   2.15536806  -3.21961742   3.62855309   4.00650162  24.57795694  13.35701994]
     [  2.95770539   4.87879635  -3.0257283   -4.94361841   4.26375347   1.69545989  13.60876652   0.          -4.24933323  -0.42061375   5.83301525   0.90415781   2.39461624   4.84276769  13.35701994  17.41045596]]
    hessian: [[  23.96499658   12.47892475   -1.81669979 ...   17.32640438   26.25969555  -20.26689645]
     [  12.47892475   17.04020019   -2.68896329 ...   -6.89617546   12.03690719  -10.20473952]
     [  -1.81669979   -2.68896329   23.9783315  ...  -23.13069977   35.01429887  -13.81228819]
     ...
     [  17.32640438   -6.89617546  -23.13069977 ...  456.47053233    7.25151078  -15.83341598]
     [  26.25969555   12.03690719   35.01429887 ...    7.25151078  280.20658941 -198.99240337]
     [ -20.26689645  -10.20473952  -13.81228819 ...  -15.83341598 -198.99240337  323.23963497]]
    eigvals of hessian_by_M_M: [ 0.46644185  0.46644185  0.78656839  0.78656839  0.97769234  0.97769234  2.61336984  2.61336984 24.71334554 24.71334554 30.59867041 30.59867041 42.80839505 42.80839505 65.16376759 65.16376759]
IWROR:
    iter_times, elapsed_time, sqdiff: 300, 0.4588470458984375, 1.3889039796985359
    MSN: Tensor(
        [[ 0.17833463+0.05636989j  1.05571221+0.38755932j -0.05788234+0.07347509j  0.77722545+0.27219049j]
         [ 0.80868804-0.49772396j  0.92296324+1.12257546j  0.27911594+0.01465414j  0.44689684+0.07326885j]
         [ 1.08708081+0.7459266j   0.05037448+0.7063287j   0.10064712+0.48312075j  0.92556195-0.02114373j]
         [-0.11852501+1.06957977j -0.36715249-0.07892609j -0.30526618+0.2934747j   0.49733019+0.41161431j]]
        labels=['kl', 'kr'],
        shape=(4, 4),
    )
    grad_by_M: [ 1.09884324e-13  5.40713307e-15  3.48505946e-14  7.48082152e-14  2.70755640e-14  5.24094657e-14 -9.03721542e-14 -5.95912208e-14  6.04447048e-14  7.92976795e-14 -8.67639294e-14 -2.61717731e-14 -5.73568970e-14 -2.20934382e-14  8.27254931e-14 -5.74887360e-15]
    hessian_by_M_M: [[ 28.9588064   15.04529531  -2.27635217  -0.40912898   7.03287255   2.16026225  -4.13727033  -4.17558456   0.          11.92486808  -0.5352891   -2.86150466   0.06919054   1.5266448    5.6187027    4.5545258 ]
     [ 15.04529531  17.90247589  -3.26490234  -1.78041716   0.99987464  -0.86977412   0.56694334  -0.27377309 -11.92486808   0.          -0.08737341  -2.50117753  -1.43333164   1.19474384   3.84892606   5.73996033]
     [ -2.27635217  -3.26490234  28.92857392  17.05592182  -0.80673613   3.73871733   2.9126436    6.13736828   0.5352891    0.08737341   0.          14.29485432  -6.48773413  -6.08771083  -7.64250674  -3.84054672]
     [ -0.40912898  -1.78041716  17.05592182  19.52528501  -4.33621395  -1.13439815  -2.96052083   0.85725278   2.86150466   2.50117753 -14.29485432   0.          -2.50814382  -5.42040337  -4.52171736  -4.79939771]
     [  7.03287255   0.99987464  -0.80673613  -4.33621395  29.04742688  16.91249196   4.81472048   3.62384013  -0.06919054   1.43333164   6.48773413   2.50814382   0.          13.2520521    1.87120137   4.76702458]
     [  2.16026225  -0.86977412   3.73871733  -1.13439815  16.91249196  19.13268991   5.32629619   5.66065912  -1.5266448   -1.19474384   6.08771083   5.42040337 -13.2520521    0.          -0.04878595   1.82437508]
     [ -4.13727033   0.56694334   2.9126436   -2.96052083   4.81472048   5.32629619  29.89144372  16.13598973  -5.6187027   -3.84892606   7.64250674   4.52171736  -1.87120137   0.04878595   0.          12.43907111]
     [ -4.17558456  -0.27377309   6.13736828   0.85725278   3.62384013   5.66065912  16.13598973  18.02647276  -4.5545258   -5.73996033   3.84054672   4.79939771  -4.76702458  -1.82437508 -12.43907111   0.        ]
     [  0.         -11.92486808   0.5352891    2.86150466  -0.06919054  -1.5266448   -5.6187027   -4.5545258   28.9588064   15.04529531  -2.27635217  -0.40912898   7.03287255   2.16026225  -4.13727033  -4.17558456]
     [ 11.92486808   0.           0.08737341   2.50117753   1.43333164  -1.19474384  -3.84892606  -5.73996033  15.04529531  17.90247589  -3.26490234  -1.78041716   0.99987464  -0.86977412   0.56694334  -0.27377309]
     [ -0.5352891   -0.08737341   0.         -14.29485432   6.48773413   6.08771083   7.64250674   3.84054672  -2.27635217  -3.26490234  28.92857392  17.05592182  -0.80673613   3.73871733   2.9126436    6.13736828]
     [ -2.86150466  -2.50117753  14.29485432   0.           2.50814382   5.42040337   4.52171736   4.79939771  -0.40912898  -1.78041716  17.05592182  19.52528501  -4.33621395  -1.13439815  -2.96052083   0.85725278]
     [  0.06919054  -1.43333164  -6.48773413  -2.50814382   0.         -13.2520521   -1.87120137  -4.76702458   7.03287255   0.99987464  -0.80673613  -4.33621395  29.04742688  16.91249196   4.81472048   3.62384013]
     [  1.5266448    1.19474384  -6.08771083  -5.42040337  13.2520521    0.           0.04878595  -1.82437508   2.16026225  -0.86977412   3.73871733  -1.13439815  16.91249196  19.13268991   5.32629619   5.66065912]
     [  5.6187027    3.84892606  -7.64250674  -4.52171736   1.87120137  -0.04878595   0.         -12.43907111  -4.13727033   0.56694334   2.9126436   -2.96052083   4.81472048   5.32629619  29.89144372  16.13598973]
     [  4.5545258    5.73996033  -3.84054672  -4.79939771   4.76702458   1.82437508  12.43907111   0.          -4.17558456  -0.27377309   6.13736828   0.85725278   3.62384013   5.66065912  16.13598973  18.02647276]]
    hessian: [[  28.9588064    15.04529531   -2.27635217 ...    9.35228323   23.33275732  -20.20410724]
     [  15.04529531   17.90247589   -3.26490234 ...   -4.16217696   10.44947091  -11.8368565 ]
     [  -2.27635217   -3.26490234   28.92857392 ...  -24.23690918   30.03791838  -18.10956361]
     ...
     [   9.35228323   -4.16217696  -24.23690918 ...  286.93333792    2.23310612   -9.07030056]
     [  23.33275732   10.44947091   30.03791838 ...    2.23310612  169.3449576  -136.59486315]
     [ -20.20410724  -11.8368565   -18.10956361 ...   -9.07030056 -136.59486315  216.40722081]]
    eigvals of hessian_by_M_M: [ 0.79917955  0.79917955  1.3457338   1.3457338   1.72811266  1.72811266  4.38268054  4.38268054 27.76303223 27.76303223 34.24432019 34.24432019 47.58801767 47.58801767 73.56209785 73.56209785]
WLBOR:
    iter_times, elapsed_time, sqdiff: 300, 1.3342978954315186, 1.3889039796985374
    MSN: Tensor(
        [[ 0.17833463+0.05636989j  1.05571221+0.38755932j -0.05788235+0.07347509j  0.77722545+0.2721905j ]
         [ 0.80868804-0.49772396j  0.92296324+1.12257546j  0.27911594+0.01465414j  0.44689684+0.07326885j]
         [ 1.08708081+0.7459266j   0.05037448+0.7063287j   0.10064712+0.48312075j  0.92556195-0.02114373j]
         [-0.11852501+1.06957977j -0.36715249-0.07892609j -0.30526618+0.2934747j   0.49733019+0.41161431j]]
        labels=['kl', 'kr'],
        shape=(4, 4),
    )
    grad_by_M: [-9.10606024e-09 -2.19387807e-09  1.63084694e-08  1.15500269e-08 -1.93051233e-08 -2.40829806e-09  1.31679528e-08 -1.22301713e-08  9.16349845e-09  1.21625600e-08 -5.97247005e-09 -2.94351179e-09  1.79528001e-09 -2.13742212e-08  7.25241711e-09  4.81248166e-09]
    hessian_by_M_M: [[ 5.87592153e+01 -9.83771997e+00 -4.08467237e+00 -1.75742853e+00  1.39812284e+01 -7.48375234e+00 -1.15446842e+01  1.02724319e+01  0.00000000e+00  1.05554117e+01 -1.07835033e-02 -9.03130430e+00  2.00388773e+00  4.40654287e+00  1.28587683e+01  5.16597361e+00]
     [-9.83771997e+00  4.89393740e+01 -3.98832929e+00  2.45977353e+00 -1.71425252e+01  2.99409486e-01  5.78407320e+00 -2.91975917e+00 -1.05554117e+01  0.00000000e+00 -5.09640213e+00  8.85326623e-01 -8.98972000e+00  1.19844857e+01 -9.18130865e-01  1.31633349e+01]
     [-4.08467237e+00 -3.98832929e+00  5.51671165e+01  4.27889374e+00  1.21001779e+00  2.01681452e+00  7.31228132e+00  5.77465218e+00  1.07835033e-02  5.09640213e+00  0.00000000e+00  1.74566631e+01 -1.12801537e+01 -1.02845770e+01 -1.26298068e+01 -3.31125379e+00]
     [-1.75742853e+00  2.45977353e+00  4.27889374e+00  2.83075939e+01 -8.92970209e+00 -4.83764092e-01 -1.16658092e+01  9.50093455e-01  9.03130430e+00 -8.85326623e-01 -1.74566631e+01  0.00000000e+00  6.29906817e-01 -5.34136096e+00 -1.52002686e+00 -4.37563538e+00]
     [ 1.39812284e+01 -1.71425252e+01  1.21001779e+00 -8.92970209e+00  5.74353416e+01  3.44514466e-01  1.09036019e+01  6.38799097e+00 -2.00388773e+00  8.98972000e+00  1.12801537e+01 -6.29906817e-01  0.00000000e+00  1.36636190e+01  4.46679623e+00  2.64187379e+00]
     [-7.48375234e+00  2.99409486e-01  2.01681452e+00 -4.83764092e-01  3.44514466e-01  3.24145124e+01  5.43697640e+00  5.85397958e+00 -4.40654287e+00 -1.19844857e+01  1.02845770e+01  5.34136096e+00 -1.36636190e+01  0.00000000e+00  6.33839411e+00 -6.89644338e+00]
     [-1.15446842e+01  5.78407320e+00  7.31228132e+00 -1.16658092e+01  1.09036019e+01  5.43697640e+00  6.03798646e+01 -7.33011799e+00 -1.28587683e+01  9.18130865e-01  1.26298068e+01  1.52002686e+00 -4.46679623e+00 -6.33839411e+00  0.00000000e+00  1.22237908e+01]
     [ 1.02724319e+01 -2.91975917e+00  5.77465218e+00  9.50093455e-01  6.38799097e+00  5.85397958e+00 -7.33011799e+00  3.98385853e+01 -5.16597361e+00 -1.31633349e+01  3.31125379e+00  4.37563538e+00 -2.64187379e+00  6.89644338e+00 -1.22237908e+01  0.00000000e+00]
     [ 0.00000000e+00 -1.05554117e+01  1.07835033e-02  9.03130430e+00 -2.00388773e+00 -4.40654287e+00 -1.28587683e+01 -5.16597361e+00  5.87592153e+01 -9.83771997e+00 -4.08467237e+00 -1.75742853e+00  1.39812284e+01 -7.48375234e+00 -1.15446842e+01  1.02724319e+01]
     [ 1.05554117e+01  0.00000000e+00  5.09640213e+00 -8.85326623e-01  8.98972000e+00 -1.19844857e+01  9.18130865e-01 -1.31633349e+01 -9.83771997e+00  4.89393740e+01 -3.98832929e+00  2.45977353e+00 -1.71425252e+01  2.99409486e-01  5.78407320e+00 -2.91975917e+00]
     [-1.07835033e-02 -5.09640213e+00  0.00000000e+00 -1.74566631e+01  1.12801537e+01  1.02845770e+01  1.26298068e+01  3.31125379e+00 -4.08467237e+00 -3.98832929e+00  5.51671165e+01  4.27889374e+00  1.21001779e+00  2.01681452e+00  7.31228132e+00  5.77465218e+00]
     [-9.03130430e+00  8.85326623e-01  1.74566631e+01  0.00000000e+00 -6.29906817e-01  5.34136096e+00  1.52002686e+00  4.37563538e+00 -1.75742853e+00  2.45977353e+00  4.27889374e+00  2.83075939e+01 -8.92970209e+00 -4.83764092e-01 -1.16658092e+01  9.50093455e-01]
     [ 2.00388773e+00 -8.98972000e+00 -1.12801537e+01  6.29906817e-01  0.00000000e+00 -1.36636190e+01 -4.46679623e+00 -2.64187379e+00  1.39812284e+01 -1.71425252e+01  1.21001779e+00 -8.92970209e+00  5.74353416e+01  3.44514466e-01  1.09036019e+01  6.38799097e+00]
     [ 4.40654287e+00  1.19844857e+01 -1.02845770e+01 -5.34136096e+00  1.36636190e+01  0.00000000e+00 -6.33839411e+00  6.89644338e+00 -7.48375234e+00  2.99409486e-01  2.01681452e+00 -4.83764092e-01  3.44514466e-01  3.24145124e+01  5.43697640e+00  5.85397958e+00]
     [ 1.28587683e+01 -9.18130865e-01 -1.26298068e+01 -1.52002686e+00  4.46679623e+00  6.33839411e+00  0.00000000e+00 -1.22237908e+01 -1.15446842e+01  5.78407320e+00  7.31228132e+00 -1.16658092e+01  1.09036019e+01  5.43697640e+00  6.03798646e+01 -7.33011799e+00]
     [ 5.16597361e+00  1.31633349e+01 -3.31125379e+00 -4.37563538e+00  2.64187379e+00 -6.89644338e+00  1.22237908e+01  0.00000000e+00  1.02724319e+01 -2.91975917e+00  5.77465218e+00  9.50093455e-01  6.38799097e+00  5.85397958e+00 -7.33011799e+00  3.98385853e+01]]
    hessian: [[ 5.87592153e+01 -9.83771997e+00 -4.08467237e+00 ...  7.99733940e-01  1.07125555e+01 -1.13210923e+00]
     [-9.83771997e+00  4.89393740e+01 -3.98832929e+00 ...  8.86437308e+00  3.35922573e+00 -1.14886168e+01]
     [-4.08467237e+00 -3.98832929e+00  5.51671165e+01 ...  1.24993558e+00  7.95533205e+00 -1.44789362e+01]
     ...
     [ 7.99733940e-01  8.86437308e+00  1.24993558e+00 ...  3.52976272e+01 -3.38736891e-02 -7.39467024e-01]
     [ 1.07125555e+01  3.35922573e+00  7.95533205e+00 ... -3.38736891e-02  2.83713144e+01  4.09263805e+00]
     [-1.13210923e+00 -1.14886168e+01 -1.44789362e+01 ... -7.39467024e-01  4.09263805e+00  2.91026214e+01]]
    eigvals of hessian_by_M_M: [ 10.15284653  10.15284653  14.23995133  14.23995133  18.61788068  18.61788068  38.63718392  38.63718392  45.18655752  45.18655752  66.10103139  66.10103139  83.79724199  83.79724199 104.50891003 104.50891003]
WNAG:
    iter_times, elapsed_time, sqdiff: 300, 0.5135998725891113, 1.397872065733432
    MSN: Tensor(
        [[ 0.17838394+0.05475633j  1.06014793+0.37721202j -0.05740747+0.07396513j  0.78022251+0.26506551j]
         [ 0.80436651-0.5056744j   0.93457957+1.11440022j  0.27936066+0.01201918j  0.44812962+0.06912757j]
         [ 1.09435281+0.73662344j  0.05684555+0.70621515j  0.10501341+0.48249841j  0.92598034-0.02945208j]
         [-0.10905427+1.07144475j -0.36839407-0.0757681j  -0.30285008+0.29642033j  0.50121653+0.40740651j]]
        labels=['kl', 'kr'],
        shape=(4, 4),
    )
    grad_by_M: [ 0.36007517  6.44840855  2.27747745  1.06903114  2.46236588  2.5297364   0.82200848 -2.49437266 -5.92552913  5.43005263 -2.53777185  4.78323236 -3.87780767  6.18536359  1.58163402 -0.09127672]
    hessian_by_M_M: [[ 6021.77269937 -4985.17724827   157.63253748  -836.32047421  1853.57449326 -2328.52708544 -1278.41647145   -58.3286341      0.          6807.17137456   644.53520282  -365.91440063   769.39990466  1517.04271114   956.16668689 -2220.59794406]
     [-4985.17724827 11845.69184195   585.44263386   229.69695263  -707.13653093  3700.80380728  2065.56579787 -2413.04759381 -6807.17137456     0.          -660.24181682  1188.25053944 -2756.67885759  1353.20754373   663.68096838  1822.13131715]
     [  157.63253748   585.44263386  3756.87334253 -3154.00850766   210.8223283    401.29204216   598.99819078   413.69630691  -644.53520282   660.24181682     0.          4358.16246318  -438.6329832    609.72587048  -735.92459715  1331.87060419]
     [ -836.32047421   229.69695263 -3154.00850766  7721.18483897  -664.52884501   298.05154508 -1354.54694896  1153.38524497   365.91440063 -1188.25053944 -4358.16246318     0.           172.58589787  -997.1205164    -38.83856161 -1628.19987258]
     [ 1853.57449326  -707.13653093   210.8223283   -664.52884501  4318.82001517 -3590.59198515   185.93090752   446.4886092   -769.39990466  2756.67885759   438.6329832   -172.58589787     0.          4964.99577469  -558.56959655   696.20293706]
     [-2328.52708544  3700.80380728   401.29204216   298.05154508 -3590.59198515  8713.7238621   -732.72686143   377.16449333 -1517.04271114 -1353.20754373  -609.72587048   997.1205164  -4964.99577469     0.           256.73213242 -1023.90821104]
     [-1278.41647145  2065.56579787   598.99819078 -1354.54694896   185.93090752  -732.72686143  5457.92355829 -4514.77568395  -956.16668689  -663.68096838   735.92459715    38.83856161   558.56959655  -256.73213242     0.          6216.87203139]
     [  -58.3286341  -2413.04759381   413.69630691  1153.38524497   446.4886092    377.16449333 -4514.77568395 10837.51705152  2220.59794406 -1822.13131715 -1331.87060419  1628.19987258  -696.20293706  1023.90821104 -6216.87203139     0.        ]
     [    0.         -6807.17137456  -644.53520282   365.91440063  -769.39990466 -1517.04271114  -956.16668689  2220.59794406  6021.77269937 -4985.17724827   157.63253748  -836.32047421  1853.57449326 -2328.52708544 -1278.41647145   -58.3286341 ]
     [ 6807.17137456     0.           660.24181682 -1188.25053944  2756.67885759 -1353.20754373  -663.68096838 -1822.13131715 -4985.17724827 11845.69184195   585.44263386   229.69695263  -707.13653093  3700.80380728  2065.56579787 -2413.04759381]
     [  644.53520282  -660.24181682     0.         -4358.16246318   438.6329832   -609.72587048   735.92459715 -1331.87060419   157.63253748   585.44263386  3756.87334253 -3154.00850766   210.8223283    401.29204216   598.99819078   413.69630691]
     [ -365.91440063  1188.25053944  4358.16246318     0.          -172.58589787   997.1205164     38.83856161  1628.19987258  -836.32047421   229.69695263 -3154.00850766  7721.18483897  -664.52884501   298.05154508 -1354.54694896  1153.38524497]
     [  769.39990466 -2756.67885759  -438.6329832    172.58589787     0.         -4964.99577469   558.56959655  -696.20293706  1853.57449326  -707.13653093   210.8223283   -664.52884501  4318.82001517 -3590.59198515   185.93090752   446.4886092 ]
     [ 1517.04271114  1353.20754373   609.72587048  -997.1205164   4964.99577469     0.          -256.73213242  1023.90821104 -2328.52708544  3700.80380728   401.29204216   298.05154508 -3590.59198515  8713.7238621   -732.72686143   377.16449333]
     [  956.16668689   663.68096838  -735.92459715   -38.83856161  -558.56959655   256.73213242     0.         -6216.87203139 -1278.41647145  2065.56579787   598.99819078 -1354.54694896   185.93090752  -732.72686143  5457.92355829 -4514.77568395]
     [-2220.59794406  1822.13131715  1331.87060419 -1628.19987258   696.20293706 -1023.90821104  6216.87203139     0.           -58.3286341  -2413.04759381   413.69630691  1153.38524497   446.4886092    377.16449333 -4514.77568395 10837.51705152]]
    hessian: [[ 6.02177270e+03 -4.98517725e+03  1.57632537e+02 ... -2.00692792e+02  2.52226052e+01 -8.15092385e+01]
     [-4.98517725e+03  1.18456918e+04  5.85442634e+02 ...  3.14310352e+02  1.47433168e+02  1.65771653e+02]
     [ 1.57632537e+02  5.85442634e+02  3.75687334e+03 ... -1.37169724e+01 -2.85547314e+01 -2.01980332e+01]
     ...
     [-2.00692792e+02  3.14310352e+02 -1.37169724e+01 ...  9.04233890e+01 -4.98468133e+00 -3.17474768e+00]
     [ 2.52226052e+01  1.47433168e+02 -2.85547314e+01 ... -4.98468133e+00  1.02009075e+02  4.35185471e+01]
     [-8.15092385e+01  1.65771653e+02 -2.01980332e+01 ... -3.17474768e+00  4.35185471e+01  5.38115609e+01]]
    eigvals of hessian_by_M_M: [2.98851235e+00 2.98851235e+00 3.41664972e+00 3.41664972e+00 6.52713312e+00 6.52713312e+00 1.13372215e+01 1.13372215e+01 6.59859962e+03 6.59859962e+03 1.04789361e+04 1.04789361e+04 1.79420991e+04 1.79420991e+04 2.36296029e+04 2.36296029e+04]
SNAG:
    iter_times, elapsed_time, sqdiff: 300, 0.43395400047302246, 1.3889039796985425
    MSN: Tensor(
        [[ 0.17833463+0.05636989j  1.05571221+0.38755932j -0.05788234+0.07347509j  0.77722545+0.27219049j]
         [ 0.80868804-0.49772396j  0.92296324+1.12257546j  0.27911594+0.01465414j  0.44689684+0.07326885j]
         [ 1.08708081+0.7459266j   0.05037448+0.7063287j   0.10064712+0.48312075j  0.92556195-0.02114373j]
         [-0.11852501+1.06957977j -0.36715249-0.07892609j -0.30526618+0.2934747j   0.49733019+0.41161431j]]
        labels=['kl', 'kr'],
        shape=(4, 4),
    )
    grad_by_M: [ 1.38951350e-15  9.34712377e-15  1.28022593e-15 -8.76469036e-16 -1.52308721e-15 -2.13717932e-15  1.66533454e-15 -5.21804822e-15 -7.83401122e-15 -2.17187379e-15  6.53296861e-15  7.52869989e-16 -2.92821323e-15 -3.76088050e-15  8.05952527e-15  6.22158575e-15]
    hessian_by_M_M: [[ 8.26205935  3.85977377 -0.26415563 -0.47741034  1.53518281  0.40110933 -2.13900159  0.2513159   0.          0.6792581   0.27506332 -1.31999779  1.04254161  1.55237513  2.22520011  1.89175584]
     [ 3.85977377  8.74132843 -0.78604253 -0.57014784 -1.84151125 -1.26588363 -0.86344019  0.34382051 -0.6792581   0.         -0.37307615 -1.27232459 -1.00657868  1.18425016  1.58476468  3.02755707]
     [-0.26415563 -0.78604253  6.37809538  4.81257992  0.78211612  0.78582957  1.18907923  1.6324298  -0.27506332  0.37307615  0.          2.38788154 -1.02119406 -1.97439518 -0.91354411 -0.88025344]
     [-0.47741034 -0.57014784  4.81257992  8.66502543 -0.6779232  -0.67592505 -0.83502957  0.09206705  1.31999779  1.27232459 -2.38788154  0.         -0.75710971 -2.49704208 -1.01398756 -2.02703532]
     [ 1.53518281 -1.84151125  0.78211612 -0.6779232   7.23715098  4.80093675  1.69462987  1.60611346 -1.04254161  1.00657868  1.02119406  0.75710971  0.          1.79546065  0.44576076  0.82165774]
     [ 0.40110933 -1.26588363  0.78582957 -0.67592505  4.80093675  8.56376071  2.38579652  2.70040915 -1.55237513 -1.18425016  1.97439518  2.49704208 -1.79546065  0.          1.26757671  0.34082757]
     [-2.13900159 -0.86344019  1.18907923 -0.83502957  1.69462987  2.38579652  8.09410202  4.20516893 -2.22520011 -1.58476468  0.91354411  1.01398756 -0.44576076 -1.26757671  0.          1.36963817]
     [ 0.2513159   0.34382051  1.6324298   0.09206705  1.60611346  2.70040915  4.20516893  8.21659258 -1.89175584 -3.02755707  0.88025344  2.02703532 -0.82165774 -0.34082757 -1.36963817  0.        ]
     [ 0.         -0.6792581  -0.27506332  1.31999779 -1.04254161 -1.55237513 -2.22520011 -1.89175584  8.26205935  3.85977377 -0.26415563 -0.47741034  1.53518281  0.40110933 -2.13900159  0.2513159 ]
     [ 0.6792581   0.          0.37307615  1.27232459  1.00657868 -1.18425016 -1.58476468 -3.02755707  3.85977377  8.74132843 -0.78604253 -0.57014784 -1.84151125 -1.26588363 -0.86344019  0.34382051]
     [ 0.27506332 -0.37307615  0.         -2.38788154  1.02119406  1.97439518  0.91354411  0.88025344 -0.26415563 -0.78604253  6.37809538  4.81257992  0.78211612  0.78582957  1.18907923  1.6324298 ]
     [-1.31999779 -1.27232459  2.38788154  0.          0.75710971  2.49704208  1.01398756  2.02703532 -0.47741034 -0.57014784  4.81257992  8.66502543 -0.6779232  -0.67592505 -0.83502957  0.09206705]
     [ 1.04254161 -1.00657868 -1.02119406 -0.75710971  0.         -1.79546065 -0.44576076 -0.82165774  1.53518281 -1.84151125  0.78211612 -0.6779232   7.23715098  4.80093675  1.69462987  1.60611346]
     [ 1.55237513  1.18425016 -1.97439518 -2.49704208  1.79546065  0.         -1.26757671 -0.34082757  0.40110933 -1.26588363  0.78582957 -0.67592505  4.80093675  8.56376071  2.38579652  2.70040915]
     [ 2.22520011  1.58476468 -0.91354411 -1.01398756  0.44576076  1.26757671  0.         -1.36963817 -2.13900159 -0.86344019  1.18907923 -0.83502957  1.69462987  2.38579652  8.09410202  4.20516893]
     [ 1.89175584  3.02755707 -0.88025344 -2.02703532  0.82165774  0.34082757  1.36963817  0.          0.2513159   0.34382051  1.6324298   0.09206705  1.60611346  2.70040915  4.20516893  8.21659258]]
    hessian: [[ 8.26205935e+00  3.85977377e+00 -2.64155634e-01 ... -8.09779517e+00  5.11405243e+00 -8.65921889e+00]
     [ 3.85977377e+00  8.74132843e+00 -7.86042535e-01 ...  1.00757657e+00  3.43348335e+00 -1.76358767e+01]
     [-2.64155634e-01 -7.86042535e-01  6.37809538e+00 ... -2.41050073e+01  1.17462416e+01 -7.83134075e+00]
     ...
     [-8.09779517e+00  1.00757657e+00 -2.41050073e+01 ...  2.93858234e+02 -2.11331003e+01  3.46378940e+00]
     [ 5.11405243e+00  3.43348335e+00  1.17462416e+01 ... -2.11331003e+01  2.31550921e+02 -1.31453745e+02]
     [-8.65921889e+00 -1.76358767e+01 -7.83134075e+00 ...  3.46378940e+00 -1.31453745e+02  2.46356455e+02]]
    eigvals of hessian_by_M_M: [ 1.06783067  1.06783067  1.70513359  1.70513359  2.69604005  2.69604005  4.50325067  4.50325067  8.38101955  8.38101955 10.34985486 10.34985486 13.11132308 13.11132308 22.34366242 22.34366242]
SSpiral(8):
    iter_times, elapsed_time, sqdiff: 300, 0.8573088645935059, 1.388903979698536
    MSN: Tensor(
        [[ 0.17833463+0.05636989j  1.05571221+0.38755932j -0.05788234+0.07347509j  0.77722545+0.27219049j]
         [ 0.80868804-0.49772396j  0.92296324+1.12257546j  0.27911594+0.01465414j  0.44689684+0.07326885j]
         [ 1.08708081+0.7459266j   0.05037448+0.7063287j   0.10064712+0.48312075j  0.92556195-0.02114373j]
         [-0.11852501+1.06957977j -0.36715249-0.07892609j -0.30526618+0.2934747j   0.49733019+0.41161431j]]
        labels=['kl', 'kr'],
        shape=(4, 4),
    )
    grad_by_M: [ 1.78468351e-14  3.39086398e-14 -1.71390679e-14 -1.87280746e-14 -2.83661983e-14 -1.89813443e-14  1.67921232e-14 -7.93115573e-15 -3.77892162e-14  1.28404232e-14  2.04766759e-14 -2.42375564e-14  4.10782519e-15  6.10622664e-15  2.27109997e-14  1.33087985e-14]
    hessian_by_M_M: [[ 6.00800826e+01 -4.48656252e+00 -5.41451739e+00 -8.90927916e-01  1.19415099e+01 -5.98366411e+00 -7.17089458e+00  5.08722661e+00  0.00000000e+00  8.67289539e+00 -2.71676381e+00 -3.86893016e+00  1.17297257e-02  3.39627338e+00  1.28218691e+01  2.57938880e+00]
