b=4, chi=2, seed=930, 
NOR:
    iter_times, elapsed_time, sqdiff: 300, 0.4126420021057129, 2.0963938152540496
    grad_by_real_M: Tensor(
        [-4.32986980e-15  2.20656826e-15  4.77395901e-15 -1.25455202e-14 -1.26565425e-14  3.88578059e-15 -1.60982339e-15 -7.99360578e-15]
        labels=[('kl', 'XivZSpfV')],
        shape=(8,),
    )
    hessian_by_real_M: Tensor(
        [[ 62.54401848 -13.74776014   7.38205837   9.18022111 -11.78839068  12.27764208  -0.67084823 -15.21527808]
         [-13.74776014  59.79783894  11.38443169   9.50036037  16.30532954  -8.71048492   6.65904149  17.65609366]
         [  7.38205837  11.38443169  60.06658502 -13.64302049   2.59886139  -2.71750639  -5.71279428 -10.00765268]
         [  9.18022111   9.50036037 -13.64302049  53.33350505   0.88231621  -0.5169727    3.78888592  16.23962593]
         [-11.78839068  16.30532954   2.59886139   0.88231621  46.16705913  -4.62530686   6.06495665  15.14784684]
         [ 12.27764208  -8.71048492  -2.71750639  -0.5169727   -4.62530686  37.94976048  -2.23476152 -14.95470286]
         [ -0.67084823   6.65904149  -5.71279428   3.78888592   6.06495665  -2.23476152  52.27917712  15.56422382]
         [-15.21527808  17.65609366 -10.00765268  16.23962593  15.14784684 -14.95470286  15.56422382  47.41206504]]
        labels=[('kl', 'XivZSpfV'), ('kl*', 'XivZSpfV*')],
        shape=(8, 8),
    )
    hessian_by_real_M_ver2: Tensor(
        [[ 62.54401848 +0.j         -13.74776014+12.22930326j   7.38205837+28.45288882j   9.18022111-15.0787653j  -11.78839068 -3.11673991j  12.27764208 +0.24970663j  -0.67084823 +0.88574913j
          -15.21527808 -2.59487208j]
         [-13.74776014-12.22930326j  59.79783894 +0.j          11.38443169-14.15934038j   9.50036037 +5.62987493j  16.30532954+12.11621499j  -8.71048492-19.67667543j   6.65904149 +7.12603875j
           17.65609366+17.9472616j ]
         [  7.38205837-28.45288882j  11.38443169+14.15934038j  60.06658502 +0.j         -13.64302049-17.95662319j   2.59886139 -2.67251689j  -2.71750639 -6.87028352j  -5.71279428 +9.61577376j
          -10.00765268+11.13342255j]
         [  9.18022111+15.0787653j    9.50036037 -5.62987493j -13.64302049+17.95662319j  53.33350505 +0.j           0.88231621 +3.60433536j  -0.5169727  -7.39616123j   3.78888592-15.3473189j
           16.23962593-10.32330281j]
         [-11.78839068 +3.11673991j  16.30532954-12.11621499j   2.59886139 +2.67251689j   0.88231621 -3.60433536j  46.16705913 +0.j          -4.62530686 +0.58573833j   6.06495665 +9.9676288j
           15.14784684+15.96806262j]
         [ 12.27764208 -0.24970663j  -8.71048492+19.67667543j  -2.71750639 +6.87028352j  -0.5169727  +7.39616123j  -4.62530686 -0.58573833j  37.94976048 +0.j          -2.23476152 -8.47182641j
          -14.95470286 -3.35648168j]
         [ -0.67084823 -0.88574913j   6.65904149 -7.12603875j  -5.71279428 -9.61577376j   3.78888592+15.3473189j    6.06495665 -9.9676288j   -2.23476152 +8.47182641j  52.27917712 +0.j
           15.56422382 +5.23510779j]
         [-15.21527808 +2.59487208j  17.65609366-17.9472616j  -10.00765268-11.13342255j  16.23962593+10.32330281j  15.14784684-15.96806262j -14.95470286 +3.35648168j  15.56422382 -5.23510779j
           47.41206504 +0.j        ]]
        labels=[('kl', 'XivZSpfV'), ('kl*', 'XivZSpfV*')],
        shape=(8, 8),
    )
    S of eigh of hessian_by_real_M: DiagonalTensor(
        [ 18.93924358  24.83195391  34.15089146  37.93120198  49.11748173  64.87174238  77.93472784 111.77276638]
        labels=['qUflqqYJ', 'qUflqqYJ'],
        shape=(8, 8),
    )
WCOR:
    iter_times, elapsed_time, sqdiff: 300, 0.5856750011444092, 2.096393815254052
    grad_by_real_M: Tensor(
        [ 1.56819002e-14  5.82867088e-15 -2.77555756e-16  1.35447209e-14 -1.66533454e-16  4.94049246e-15  2.38697950e-15  7.43849426e-15]
        labels=[('kl', 'XivZSpfV')],
        shape=(8,),
    )
    hessian_by_real_M: Tensor(
        [[ 54.49383097  -2.15062976   8.11125061  10.87324506  -8.32812582   7.59939301  -0.10044359 -11.39603448]
         [ -2.15062976  49.35189066   9.91425245  10.87201163  13.90632474  -3.93827919   4.56989882  15.40802194]
         [  8.11125061   9.91425245  57.15360565  -4.75779149   3.14299051  -3.59650209  -7.60632955  -8.14467862]
         [ 10.87324506  10.87201163  -4.75779149  48.09933933   1.69921095   0.17331721   4.80040246  11.61330542]
         [ -8.32812582  13.90632474   3.14299051   1.69921095  42.1741887    2.47027034   4.10885445  15.3285171 ]
         [  7.59939301  -3.93827919  -3.59650209   0.17331721   2.47027034  33.4128363   -2.18322782 -13.5301837 ]
         [ -0.10044359   4.56989882  -7.60632955   4.80040246   4.10885445  -2.18322782  49.38779152  21.96980997]
         [-11.39603448  15.40802194  -8.14467862  11.61330542  15.3285171  -13.5301837   21.96980997  45.62959317]]
        labels=[('kl', 'XivZSpfV'), ('kl*', 'XivZSpfV*')],
        shape=(8, 8),
    )
    hessian_by_real_M_ver2: Tensor(
        [[ 54.49383097 +0.j          -2.15062976 +1.83871642j   8.11125061+24.3534491j   10.87324506-12.70375446j  -8.32812582 -2.71337128j   7.59939301 -0.56839858j  -0.10044359 -0.54578462j
          -11.39603448 -1.65825608j]
         [ -2.15062976 -1.83871642j  49.35189066 +0.j           9.91425245 -6.91373289j  10.87201163 +2.18800975j  13.90632474 +9.42935997j  -3.93827919-16.43150852j   4.56989882 +9.1475031j
           15.40802194+14.77293192j]
         [  8.11125061-24.3534491j    9.91425245 +6.91373289j  57.15360565 +0.j          -4.75779149-24.53455854j   3.14299051 -3.01491867j  -3.59650209 -6.75657878j  -7.60632955 +7.33636532j
           -8.14467862+10.41470192j]
         [ 10.87324506+12.70375446j  10.87201163 -2.18800975j  -4.75779149+24.53455854j  48.09933933 +0.j           1.69921095 +2.83307423j   0.17331721 -7.22592192j   4.80040246-12.19680865j
           11.61330542-10.43789068j]
         [ -8.32812582 +2.71337128j  13.90632474 -9.42935997j   3.14299051 +3.01491867j   1.69921095 -2.83307423j  42.1741887  +0.j           2.47027034 -6.24991918j   4.10885445+10.97163565j
           15.3285171 +14.71927255j]
         [  7.59939301 +0.56839858j  -3.93827919+16.43150852j  -3.59650209 +6.75657878j   0.17331721 +7.22592192j   2.47027034 +6.24991918j  33.4128363  +0.j          -2.18322782 -7.48726928j
          -13.5301837  -0.66122463j]
         [ -0.10044359 +0.54578462j   4.56989882 -9.1475031j   -7.60632955 -7.33636532j   4.80040246+12.19680865j   4.10885445-10.97163565j  -2.18322782 +7.48726928j  49.38779152 +0.j
           21.96980997 -5.43139376j]
         [-11.39603448 +1.65825608j  15.40802194-14.77293192j  -8.14467862-10.41470192j  11.61330542+10.43789068j  15.3285171 -14.71927255j -13.5301837  +0.66122463j  21.96980997 +5.43139376j
           45.62959317 +0.j        ]]
        labels=[('kl', 'XivZSpfV'), ('kl*', 'XivZSpfV*')],
        shape=(8, 8),
    )
    S of eigh of hessian_by_real_M: DiagonalTensor(
        [13.3835997  25.82229774 27.96403352 39.43227781 43.98105888 63.89733396 69.78940375 95.43307096]
        labels=['qUflqqYJ', 'qUflqqYJ'],
        shape=(8, 8),
    )
WROR:
    iter_times, elapsed_time, sqdiff: 300, 0.5965480804443359, 2.0963938152540478
    grad_by_real_M: Tensor(
        [ 5.37209166e-14 -4.32431868e-14 -2.51187959e-15 -8.02968803e-14 -2.78665979e-14  5.09592368e-14  4.32986980e-14 -2.12052598e-14]
        labels=[('kl', 'XivZSpfV')],
        shape=(8,),
    )
    hessian_by_real_M: Tensor(
        [[ 67.76560061 -27.42904909   3.33462793  10.96806955 -16.37867573   7.3113455    6.79347674 -21.26624769]
         [-27.42904909  65.90336864  -3.38211261  18.05584151  14.44914018  -0.52253502  -5.57334597  22.70021078]
         [  3.33462793  -3.38211261  80.81654073 -44.26028345   5.66625109  -8.57332998  -8.55402674  -4.91069221]
         [ 10.96806955  18.05584151 -44.26028345  85.59991118   0.70256521   4.37008777   4.56752779   3.8402137 ]
         [-16.37867573  14.44914018   5.66625109   0.70256521  50.87761407 -18.9772409   -6.44441422  33.3685866 ]
         [  7.3113455   -0.52253502  -8.57332998   4.37008777 -18.9772409   51.8720714    4.04285199 -24.03510598]
         [  6.79347674  -5.57334597  -8.55402674   4.56752779  -6.44441422   4.04285199  45.20434821  -4.16885883]
         [-21.26624769  22.70021078  -4.91069221   3.8402137   33.3685866  -24.03510598  -4.16885883  69.64643462]]
        labels=[('kl', 'XivZSpfV'), ('kl*', 'XivZSpfV*')],
        shape=(8, 8),
    )
    hessian_by_real_M_ver2: Tensor(
        [[ 67.76560061 +0.j         -27.42904909-18.4750943j    3.33462793+34.318659j    10.96806955-22.33862948j -16.37867573-10.06368366j   7.3113455  +8.84155385j   6.79347674 -3.60703175j
          -21.26624769 -3.51864306j]
         [-27.42904909+18.4750943j   65.90336864 +0.j          -3.38211261 -4.30295013j  18.05584151 +5.08904645j  14.44914018+18.99527317j  -0.52253502-22.39126726j  -5.57334597 +6.95658919j
           22.70021078+12.03296738j]
         [  3.33462793-34.318659j    -3.38211261 +4.30295013j  80.81654073 +0.j         -44.26028345-47.8227495j    5.66625109 -3.74110538j  -8.57332998 -3.35103843j  -8.55402674 +4.80971048j
           -4.91069221+22.31320664j]
         [ 10.96806955+22.33862948j  18.05584151 -5.08904645j -44.26028345+47.8227495j   85.59991118 +0.j           0.70256521 +9.08053331j   4.37008777-11.61653303j   4.56752779 -8.83104199j
            3.8402137 -17.06846812j]
         [-16.37867573+10.06368366j  14.44914018-18.99527317j   5.66625109 +3.74110538j   0.70256521 -9.08053331j  50.87761407 +0.j         -18.9772409 -23.73864056j  -6.44441422+11.64827683j
           33.3685866  +7.62603354j]
         [  7.3113455  -8.84155385j  -0.52253502+22.39126726j  -8.57332998 +3.35103843j   4.37008777+11.61653303j -18.9772409 +23.73864056j  51.8720714  +0.j           4.04285199-10.73570448j
          -24.03510598 +8.19245708j]
         [  6.79347674 +3.60703175j  -5.57334597 -6.95658919j  -8.55402674 -4.80971048j   4.56752779 +8.83104199j  -6.44441422-11.64827683j   4.04285199+10.73570448j  45.20434821 +0.j
           -4.16885883-30.67336053j]
         [-21.26624769 +3.51864306j  22.70021078-12.03296738j  -4.91069221-22.31320664j   3.8402137 +17.06846812j  33.3685866  -7.62603354j -24.03510598 -8.19245708j  -4.16885883+30.67336053j
           69.64643462 +0.j        ]]
        labels=[('kl', 'XivZSpfV'), ('kl*', 'XivZSpfV*')],
        shape=(8, 8),
    )
    S of eigh of hessian_by_real_M: DiagonalTensor(
        [ 20.26639064  26.91958903  32.81604403  42.01735144  52.9397425   67.57762816 132.70116164 142.44798203]
        labels=['jaZtuVJj', 'jaZtuVJj'],
        shape=(8, 8),
    )
IWROR:
    iter_times, elapsed_time, sqdiff: 300, 0.5587441921234131, 2.09639381525405
    grad_by_real_M: Tensor(
        [ 3.94823063e-14 -3.46944695e-14 -5.71903636e-14  2.56877852e-14 -1.40998324e-14  1.08246745e-14 -5.55111512e-15 -1.87627691e-14]
        labels=[('kl', 'XivZSpfV')],
        shape=(8,),
    )
    hessian_by_real_M: Tensor(
        [[ 6.29370815e+01 -2.05072078e+01  2.99745878e+00  7.64519139e+00 -1.55306933e+01  8.48695498e+00  4.94927222e+00 -2.06710784e+01]
         [-2.05072078e+01  6.49233725e+01  5.99706807e-01  1.90148071e+01  9.53450694e+00  4.01955618e-01 -4.42804471e+00  2.16223124e+01]
         [ 2.99745878e+00  5.99706807e-01  7.15712714e+01 -3.94157561e+01  4.66724766e+00 -7.85286563e+00 -7.09762751e+00 -2.33762960e+00]
         [ 7.64519139e+00  1.90148071e+01 -3.94157561e+01  7.91567718e+01 -3.60340400e-01  3.20054019e+00  5.04064957e+00  6.36312799e+00]
         [-1.55306933e+01  9.53450694e+00  4.66724766e+00 -3.60340400e-01  4.65603743e+01 -1.49029933e+01 -3.69601253e+00  3.23613640e+01]
         [ 8.48695498e+00  4.01955618e-01 -7.85286563e+00  3.20054019e+00 -1.49029933e+01  5.01628324e+01  4.61810963e+00 -2.15455873e+01]
         [ 4.94927222e+00 -4.42804471e+00 -7.09762751e+00  5.04064957e+00 -3.69601253e+00  4.61810963e+00  4.19856341e+01  2.69777099e-02]
         [-2.06710784e+01  2.16223124e+01 -2.33762960e+00  6.36312799e+00  3.23613640e+01 -2.15455873e+01  2.69777099e-02  7.10237472e+01]]
        labels=[('kl', 'XivZSpfV'), ('kl*', 'XivZSpfV*')],
        shape=(8, 8),
    )
    hessian_by_real_M_ver2: Tensor(
        [[ 6.29370815e+01 +0.j         -2.05072078e+01 -9.05440061j  2.99745878e+00+31.99046338j  7.64519139e+00-20.04871544j -1.55306933e+01 -8.28478469j  8.48695498e+00 +5.0300376j
           4.94927222e+00 -2.63771064j -2.06710784e+01 +0.74383334j]
         [-2.05072078e+01 +9.05440061j  6.49233725e+01 +0.j          5.99706807e-01 -2.41647721j  1.90148071e+01 +2.52902371j  9.53450694e+00+20.08385261j  4.01955618e-01-21.48677347j
          -4.42804471e+00 +5.71297441j  2.16223124e+01+14.52182433j]
         [ 2.99745878e+00-31.99046338j  5.99706807e-01 +2.41647721j  7.15712714e+01 +0.j         -3.94157561e+01-35.67162772j  4.66724766e+00 -3.04808859j -7.85286563e+00 -2.88589049j
          -7.09762751e+00 +5.8249255j  -2.33762960e+00+22.67471576j]
         [ 7.64519139e+00+20.04871544j  1.90148071e+01 -2.52902371j -3.94157561e+01+35.67162772j  7.91567718e+01 +0.j         -3.60340400e-01 +7.93521767j  3.20054019e+00-11.4860786j
           5.04064957e+00 -8.67051354j  6.36312799e+00-16.61019937j]
         [-1.55306933e+01 +8.28478469j  9.53450694e+00-20.08385261j  4.66724766e+00 +3.04808859j -3.60340400e-01 -7.93521767j  4.65603743e+01 +0.j         -1.49029933e+01-17.04598718j
          -3.69601253e+00+10.12027122j  3.23613640e+01 +3.88742472j]
         [ 8.48695498e+00 -5.0300376j   4.01955618e-01+21.48677347j -7.85286563e+00 +2.88589049j  3.20054019e+00+11.4860786j  -1.49029933e+01+17.04598718j  5.01628324e+01 +0.j
           4.61810963e+00 -7.87003723j -2.15455873e+01 +6.59627093j]
         [ 4.94927222e+00 +2.63771064j -4.42804471e+00 -5.71297441j -7.09762751e+00 -5.8249255j   5.04064957e+00 +8.67051354j -3.69601253e+00-10.12027122j  4.61810963e+00 +7.87003723j
           4.19856341e+01 +0.j          2.69777099e-02-25.58689823j]
         [-2.06710784e+01 -0.74383334j  2.16223124e+01-14.52182433j -2.33762960e+00-22.67471576j  6.36312799e+00+16.61019937j  3.23613640e+01 -3.88742472j -2.15455873e+01 -6.59627093j
           2.69777099e-02+25.58689823j  7.10237472e+01 +0.j        ]]
        labels=[('kl', 'XivZSpfV'), ('kl*', 'XivZSpfV*')],
        shape=(8, 8),
    )
    S of eigh of hessian_by_real_M: DiagonalTensor(
        [ 19.65943471  25.73810136  33.60104773  42.18341086  52.71843894  62.08703751 119.4653425  132.86827155]
        labels=['hkmBpKNy', 'hkmBpKNy'],
        shape=(8, 8),
    )
WLBOR:
    iter_times, elapsed_time, sqdiff: 300, 1.4905669689178467, 2.0963938152540496
    grad_by_real_M: Tensor(
        [-1.38789663e-09  9.61961485e-09 -2.99256162e-08  2.71694880e-08  5.49928858e-09  1.62216914e-08  3.18156562e-09  1.65502467e-09]
        labels=[('kl', 'XivZSpfV')],
        shape=(8,),
    )
    hessian_by_real_M: Tensor(
        [[ 63.26974973 -13.71053094   7.54700979   9.45645065 -11.96044862  13.31138344  -1.03748678 -16.23200277]
         [-13.71053094  64.18704901  12.04363602  10.21123626  16.16330454  -9.32735233   7.64231539  18.99534787]
         [  7.54700979  12.04363602  58.83595949 -13.72510257   2.24931671  -2.59840493  -4.90208736  -9.84697217]
         [  9.45645065  10.21123626 -13.72510257  57.39606394   0.66250372  -0.52870004   3.73704834  17.38070828]
         [-11.96044862  16.16330454   2.24931671   0.66250372  46.24391404  -4.4635987    6.95444132  15.75577149]
         [ 13.31138344  -9.32735233  -2.59840493  -0.52870004  -4.4635987   40.77253077  -2.56577269 -16.13026891]
         [ -1.03748678   7.64231539  -4.90208736   3.73704834   6.95444132  -2.56577269  53.01430732  16.57583428]
         [-16.23200277  18.99534787  -9.84697217  17.38070828  15.75577149 -16.13026891  16.57583428  50.9176691 ]]
        labels=[('kl', 'XivZSpfV'), ('kl*', 'XivZSpfV*')],
        shape=(8, 8),
    )
    hessian_by_real_M_ver2: Tensor(
        [[ 63.26974973 +0.j         -13.71053094+14.55799552j   7.54700979+28.33132282j   9.45645065-15.31514256j -11.96044862 -2.9101576j   13.31138344 -0.20140326j  -1.03748678 +1.65043538j
          -16.23200277 -1.90958373j]
         [-13.71053094-14.55799552j  64.18704901 +0.j          12.04363602-14.91299495j  10.21123626 +6.04217521j  16.16330454+12.69533439j  -9.32735233-21.15163595j   7.64231539 +6.97273244j
           18.99534787+19.22788551j]
         [  7.54700979-28.33132282j  12.04363602+14.91299495j  58.83595949 +0.j         -13.72510257-16.96429628j   2.24931671 -2.59627524j  -2.59840493 -7.20936023j  -4.90208736+10.02949129j
           -9.84697217+12.03718085j]
         [  9.45645065+15.31514256j  10.21123626 -6.04217521j -13.72510257+16.96429628j  57.39606394 +0.j           0.66250372 +3.69940225j  -0.52870004 -7.95632555j   3.73704834-16.55824247j
           17.38070828-11.12754316j]
         [-11.96044862 +2.9101576j   16.16330454-12.69533439j   2.24931671 +2.59627524j   0.66250372 -3.69940225j  46.24391404 +0.j          -4.4635987  +1.77061217j   6.95444132 +9.48216633j
           15.75577149+15.98771547j]
         [ 13.31138344 +0.20140326j  -9.32735233+21.15163595j  -2.59840493 +7.20936023j  -0.52870004 +7.95632555j  -4.4635987  -1.77061217j  40.77253077 +0.j          -2.56577269 -8.30673557j
          -16.13026891 -3.56144065j]
         [ -1.03748678 -1.65043538j   7.64231539 -6.97273244j  -4.90208736-10.02949129j   3.73704834+16.55824247j   6.95444132 -9.48216633j  -2.56577269 +8.30673557j  53.01430732 +0.j
           16.57583428 +6.84890461j]
         [-16.23200277 +1.90958373j  18.99534787-19.22788551j  -9.84697217-12.03718085j  17.38070828+11.12754316j  15.75577149-15.98771547j -16.13026891 +3.56144065j  16.57583428 -6.84890461j
           50.9176691  +0.j        ]]
        labels=[('kl', 'XivZSpfV'), ('kl*', 'XivZSpfV*')],
        shape=(8, 8),
    )
    S of eigh of hessian_by_real_M: DiagonalTensor(
        [ 20.06714991  25.84180961  35.06893918  39.65677376  50.5229004   67.20921198  78.85672649 117.41373206]
        labels=['qUflqqYJ', 'qUflqqYJ'],
        shape=(8, 8),
    )
WNAG:
    iter_times, elapsed_time, sqdiff: 300, 0.5839207172393799, 3.258876033561979
    grad_by_real_M: Tensor(
        [ 0.28963878 -0.82242372  2.04534561 -2.41637573  0.90156595 -1.2317183   1.86005768 -2.16613544]
        labels=[('kl', 'XivZSpfV')],
        shape=(8,),
    )
    hessian_by_real_M: Tensor(
        [[ 1006.67710298 -1039.28398094   199.52071384  -132.46340031  -217.2214395    176.44240894   297.5092556   -147.91088178]
         [-1039.28398094  1339.86462612  -271.24183797   257.40686894   284.13130969  -303.46859185  -462.63361638   399.67644484]
         [  199.52071384  -271.24183797   759.22452785  -767.28156392   -37.31315963    26.39930074   408.32238295  -397.96473307]
         [ -132.46340031   257.40686894  -767.28156392   998.80825952    64.90980085   -58.22590297  -455.57519664   568.95876797]
         [ -217.2214395    284.13130969   -37.31315963    64.90980085   705.89672178  -728.94152962    29.36680808   -34.56034272]
         [  176.44240894  -303.46859185    26.39930074   -58.22590297  -728.94152962   968.72845105   -40.98495824    41.9722665 ]
         [  297.5092556   -462.63361638   408.32238295  -455.57519664    29.36680808   -40.98495824   845.07224497  -885.16126784]
         [ -147.91088178   399.67644484  -397.96473307   568.95876797   -34.56034272    41.9722665   -885.16126784  1174.60882701]]
        labels=[('kl', 'XivZSpfV'), ('kl*', 'XivZSpfV*')],
        shape=(8, 8),
    )
    hessian_by_real_M_ver2: Tensor(
        [[ 1006.67710298  +0.j         -1039.28398094-512.35182583j   199.52071384+161.89903408j  -132.46340031-253.88220233j  -217.2214395  -81.38645368j   176.44240894+198.28715549j
            297.5092556 +297.19477775j  -147.91088178-480.77244384j]
         [-1039.28398094+512.35182583j  1339.86462612  +0.j          -271.24183797 -54.22166504j   257.40686894+173.95083848j   284.13130969 -31.22070142j  -303.46859185-121.26260831j
           -462.63361638-161.0718751j    399.67644484+429.13496811j]
         [  199.52071384-161.89903408j  -271.24183797 +54.22166504j   759.22452785  +0.j          -767.28156392-405.80833676j   -37.31315963 -23.88235298j    26.39930074 +45.9912245j
            408.32238295 +91.10211344j  -397.96473307-309.99516274j]
         [ -132.46340031+253.88220233j   257.40686894-173.95083848j  -767.28156392+405.80833676j   998.80825952  +0.j            64.90980085 +16.99375245j   -58.22590297 -54.16976709j
           -455.57519664+138.31673846j   568.95876797 +85.2323053j ]
         [ -217.2214395  +81.38645368j   284.13130969 +31.22070142j   -37.31315963 +23.88235298j    64.90980085 -16.99375245j   705.89672178  +0.j          -728.94152962-384.9552904j
             29.36680808 +34.77180194j   -34.56034272 -28.47241947j]
         [  176.44240894-198.28715549j  -303.46859185+121.26260831j    26.39930074 -45.9912245j    -58.22590297 +54.16976709j  -728.94152962+384.9552904j    968.72845105  +0.j
            -40.98495824 -22.55604124j    41.9722665   +9.94968555j]
         [  297.5092556 -297.19477775j  -462.63361638+161.0718751j    408.32238295 -91.10211344j  -455.57519664-138.31673846j    29.36680808 -34.77180194j   -40.98495824 +22.55604124j
            845.07224497  +0.j          -885.16126784-448.59629136j]
         [ -147.91088178+480.77244384j   399.67644484-429.13496811j  -397.96473307+309.99516274j   568.95876797 -85.2323053j    -34.56034272 +28.47241947j    41.9722665   -9.94968555j
           -885.16126784+448.59629136j  1174.60882701  +0.j        ]]
        labels=[('kl', 'XivZSpfV'), ('kl*', 'XivZSpfV*')],
        shape=(8, 8),
    )
    S of eigh of hessian_by_real_M: DiagonalTensor(
        [  46.5768167    68.58727908  110.90033588  154.2322908   812.32367554 1266.74225307 1989.3012496  3350.21686062]
        labels=['qUflqqYJ', 'qUflqqYJ'],
        shape=(8, 8),
    )
SNAG:
    iter_times, elapsed_time, sqdiff: 300, 0.4413321018218994, 3.2503620910108575
    grad_by_real_M: Tensor(
        [-2.66453526e-15 -9.99200722e-15  5.19723153e-15 -2.69229083e-15 -3.88578059e-15 -4.21884749e-15  1.55431223e-15 -2.16493490e-15]
        labels=[('kl', 'XivZSpfV')],
        shape=(8,),
    )
    hessian_by_real_M: Tensor(
        [[ 2.29266282e+01  2.59980059e+00  1.04395885e+01  1.20707596e+00  2.37332336e+00 -7.84966067e-01  2.37270679e+00 -1.36130352e+00]
         [ 2.59980059e+00  2.57793003e+00  1.59310354e+00  1.06945416e+00  1.67635266e+00 -6.78071708e-03  7.95794537e-01  5.70730647e-01]
         [ 1.04395885e+01  1.59310354e+00  2.03096297e+01  1.27551503e+00  2.48052052e+00 -5.81508229e-01 -4.20261520e-02 -8.94578209e-01]
         [ 1.20707596e+00  1.06945416e+00  1.27551503e+00  2.85899109e+00  6.14554524e-01  3.58431115e-01  1.38217118e-01  8.64923406e-01]
         [ 2.37332336e+00  1.67635266e+00  2.48052052e+00  6.14554524e-01  1.56816830e+01  1.91563941e+00  2.30223535e+00  1.21403571e+00]
         [-7.84966067e-01 -6.78071708e-03 -5.81508229e-01  3.58431115e-01  1.91563941e+00  3.17308580e+00  7.92790050e-01 -1.13154699e-01]
         [ 2.37270679e+00  7.95794537e-01 -4.20261520e-02  1.38217118e-01  2.30223535e+00  7.92790050e-01  2.43301777e+01  4.49920746e+00]
         [-1.36130352e+00  5.70730647e-01 -8.94578209e-01  8.64923406e-01  1.21403571e+00 -1.13154699e-01  4.49920746e+00  4.29281177e+00]]
        labels=[('kl', 'XivZSpfV'), ('kl*', 'XivZSpfV*')],
        shape=(8, 8),
    )
    hessian_by_real_M_ver2: Tensor(
        [[ 2.29266282e+01+0.j          2.59980059e+00-2.09549285j  1.04395885e+01+5.46401183j  1.20707596e+00-2.48081468j  2.37332336e+00-1.74634645j -7.84966067e-01-1.62126781j  2.37270679e+00-0.42629258j
          -1.36130352e+00+0.44920451j]
         [ 2.59980059e+00+2.09549285j  2.57793003e+00+0.j          1.59310354e+00+1.61463945j  1.06945416e+00-0.50336218j  1.67635266e+00+1.17677416j -6.78071708e-03-0.86056105j  7.95794537e-01+0.56662357j
           5.70730647e-01+0.60532565j]
         [ 1.04395885e+01-5.46401183j  1.59310354e+00-1.61463945j  2.03096297e+01+0.j          1.27551503e+00-4.28602129j  2.48052052e+00-0.43689348j -5.81508229e-01-2.03709795j -4.20261520e-02+4.70383438j
          -8.94578209e-01+0.49850632j]
         [ 1.20707596e+00+2.48081468j  1.06945416e+00+0.50336218j  1.27551503e+00+4.28602129j  2.85899109e+00+0.j          6.14554524e-01+0.6705153j   3.58431115e-01-0.66767504j  1.38217118e-01-0.56771457j
           8.64923406e-01-0.65598848j]
         [ 2.37332336e+00+1.74634645j  1.67635266e+00-1.17677416j  2.48052052e+00+0.43689348j  6.14554524e-01-0.6705153j   1.56816830e+01+0.j          1.91563941e+00-3.60469933j  2.30223535e+00+5.30217569j
           1.21403571e+00+0.60099616j]
         [-7.84966067e-01+1.62126781j -6.78071708e-03+0.86056105j -5.81508229e-01+2.03709795j  3.58431115e-01+0.66767504j  1.91563941e+00+3.60469933j  3.17308580e+00+0.j          7.92790050e-01-0.50057338j
          -1.13154699e-01-0.45146792j]
         [ 2.37270679e+00+0.42629258j  7.95794537e-01-0.56662357j -4.20261520e-02-4.70383438j  1.38217118e-01+0.56771457j  2.30223535e+00-5.30217569j  7.92790050e-01+0.50057338j  2.43301777e+01+0.j
           4.49920746e+00-4.81753621j]
         [-1.36130352e+00-0.44920451j  5.70730647e-01-0.60532565j -8.94578209e-01-0.49850632j  8.64923406e-01+0.65598848j  1.21403571e+00-0.60099616j -1.13154699e-01+0.45146792j  4.49920746e+00+4.81753621j
           4.29281177e+00+0.j        ]]
        labels=[('kl', 'XivZSpfV'), ('kl*', 'XivZSpfV*')],
        shape=(8, 8),
    )
    S of eigh of hessian_by_real_M: DiagonalTensor(
        [ 1.40359199  1.97837067  3.09772382  4.25685942 10.92611879 15.09856836 25.53585345 33.85385076]
        labels=['qUflqqYJ', 'qUflqqYJ'],
        shape=(8, 8),
    )
SSpiral(8):
    iter_times, elapsed_time, sqdiff: 300, 0.8514537811279297, 2.0963938496764962
    grad_by_real_M: Tensor(
        [-3.55906448e-05 -2.26717553e-05  2.51415493e-05  8.78589815e-04 -3.68119099e-04 -1.11755097e-03  1.67303562e-04  7.40811439e-04]
        labels=[('kl', 'XivZSpfV')],
        shape=(8,),
    )
    hessian_by_real_M: Tensor(
        [[ 5.99580621e+00  1.38350227e+01  1.94177457e+00  6.79130537e+00  1.92945919e-01  2.16546766e+00  3.51953093e-01 -3.71202646e-01]
         [ 1.38350227e+01  1.11881200e+02  9.56863565e+00  3.54434365e+01  6.09521302e+00  7.28663195e-02  5.16112237e+00  1.97720726e+01]
         [ 1.94177457e+00  9.56863565e+00  7.38675653e+00  1.67361909e+01  4.78001165e-01  5.88438378e-01 -1.17538199e+00 -4.03530443e+00]
         [ 6.79130537e+00  3.54434365e+01  1.67361909e+01  8.35794179e+01  6.90550967e-01 -4.09591791e+00  2.28139664e+00  2.70300522e+01]
         [ 1.92945919e-01  6.09521302e+00  4.78001165e-01  6.90550967e-01  5.24330983e+00  1.28255935e+01  1.29918066e-02 -1.05298570e+00]
         [ 2.16546766e+00  7.28663195e-02  5.88438378e-01 -4.09591791e+00  1.28255935e+01  7.64700203e+01 -1.10272984e+00 -5.36482035e+00]
         [ 3.51953093e-01  5.16112237e+00 -1.17538199e+00  2.28139664e+00  1.29918066e-02 -1.10272984e+00  7.62432055e+00  2.47917186e+01]
         [-3.71202646e-01  1.97720726e+01 -4.03530443e+00  2.70300522e+01 -1.05298570e+00 -5.36482035e+00  2.47917186e+01  1.30068298e+02]]
        labels=[('kl', 'XivZSpfV'), ('kl*', 'XivZSpfV*')],
        shape=(8, 8),
    )
    hessian_by_real_M_ver2: Tensor(
        [[ 5.99580621e+00 +0.j          1.38350227e+01 +7.36454401j  1.94177457e+00 +1.64179381j  6.79130537e+00 +0.82238496j  1.92945919e-01 -0.44825683j  2.16546766e+00 -2.27390225j
           3.51953093e-01 +0.14364446j -3.71202646e-01 +0.60507588j]
         [ 1.38350227e+01 -7.36454401j  1.11881200e+02 +0.j          9.56863565e+00 -4.23223079j  3.54434365e+01 -1.22288048j  6.09521302e+00 -1.82430722j  7.28663195e-02-23.28958008j
           5.16112237e+00 +6.24235805j  1.97720726e+01+40.14228838j]
         [ 1.94177457e+00 -1.64179381j  9.56863565e+00 +4.23223079j  7.38675653e+00 +0.j          1.67361909e+01 -0.64257485j  4.78001165e-01 -0.72982773j  5.88438378e-01 -4.21514281j
          -1.17538199e+00 +0.06362984j -4.03530443e+00 -1.37431276j]
         [ 6.79130537e+00 -0.82238496j  3.54434365e+01 +1.22288048j  1.67361909e+01 +0.64257485j  8.35794179e+01 +0.j          6.90550967e-01 -1.90464485j -4.09591791e+00-15.20665558j
           2.28139664e+00 -4.32579164j  2.70300522e+01-12.77963802j]
         [ 1.92945919e-01 +0.44825683j  6.09521302e+00 +1.82430722j  4.78001165e-01 +0.72982773j  6.90550967e-01 +1.90464485j  5.24330983e+00 +0.j          1.28255935e+01 +4.49165631j
           1.29918066e-02 +1.75058615j -1.05298570e+00 +9.73907723j]
         [ 2.16546766e+00 +2.27390225j  7.28663195e-02+23.28958008j  5.88438378e-01 +4.21514281j -4.09591791e+00+15.20665558j  1.28255935e+01 -4.49165631j  7.64700203e+01 +0.j
          -1.10272984e+00 -1.91983578j -5.36482035e+00 -0.05444061j]
         [ 3.51953093e-01 -0.14364446j  5.16112237e+00 -6.24235805j -1.17538199e+00 -0.06362984j  2.28139664e+00 +4.32579164j  1.29918066e-02 -1.75058615j -1.10272984e+00 +1.91983578j
           7.62432055e+00 +0.j          2.47917186e+01+10.04636975j]
         [-3.71202646e-01 -0.60507588j  1.97720726e+01-40.14228838j -4.03530443e+00 +1.37431276j  2.70300522e+01+12.77963802j -1.05298570e+00 -9.73907723j -5.36482035e+00 +0.05444061j
           2.47917186e+01-10.04636975j  1.30068298e+02 +0.j        ]]
        labels=[('kl', 'XivZSpfV'), ('kl*', 'XivZSpfV*')],
        shape=(8, 8),
    )
    S of eigh of hessian_by_real_M: DiagonalTensor(
        [  1.98277176   2.6829033    3.11236268   4.52716101  59.3677649   78.44462706 108.50894401 169.62259368]
        labels=['qUflqqYJ', 'qUflqqYJ'],
        shape=(8, 8),
    )
SSpiral(11):
    iter_times, elapsed_time, sqdiff: 300, 0.9488697052001953, 2.0963938152540473
    grad_by_real_M: Tensor(
        [-1.25732758e-13  5.81895643e-14 -8.37593883e-14 -1.16850973e-14  3.55826479e-14 -5.49282841e-14 -1.09801057e-13  1.06969988e-13]
        labels=[('kl', 'XivZSpfV')],
        shape=(8,),
    )
    hessian_by_real_M: Tensor(
        [[ 54.54349966 -19.04444229   6.18324201   2.77336301  -9.3640665    5.42020561   5.61655627  -8.84320629]
         [-19.04444229  36.39092476   7.37736744   4.37798909  15.32502128  -6.66881501  -3.91842424  10.74174181]
         [  6.18324201   7.37736744  71.25253    -24.64915095   5.66140149  -5.10563243 -10.76921648  -8.53384026]
         [  2.77336301   4.37798909 -24.64915095  32.90579861   1.31761541  -0.13199298   6.50078488   9.5933118 ]
         [ -9.3640665   15.32502128   5.66140149   1.31761541  44.08932636 -11.33614951  -5.86222218  14.17023392]
         [  5.42020561  -6.66881501  -5.10563243  -0.13199298 -11.33614951  22.73356936   3.36610735  -9.46377846]
         [  5.61655627  -3.91842424 -10.76921648   6.50078488  -5.86222218   3.36610735  44.35968034   1.69715681]
         [ -8.84320629  10.74174181  -8.53384026   9.5933118   14.17023392  -9.46377846   1.69715681  25.9130331 ]]
        labels=[('kl', 'XivZSpfV'), ('kl*', 'XivZSpfV*')],
        shape=(8, 8),
    )
    hessian_by_real_M_ver2: Tensor(
        [[ 54.54349966 +0.j         -19.04444229 -3.14379305j   6.18324201+26.11733519j   2.77336301-16.63869567j  -9.3640665  -7.49784003j   5.42020561 +3.13487125j   5.61655627 -4.33208567j
           -8.84320629 -5.27332766j]
         [-19.04444229 +3.14379305j  36.39092476 +0.j           7.37736744 -8.08699315j   4.37798909 +5.06136765j  15.32502128+12.00846435j  -6.66881501-12.12120043j  -3.91842424 +8.15867726j
           10.74174181+10.03092115j]
         [  6.18324201-26.11733519j   7.37736744 +8.08699315j  71.25253    +0.j         -24.64915095-21.43807303j   5.66140149 -4.15067492j  -5.10563243 -2.62308612j -10.76921648 +2.50889495j
           -8.53384026 +6.11479759j]
         [  2.77336301+16.63869567j   4.37798909 -5.06136765j -24.64915095+21.43807303j  32.90579861 +0.j           1.31761541 +3.60691153j  -0.13199298 -4.12615129j   6.50078488 -4.33699012j
            9.5933118  -5.74500659j]
         [ -9.3640665  +7.49784003j  15.32502128-12.00846435j   5.66140149 +4.15067492j   1.31761541 -3.60691153j  44.08932636 +0.j         -11.33614951 -7.32290508j  -5.86222218+12.99491235j
           14.17023392+10.99198496j]
         [  5.42020561 -3.13487125j  -6.66881501+12.12120043j  -5.10563243 +2.62308612j  -0.13199298 +4.12615129j -11.33614951 +7.32290508j  22.73356936 +0.j           3.36610735-10.1865713j
           -9.46377846 -2.23004282j]
         [  5.61655627 +4.33208567j  -3.91842424 -8.15867726j -10.76921648 -2.50889495j   6.50078488 +4.33699012j  -5.86222218-12.99491235j   3.36610735+10.1865713j   44.35968034 +0.j
            1.69715681 -9.97603445j]
         [ -8.84320629 +5.27332766j  10.74174181-10.03092115j  -8.53384026 -6.11479759j   9.5933118  +5.74500659j  14.17023392-10.99198496j  -9.46377846 +2.23004282j   1.69715681 +9.97603445j
           25.9130331  +0.j        ]]
        labels=[('kl', 'XivZSpfV'), ('kl*', 'XivZSpfV*')],
        shape=(8, 8),
    )
    S of eigh of hessian_by_real_M: DiagonalTensor(
        [11.89367021 13.02253271 19.67172799 25.52354959 38.97949022 45.56622256 86.60894351 90.92222541]
        labels=['qUflqqYJ', 'qUflqqYJ'],
        shape=(8, 8),
    )
SSpiral(14):
    iter_times, elapsed_time, sqdiff: 300, 1.1013360023498535, 2.0963938152540496
    grad_by_real_M: Tensor(
        [-2.82662782e-13  2.17499629e-14 -2.03226325e-13 -1.78121407e-14  3.19910765e-13 -2.52853294e-14 -3.82069376e-13  6.46704912e-14]
        labels=[('kl', 'XivZSpfV')],
        shape=(8,),
    )
    hessian_by_real_M: Tensor(
        [[ 4.00404007e+01 -3.65660434e+00  1.11672470e+01 -4.84326085e-01  1.77120291e-01 -3.82094533e-01  7.31760681e+00 -8.51908897e-01]
         [-3.65660434e+00  4.02920198e+00  2.40972302e+00  4.53738497e-01  3.99466220e+00 -7.72600144e-01 -3.16020174e+00  1.16805029e+00]
         [ 1.11672470e+01  2.40972302e+00  5.97244515e+01 -7.58533576e+00  4.99690471e+00 -2.26713782e+00 -9.41693090e+00 -1.86617072e+00]
         [-4.84326085e-01  4.53738497e-01 -7.58533576e+00  3.58821119e+00  4.85728132e-01 -2.22460130e-02  3.55207713e+00  1.07589785e+00]
         [ 1.77120291e-01  3.99466220e+00  4.99690471e+00  4.85728132e-01  3.60389681e+01 -2.82278740e+00 -8.25490327e+00  4.16126502e+00]
         [-3.82094533e-01 -7.72600144e-01 -2.26713782e+00 -2.22460130e-02 -2.82278740e+00  2.49552280e+00  2.18021135e+00 -1.01778707e+00]
         [ 7.31760681e+00 -3.16020174e+00 -9.41693090e+00  3.55207713e+00 -8.25490327e+00  2.18021135e+00  4.60820030e+01  3.42121585e-01]
         [-8.51908897e-01  1.16805029e+00 -1.86617072e+00  1.07589785e+00  4.16126502e+00 -1.01778707e+00  3.42121585e-01  2.80647981e+00]]
        labels=[('kl', 'XivZSpfV'), ('kl*', 'XivZSpfV*')],
        shape=(8, 8),
    )
    hessian_by_real_M_ver2: Tensor(
        [[ 4.00404007e+01 +0.j         -3.65660434e+00 -3.87249949j  1.11672470e+01+11.93254788j -4.84326085e-01 -5.02189654j  1.77120291e-01 -7.25315413j -3.82094533e-01 +0.63121719j
           7.31760681e+00 -1.4574888j  -8.51908897e-01 -1.4302416j ]
         [-3.65660434e+00 +3.87249949j  4.02920198e+00 +0.j          2.40972302e+00 -0.31451117j  4.53738497e-01 +0.59276356j  3.99466220e+00 +3.42177153j -7.72600144e-01 -1.32908517j
          -3.16020174e+00 +3.71757469j  1.16805029e+00 +1.10825175j]
         [ 1.11672470e+01-11.93254788j  2.40972302e+00 +0.31451117j  5.97244515e+01 +0.j         -7.58533576e+00 -7.17065346j  4.99690471e+00 -5.78305323j -2.26713782e+00 -0.15629499j
          -9.41693090e+00 -3.7602748j  -1.86617072e+00 +0.796376j  ]
         [-4.84326085e-01 +5.02189654j  4.53738497e-01 -0.59276356j -7.58533576e+00 +7.17065346j  3.58821119e+00 +0.j          4.85728132e-01 +0.84997502j -2.22460130e-02 -0.44209564j
           3.55207713e+00 +1.04231789j  1.07589785e+00 -0.60380751j]
         [ 1.77120291e-01 +7.25315413j  3.99466220e+00 -3.42177153j  4.99690471e+00 +5.78305323j  4.85728132e-01 -0.84997502j  3.60389681e+01 +0.j         -2.82278740e+00 -3.78550182j
          -8.25490327e+00+12.60576305j  4.16126502e+00 +2.37194659j]
         [-3.82094533e-01 -0.63121719j -7.72600144e-01 +1.32908517j -2.26713782e+00 +0.15629499j -2.22460130e-02 +0.44209564j -2.82278740e+00 +3.78550182j  2.49552280e+00 +0.j
           2.18021135e+00 -3.74702936j -1.01778707e+00 -0.2662245j ]
         [ 7.31760681e+00 +1.4574888j  -3.16020174e+00 -3.71757469j -9.41693090e+00 +3.7602748j   3.55207713e+00 -1.04231789j -8.25490327e+00-12.60576305j  2.18021135e+00 +3.74702936j
           4.60820030e+01 +0.j          3.42121585e-01 -6.54674463j]
         [-8.51908897e-01 +1.4302416j   1.16805029e+00 -1.10825175j -1.86617072e+00 -0.796376j    1.07589785e+00 +0.60380751j  4.16126502e+00 -2.37194659j -1.01778707e+00 +0.2662245j
           3.42121585e-01 +6.54674463j  2.80647981e+00 +0.j        ]]
        labels=[('kl', 'XivZSpfV'), ('kl*', 'XivZSpfV*')],
        shape=(8, 8),
    )
    S of eigh of hessian_by_real_M: DiagonalTensor(
        [ 1.29132125  1.82691647  2.26618218  4.25650982 27.82489183 34.39042831 53.3482439  69.60074538]
        labels=['qUflqqYJ', 'qUflqqYJ'],
        shape=(8, 8),
    )
SSpiral(17):
    iter_times, elapsed_time, sqdiff: 300, 1.0884859561920166, 1.8054125796929255
    grad_by_real_M: Tensor(
        [-3.18668703e-15  1.19626531e-14  3.12076753e-15  4.35068648e-15  2.07738557e-15 -4.86785091e-15  4.11129464e-15 -1.18863253e-14]
        labels=[('kl', 'XivZSpfV')],
        shape=(8,),
    )
    hessian_by_real_M: Tensor(
        [[ 3.95574114e-02 -3.34770317e-02  6.54611555e-03 -3.59355845e-03  7.64415993e-03 -7.64741615e-03 -7.64125723e-03  2.31689204e-02]
         [-3.34770317e-02  1.58892250e-01 -4.10563880e-03  6.09633175e-02 -7.00497597e-03  1.78221784e-02  7.53748465e-03  6.25349101e-03]
         [ 6.54611555e-03 -4.10563880e-03  5.10821297e-02 -4.10085817e-02 -7.46790404e-03 -4.22917559e-05 -4.18643885e-03  8.34818819e-03]
         [-3.59355845e-03  6.09633175e-02 -4.10085817e-02  2.04434541e-01 -9.29992013e-03  3.39299370e-02  1.77533148e-02 -1.69418268e-02]
         [ 7.64415993e-03 -7.00497597e-03 -7.46790404e-03 -9.29992013e-03  3.95728300e-02 -2.93761490e-02 -1.14879707e-02  1.53518156e-02]
         [-7.64741615e-03  1.78221784e-02 -4.22917559e-05  3.39299370e-02 -2.93761490e-02  1.39781602e-01 -2.81488565e-02 -2.20982682e-03]
         [-7.64125723e-03  7.53748465e-03 -4.18643885e-03  1.77533148e-02 -1.14879707e-02 -2.81488565e-02  5.18120904e-02 -4.07295184e-02]
         [ 2.31689204e-02  6.25349101e-03  8.34818819e-03 -1.69418268e-02  1.53518156e-02 -2.20982682e-03 -4.07295184e-02  1.77834416e-01]]
        labels=[('kl', 'XivZSpfV'), ('kl*', 'XivZSpfV*')],
        shape=(8, 8),
    )
    hessian_by_real_M_ver2: Tensor(
        [[ 3.95574114e-02+0.j         -3.34770317e-02+0.00319498j  6.54611555e-03-0.00442558j -3.59355845e-03-0.02745883j  7.64415993e-03+0.00521542j -7.64741615e-03-0.014821j   -7.64125723e-03+0.00497991j
           2.31689204e-02-0.01708157j]
         [-3.34770317e-02-0.00319498j  1.58892250e-01+0.j         -4.10563880e-03+0.00119801j  6.09633175e-02+0.03995906j -7.00497597e-03-0.00101267j  1.78221784e-02-0.02474755j  7.53748465e-03+0.01414879j
           6.25349101e-03-0.01374704j]
         [ 6.54611555e-03+0.00442558j -4.10563880e-03-0.00119801j  5.10821297e-02+0.j         -4.10085817e-02+0.02219664j -7.46790404e-03-0.01051504j -4.22917559e-05-0.00338856j -4.18643885e-03+0.01241134j
           8.34818819e-03-0.03460523j]
         [-3.59355845e-03+0.02745883j  6.09633175e-02-0.03995906j -4.10085817e-02-0.02219664j  2.04434541e-01+0.j         -9.29992013e-03+0.0041426j   3.39299370e-02-0.00576591j  1.77533148e-02-0.00979552j
          -1.69418268e-02+0.02575676j]
         [ 7.64415993e-03-0.00521542j -7.00497597e-03+0.00101267j -7.46790404e-03+0.01051504j -9.29992013e-03-0.0041426j   3.95728300e-02+0.j         -2.93761490e-02+0.01515768j -1.14879707e-02-0.00169328j
           1.53518156e-02-0.00842023j]
