b=4, chi=2, seed=941, 
NOR:
    iter_times, elapsed_time, sqdiff: 300, 0.5915660858154297, 4.535436745437755
    MSN: Tensor(
        [[-0.14126861-0.27003413j  0.71977897-0.38657762j -0.33392465-0.63922534j  0.59746106+1.46460506j]
         [-0.05497455+0.33827201j  0.64889119+0.43949562j  0.68984422+0.58378757j -0.33402225-0.17147946j]
         [-0.17476938+0.4541528j   0.90847828-1.1118812j   0.28332983+0.1736695j   1.55536271+0.03079285j]
         [-0.03192843-0.36222417j -0.95565823-0.54426863j -1.01154846-0.47842421j  0.68108543-0.06016139j]]
        labels=['kl', 'kr'],
        shape=(4, 4),
    )
    grad_by_real_M: Tensor(
        [ 3.05311332e-16-1.38777878e-16j -1.11022302e-16-3.60822483e-15j -4.69069228e-15+6.10622664e-16j  2.83106871e-15-1.66533454e-16j  8.39606162e-15-1.69309011e-15j  9.49240686e-15-2.77555756e-17j
         -2.85882429e-15+1.77635684e-15j  9.55659163e-15-1.24900090e-15j]
        labels=[('kl', 'PRMqlFzf')],
        shape=(8,),
    )
    grad_by_imag_M: Tensor(
        [-1.94289029e-16+2.85882429e-15j  2.38697950e-15-4.27435864e-15j  4.71844785e-15-1.85962357e-15j -1.01585407e-14+1.33226763e-15j  6.43929354e-15-2.51187959e-15j  2.42861287e-15+1.27675648e-15j
          1.63202785e-14-1.74860126e-15j -8.63198402e-15+1.19522447e-15j]
        labels=[('kl', 'PRMqlFzf')],
        shape=(8,),
    )
    hessian_by_M: Tensor(
        [[ 9.44450676e+01+0.00000000e+00j -3.81464878e+01+1.77635684e-15j  7.15510317e-01-4.44089210e-16j  8.27419453e+00-2.66453526e-15j  2.71882448e+00-8.88178420e-16j  2.84819676e+01-1.77635684e-15j
           3.52859087e+01+2.66453526e-15j -5.64238981e+00+4.44089210e-16j]
         [-3.81464878e+01+1.77635684e-15j  5.16699893e+01-3.55271368e-15j -3.16471284e+00-4.44089210e-16j  2.88010354e+00+1.77635684e-15j -7.46362269e-01+8.88178420e-16j -1.73143674e+01+8.88178420e-16j
          -3.73522072e+00-8.88178420e-16j  2.98223665e-01-8.88178420e-16j]
         [ 7.15510317e-01-4.44089210e-16j -3.16471284e+00-4.44089210e-16j  9.80487577e+01+0.00000000e+00j -1.60143691e+01+0.00000000e+00j  2.42981115e+01+0.00000000e+00j -1.43863899e+01+1.77635684e-15j
           4.63096451e+00+1.77635684e-15j  1.29991600e+01+0.00000000e+00j]
         [ 8.27419453e+00-2.66453526e-15j  2.88010354e+00+1.77635684e-15j -1.60143691e+01+0.00000000e+00j  5.67848070e+01+0.00000000e+00j -1.05161807e+00+0.00000000e+00j -5.31417027e+00+0.00000000e+00j
           5.17739905e+00+0.00000000e+00j -1.11539147e+01+2.22044605e-16j]
         [ 2.71882448e+00-8.88178420e-16j -7.46362269e-01+8.88178420e-16j  2.42981115e+01+0.00000000e+00j -1.05161807e+00+0.00000000e+00j  9.11745892e+01+3.55271368e-15j -2.43117817e+01+2.66453526e-15j
           9.48273763e+00-8.88178420e-16j -2.58551436e-02+1.77635684e-15j]
         [ 2.84819676e+01-1.77635684e-15j -1.73143674e+01+8.88178420e-16j -1.43863899e+01+1.77635684e-15j -5.31417027e+00+0.00000000e+00j -2.43117817e+01+2.66453526e-15j  5.54457067e+01+0.00000000e+00j
           2.23920905e+01+8.88178420e-16j -3.62406542e+00+0.00000000e+00j]
         [ 3.52859087e+01+2.66453526e-15j -3.73522072e+00-8.88178420e-16j  4.63096451e+00+1.77635684e-15j  5.17739905e+00+0.00000000e+00j  9.48273763e+00-8.88178420e-16j  2.23920905e+01+8.88178420e-16j
           8.26917957e+01+0.00000000e+00j -2.16324783e+01+0.00000000e+00j]
         [-5.64238981e+00+4.44089210e-16j  2.98223665e-01-8.88178420e-16j  1.29991600e+01+0.00000000e+00j -1.11539147e+01+2.22044605e-16j -2.58551436e-02+1.77635684e-15j -3.62406542e+00+0.00000000e+00j
          -2.16324783e+01+0.00000000e+00j  6.39209137e+01+0.00000000e+00j]]
        labels=[('kl', 'PRMqlFzf'), ('kl*', 'PRMqlFzf*')],
        shape=(8, 8),
    )
    eigvals of hessian_by_M: DiagonalTensor(
        [ 21.01455622  26.75348138  46.01566418  52.518475    69.4409901   91.10476528 129.80183318 157.53186154]
        labels=['elXPFDmZ', 'elXPFDmZ'],
        shape=(8, 8),
    )
WCOR:
    iter_times, elapsed_time, sqdiff: 300, 0.5794460773468018, 4.535436745437757
    MSN: Tensor(
        [[-0.14126861-0.27003413j  0.71977897-0.38657762j -0.33392465-0.63922534j  0.59746106+1.46460506j]
         [-0.05497455+0.33827201j  0.64889119+0.43949562j  0.68984422+0.58378757j -0.33402225-0.17147946j]
         [-0.17476938+0.4541528j   0.90847828-1.1118812j   0.28332983+0.1736695j   1.55536271+0.03079285j]
         [-0.03192843-0.36222417j -0.95565823-0.54426863j -1.01154846-0.47842421j  0.68108543-0.06016139j]]
        labels=['kl', 'kr'],
        shape=(4, 4),
    )
    grad_by_real_M: Tensor(
        [-1.48214774e-14+5.82867088e-16j -1.27120536e-14+1.27675648e-15j  8.54871729e-15+1.77635684e-15j -2.17603713e-14-2.38697950e-15j  2.38836728e-14-7.77156117e-16j -3.04201109e-14-2.09554596e-15j
         -2.96707103e-14+2.77555756e-16j  2.75196532e-14-2.35922393e-15j]
        labels=[('kl', 'PRMqlFzf')],
        shape=(8,),
    )
    grad_by_imag_M: Tensor(
        [-5.07927034e-15-2.22044605e-16j  2.33701947e-14+7.77156117e-16j -2.66453526e-15-4.71844785e-16j -5.05151476e-15-3.33066907e-16j  5.70654635e-14+2.37310172e-15j -2.52020627e-14-3.33066907e-16j
         -3.83026943e-15+2.63677968e-15j -3.28348460e-14-7.91033905e-16j]
        labels=[('kl', 'PRMqlFzf')],
        shape=(8,),
    )
    hessian_by_M: Tensor(
        [[119.26158689+0.00000000e+00j -50.41641227+0.00000000e+00j   1.45076404+9.99200722e-16j  14.06973552+1.77635684e-15j   2.78036707-1.77635684e-15j  29.03460039+1.77635684e-15j
           41.99971594-3.55271368e-15j -10.40461675+1.66533454e-15j]
         [-50.41641227+0.00000000e+00j  80.08093451+0.00000000e+00j  -6.3861999 +0.00000000e+00j   3.83547152+0.00000000e+00j   3.42979397+0.00000000e+00j -24.84394597-8.88178420e-16j
          -10.31659414-8.88178420e-16j   1.00050642-8.88178420e-16j]
         [  1.45076404+9.99200722e-16j  -6.3861999 +0.00000000e+00j 121.35720286+7.10542736e-15j -26.56318566-7.10542736e-15j  29.17673689+0.00000000e+00j -25.3191374 -2.66453526e-15j
            3.24858345+0.00000000e+00j  13.55750536+0.00000000e+00j]
         [ 14.06973552+1.77635684e-15j   3.83547152+0.00000000e+00j -26.56318566-7.10542736e-15j  78.69112108+0.00000000e+00j   0.72533068+8.88178420e-16j  -4.81265893+1.77635684e-15j
            1.71954034-1.77635684e-15j -18.79639188+4.44089210e-16j]
         [  2.78036707-1.77635684e-15j   3.42979397+0.00000000e+00j  29.17673689+0.00000000e+00j   0.72533068+8.88178420e-16j 113.72003732+7.10542736e-15j -35.16371036+0.00000000e+00j
           10.26953761-1.77635684e-15j  -6.86239507+0.00000000e+00j]
         [ 29.03460039+1.77635684e-15j -24.84394597-8.88178420e-16j -25.3191374 -2.66453526e-15j  -4.81265893+1.77635684e-15j -35.16371036+0.00000000e+00j  79.59248215-3.55271368e-15j
           29.29366315+8.88178420e-16j  -8.2880392 -1.77635684e-15j]
         [ 41.99971594-3.55271368e-15j -10.31659414-8.88178420e-16j   3.24858345+0.00000000e+00j   1.71954034-1.77635684e-15j  10.26953761-1.77635684e-15j  29.29366315+8.88178420e-16j
          104.44325559+0.00000000e+00j -29.71112241+0.00000000e+00j]
         [-10.40461675+1.66533454e-15j   1.00050642-8.88178420e-16j  13.55750536+0.00000000e+00j -18.79639188+4.44089210e-16j  -6.86239507+0.00000000e+00j  -8.2880392 -1.77635684e-15j
          -29.71112241+0.00000000e+00j  90.6806321 +0.00000000e+00j]]
        labels=[('kl', 'PRMqlFzf'), ('kl*', 'PRMqlFzf*')],
        shape=(8, 8),
    )
    eigvals of hessian_by_M: DiagonalTensor(
        [ 32.61953922  39.55078551  59.51877781  68.17646375  92.46442003 125.56041694 164.35994046 205.5769088 ]
        labels=['elXPFDmZ', 'elXPFDmZ'],
        shape=(8, 8),
    )
WROR:
    iter_times, elapsed_time, sqdiff: 300, 0.5907068252563477, 4.535436745437758
    MSN: Tensor(
        [[-0.14126861-0.27003413j  0.71977897-0.38657762j -0.33392465-0.63922534j  0.59746106+1.46460506j]
         [-0.05497455+0.33827201j  0.64889119+0.43949562j  0.68984422+0.58378757j -0.33402225-0.17147946j]
         [-0.17476938+0.4541528j   0.90847828-1.1118812j   0.28332983+0.1736695j   1.55536271+0.03079285j]
         [-0.03192843-0.36222417j -0.95565823-0.54426863j -1.01154846-0.47842421j  0.68108543-0.06016139j]]
        labels=['kl', 'kr'],
        shape=(4, 4),
    )
    grad_by_real_M: Tensor(
        [ 6.77236045e-15-2.77555756e-15j -1.19237953e-13+5.55111512e-16j -3.60926566e-14+1.55431223e-15j  5.67323966e-14-9.99200722e-16j -2.92821323e-14-9.57567359e-16j -4.77395901e-14+3.88578059e-16j
          2.13440376e-14+1.99840144e-15j -3.05311332e-15-1.83186799e-15j]
        labels=[('kl', 'PRMqlFzf')],
        shape=(8,),
    )
    grad_by_imag_M: Tensor(
        [ 6.89448498e-14-2.44249065e-15j -9.43689571e-15-3.33066907e-16j -1.15685239e-13-6.27969898e-16j  6.66133815e-16+5.55111512e-16j  2.74918976e-14+1.47104551e-15j -8.47100168e-14-1.11022302e-15j
         -3.06421555e-14+3.19189120e-15j  1.37112544e-14+2.05391260e-15j]
        labels=[('kl', 'PRMqlFzf')],
        shape=(8,),
    )
    hessian_by_M: Tensor(
        [[135.90595682+0.00000000e+00j -24.30176655+1.42108547e-14j   7.42024084+0.00000000e+00j  20.26318446+0.00000000e+00j  13.87289609-1.77635684e-15j  37.67832704+1.77635684e-15j
           45.69392372+3.55271368e-15j  -6.83138501-8.88178420e-16j]
         [-24.30176655+1.42108547e-14j 128.75939522-3.55271368e-15j  -6.81947692-4.44089210e-16j  10.29083204+0.00000000e+00j  -9.663415  +3.55271368e-15j -33.20292523+2.66453526e-15j
           -4.095514  +0.00000000e+00j  -2.08362714-1.77635684e-15j]
         [  7.42024084+0.00000000e+00j  -6.81947692-4.44089210e-16j 157.95567003+0.00000000e+00j  16.33867905+1.42108547e-14j  26.12872119-1.77635684e-15j -38.27114142-1.77635684e-15j
            4.26098079-1.77635684e-15j  19.81128038+3.55271368e-15j]
         [ 20.26318446+0.00000000e+00j  10.29083204+0.00000000e+00j  16.33867905+1.42108547e-14j 135.05218232+3.55271368e-15j   8.75121548-4.44089210e-16j -13.06077028+0.00000000e+00j
           -3.78688956+0.00000000e+00j -32.60766489+1.22124533e-15j]
         [ 13.87289609-1.77635684e-15j  -9.663415  +3.55271368e-15j  26.12872119-1.77635684e-15j   8.75121548-4.44089210e-16j 140.56110147+0.00000000e+00j   0.824645  +0.00000000e+00j
           21.18833239-1.77635684e-15j -10.61807794-8.88178420e-16j]
         [ 37.67832704+1.77635684e-15j -33.20292523+2.66453526e-15j -38.27114142-1.77635684e-15j -13.06077028+0.00000000e+00j   0.824645  +0.00000000e+00j 132.45659345+3.55271368e-15j
           45.58863558+8.88178420e-16j  -9.32321305+3.55271368e-15j]
         [ 45.69392372+3.55271368e-15j  -4.095514  +0.00000000e+00j   4.26098079-1.77635684e-15j  -3.78688956+0.00000000e+00j  21.18833239-1.77635684e-15j  45.58863558+8.88178420e-16j
          137.14006636+7.10542736e-15j  10.57446847+0.00000000e+00j]
         [ -6.83138501-8.88178420e-16j  -2.08362714-1.77635684e-15j  19.81128038+3.55271368e-15j -32.60766489+1.22124533e-15j -10.61807794-8.88178420e-16j  -9.32321305+3.55271368e-15j
           10.57446847+0.00000000e+00j 155.84505418+0.00000000e+00j]]
        labels=[('kl', 'PRMqlFzf'), ('kl*', 'PRMqlFzf*')],
        shape=(8, 8),
    )
    eigvals of hessian_by_M: DiagonalTensor(
        [ 65.48134798  80.45690606  94.63967219 125.64017126 131.31984534 186.28342447 200.26797743 239.5866751 ]
        labels=['GQsfrEAb', 'GQsfrEAb'],
        shape=(8, 8),
    )
IWROR:
    iter_times, elapsed_time, sqdiff: 300, 0.5386760234832764, 4.53543674543776
    MSN: Tensor(
        [[-0.14126861-0.27003413j  0.71977897-0.38657762j -0.33392465-0.63922534j  0.59746106+1.46460506j]
         [-0.05497455+0.33827201j  0.64889119+0.43949562j  0.68984422+0.58378757j -0.33402225-0.17147946j]
         [-0.17476938+0.4541528j   0.90847828-1.1118812j   0.28332983+0.1736695j   1.55536271+0.03079285j]
         [-0.03192843-0.36222417j -0.95565823-0.54426863j -1.01154846-0.47842421j  0.68108543-0.06016139j]]
        labels=['kl', 'kr'],
        shape=(4, 4),
    )
    grad_by_real_M: Tensor(
        [ 1.53765889e-14-2.27595720e-15j  9.72555370e-14+2.49800181e-15j  8.87831475e-14-5.55111512e-16j  7.90478794e-14-2.22044605e-15j  1.18516308e-13-1.36002321e-15j -2.32036612e-14-5.27355937e-15j
          8.11295475e-14-9.99200722e-16j -8.60422844e-15+2.94209102e-15j]
        labels=[('kl', 'PRMqlFzf')],
        shape=(8,),
    )
    grad_by_imag_M: Tensor(
        [-7.06656955e-14-2.38697950e-15j  7.49400542e-15-5.32907052e-15j -6.62803146e-14+2.01227923e-16j  8.85957974e-14-1.55431223e-15j -8.35442826e-15+7.04991621e-15j  7.87148124e-14+3.33066907e-16j
         -3.51940699e-14-2.08166817e-15j  8.95394869e-14+1.38777878e-15j]
        labels=[('kl', 'PRMqlFzf')],
        shape=(8,),
    )
    hessian_by_M: Tensor(
        [[168.99769021+7.10542736e-15j -25.2058754 +7.10542736e-15j   9.00593289+4.44089210e-16j  26.38038654+3.55271368e-15j  15.02616766-3.55271368e-15j  45.74518843+0.00000000e+00j
           54.45444291+2.66453526e-15j  -6.86283786-1.77635684e-15j]
         [-25.2058754 +7.10542736e-15j 166.39889841+0.00000000e+00j  -9.40911496+5.55111512e-16j  13.79562713+0.00000000e+00j  -9.76699832+1.77635684e-15j -40.9454805 +1.77635684e-15j
           -4.04766128+3.10862447e-15j  -2.54501562+0.00000000e+00j]
         [  9.00593289+4.44089210e-16j  -9.40911496+5.55111512e-16j 191.36835868+0.00000000e+00j  23.28501883-7.10542736e-15j  31.83256401-3.55271368e-15j -47.7730995 +3.55271368e-15j
            2.56330414+3.55271368e-15j  24.34731572+0.00000000e+00j]
         [ 26.38038654+3.55271368e-15j  13.79562713+0.00000000e+00j  23.28501883-7.10542736e-15j 174.72429866+3.55271368e-15j  14.13621424+1.77635684e-15j -16.67886177-7.10542736e-15j
           -5.7919228 +0.00000000e+00j -42.20388919+1.44328993e-15j]
         [ 15.02616766-3.55271368e-15j  -9.76699832+1.77635684e-15j  31.83256401-3.55271368e-15j  14.13621424+1.77635684e-15j 171.95633821-7.10542736e-15j   4.36783559+0.00000000e+00j
           23.32413685+1.77635684e-15j -14.99892135+1.77635684e-15j]
         [ 45.74518843+0.00000000e+00j -40.9454805 +1.77635684e-15j -47.7730995 +3.55271368e-15j -16.67886177-7.10542736e-15j   4.36783559+0.00000000e+00j 170.97684168+0.00000000e+00j
           57.84789089-8.88178420e-16j -11.4010903 +0.00000000e+00j]
         [ 54.45444291+2.66453526e-15j  -4.04766128+3.10862447e-15j   2.56330414+3.55271368e-15j  -5.7919228 +0.00000000e+00j  23.32413685+1.77635684e-15j  57.84789089-8.88178420e-16j
          168.24641886+0.00000000e+00j  16.06755628-7.10542736e-15j]
         [ -6.86283786-1.77635684e-15j  -2.54501562+0.00000000e+00j  24.34731572+0.00000000e+00j -42.20388919+1.44328993e-15j -14.99892135+1.77635684e-15j -11.4010903 +0.00000000e+00j
           16.06755628-7.10542736e-15j 201.39023507-7.10542736e-15j]]
        labels=[('kl', 'PRMqlFzf'), ('kl*', 'PRMqlFzf*')],
        shape=(8, 8),
    )
    eigvals of hessian_by_M: DiagonalTensor(
        [ 84.31120081 102.76611343 117.46554834 156.45835779 169.71369835 237.37626791 249.88227494 296.08561821]
        labels=['lbxroagS', 'lbxroagS'],
        shape=(8, 8),
    )
WLBOR:
    iter_times, elapsed_time, sqdiff: 300, 1.4771230220794678, 4.535436745437753
    MSN: Tensor(
        [[-0.14126861-0.27003413j  0.71977896-0.38657762j -0.33392466-0.63922534j  0.59746106+1.46460506j]
         [-0.05497455+0.33827201j  0.64889119+0.43949562j  0.68984422+0.58378757j -0.33402225-0.17147946j]
         [-0.17476938+0.4541528j   0.90847828-1.1118812j   0.28332983+0.1736695j   1.55536271+0.03079285j]
         [-0.03192843-0.36222417j -0.95565823-0.54426863j -1.01154845-0.47842421j  0.68108543-0.06016139j]]
        labels=['kl', 'kr'],
        shape=(4, 4),
    )
    grad_by_real_M: Tensor(
        [-3.03104025e-09-2.35922393e-15j  6.61214286e-09-1.72084569e-15j  2.52077199e-08+2.55351296e-15j -9.02588509e-09-2.05391260e-15j  1.77003039e-08-2.77555756e-17j -3.25654194e-08+1.12410081e-15j
         -2.38099318e-08-1.88737914e-15j  4.23627111e-09+3.60822483e-16j]
        labels=[('kl', 'PRMqlFzf')],
        shape=(8,),
    )
    grad_by_imag_M: Tensor(
        [-1.29656695e-08+3.71924713e-15j  2.30423888e-08-1.41553436e-15j -6.13530415e-09-9.15933995e-16j  1.30491457e-08+2.16493490e-15j  2.12988999e-08+8.18789481e-16j -2.14716948e-08+5.55111512e-17j
          4.46814807e-09+9.15933995e-16j -3.43171569e-08-4.33680869e-16j]
        labels=[('kl', 'PRMqlFzf')],
        shape=(8,),
    )
    hessian_by_M: Tensor(
        [[ 9.60046418e+01+0.00000000e+00j -3.91180237e+01+1.77635684e-15j  6.61829895e-01-1.66533454e-15j  8.60769218e+00-1.77635684e-15j  2.39004453e+00+8.88178420e-16j  2.92732945e+01+0.00000000e+00j
           3.56136521e+01+3.55271368e-15j -5.78465294e+00+0.00000000e+00j]
         [-3.91180237e+01+1.77635684e-15j  5.32179523e+01+3.55271368e-15j -3.35286805e+00+4.44089210e-16j  2.95778334e+00+0.00000000e+00j -4.39282710e-01+0.00000000e+00j -1.79268139e+01+4.44089210e-16j
          -3.71148046e+00-1.33226763e-15j  3.66781133e-01+8.88178420e-16j]
         [ 6.61829895e-01-1.66533454e-15j -3.35286805e+00+4.44089210e-16j  9.90724091e+01+0.00000000e+00j -1.66409595e+01+3.55271368e-15j  2.46350646e+01+0.00000000e+00j -1.45543183e+01+1.77635684e-15j
           4.41860700e+00-1.77635684e-15j  1.31876049e+01+0.00000000e+00j]
         [ 8.60769218e+00-1.77635684e-15j  2.95778334e+00+0.00000000e+00j -1.66409595e+01+3.55271368e-15j  5.88696002e+01+0.00000000e+00j -1.01420945e+00-1.33226763e-15j -5.54454494e+00+0.00000000e+00j
           5.42861508e+00+8.88178420e-16j -1.13537189e+01+4.44089210e-16j]
         [ 2.39004453e+00+8.88178420e-16j -4.39282710e-01+0.00000000e+00j  2.46350646e+01+0.00000000e+00j -1.01420945e+00-1.33226763e-15j  9.23639306e+01+0.00000000e+00j -2.51053705e+01+3.55271368e-15j
           9.25808673e+00-1.77635684e-15j -7.94396477e-02+1.77635684e-15j]
         [ 2.92732945e+01+0.00000000e+00j -1.79268139e+01+4.44089210e-16j -1.45543183e+01+1.77635684e-15j -5.54454494e+00+0.00000000e+00j -2.51053705e+01+3.55271368e-15j  5.73677302e+01-3.55271368e-15j
           2.29959648e+01+8.88178420e-16j -3.60540227e+00-1.77635684e-15j]
         [ 3.56136521e+01+3.55271368e-15j -3.71148046e+00-1.33226763e-15j  4.41860700e+00-1.77635684e-15j  5.42861508e+00+8.88178420e-16j  9.25808673e+00-1.77635684e-15j  2.29959648e+01+8.88178420e-16j
           8.37711607e+01+0.00000000e+00j -2.24232596e+01+1.77635684e-15j]
         [-5.78465294e+00+0.00000000e+00j  3.66781133e-01+8.88178420e-16j  1.31876049e+01+0.00000000e+00j -1.13537189e+01+4.44089210e-16j -7.94396477e-02+1.77635684e-15j -3.60540227e+00-1.77635684e-15j
          -2.24232596e+01+1.77635684e-15j  6.61149052e+01+3.55271368e-15j]]
        labels=[('kl', 'PRMqlFzf'), ('kl*', 'PRMqlFzf*')],
        shape=(8, 8),
    )
    eigvals of hessian_by_M: DiagonalTensor(
        [ 21.47811929  27.41657623  47.50366596  53.63360852  70.89290377  93.69840201 131.24504177 160.91401252]
        labels=['elXPFDmZ', 'elXPFDmZ'],
        shape=(8, 8),
    )
WNAG:
    iter_times, elapsed_time, sqdiff: 300, 0.6088008880615234, 4.543354668430271
    MSN: Tensor(
        [[-0.14336295-0.26836789j  0.71326611-0.3903788j  -0.33919401-0.63396426j  0.60750231+1.45475164j]
         [-0.05229483+0.33935329j  0.6512472 +0.43278702j  0.69425451+0.57900974j -0.3334869 -0.17135294j]
         [-0.16995923+0.45642022j  0.89792858-1.11477298j  0.28812259+0.17377275j  1.54863608+0.01380544j]
         [-0.03478611-0.36277708j -0.95780411-0.53443064j -1.01464315-0.47137522j  0.67780483-0.06166126j]]
        labels=['kl', 'kr'],
        shape=(4, 4),
    )
    grad_by_real_M: Tensor(
        [-0.70568817-4.49640325e-15j -0.08912196-2.74953671e-16j  0.73061288-5.44009282e-15j  0.08240881-4.57966998e-16j  0.16181503+1.44328993e-15j -0.00493187+1.24900090e-16j -0.61339498-1.99840144e-15j
         -0.1066725 -6.93889390e-17j]
        labels=[('kl', 'PRMqlFzf')],
        shape=(8,),
    )
    grad_by_imag_M: Tensor(
        [ 3.25316835e-01-1.99840144e-15j  1.99939111e-04-5.55111512e-16j -4.07316415e-02-2.88657986e-15j  3.86602905e-02-6.52256027e-16j  5.17249657e-01+2.22044605e-16j  5.64433903e-02+9.02056208e-17j
          7.07359007e-01-1.94289029e-15j  3.50210651e-02-3.19189120e-16j]
        labels=[('kl', 'PRMqlFzf')],
        shape=(8,),
    )
    hessian_by_M: Tensor(
        [[ 1.78597162e+02-2.66453526e-15j  1.92823196e+01+0.00000000e+00j -1.83414499e-01+0.00000000e+00j -1.68975183e+00+2.22044605e-16j  2.67091261e+00+7.10542736e-15j -3.52046947e+00+0.00000000e+00j
           1.05667166e+02-3.10862447e-15j  1.10185342e+01-4.44089210e-16j]
         [ 1.92823196e+01+0.00000000e+00j  2.62626713e+00+0.00000000e+00j  1.43839544e+00+0.00000000e+00j -4.45390934e-03+8.32667268e-17j  2.77638213e+00+0.00000000e+00j -1.06942871e-01-1.11022302e-16j
           1.11925164e+01-4.44089210e-16j  1.46298240e+00-5.55111512e-17j]
         [-1.83414499e-01+0.00000000e+00j  1.43839544e+00+0.00000000e+00j  3.21127077e+02-3.55271368e-15j  3.42603156e+01+0.00000000e+00j  3.82152047e+01+7.10542736e-15j  2.18781111e+00-8.88178420e-16j
           6.81794273e+01+0.00000000e+00j  7.93280703e+00+4.44089210e-16j]
         [-1.68975183e+00+2.22044605e-16j -4.45390934e-03+8.32667268e-17j  3.42603156e+01+0.00000000e+00j  4.75310554e+00+0.00000000e+00j  5.70215959e+00+2.22044605e-16j  4.64422660e-01-2.77555756e-17j
           6.26451955e+00+0.00000000e+00j  9.46681000e-01-2.77555756e-17j]
         [ 2.67091261e+00+7.10542736e-15j  2.77638213e+00+0.00000000e+00j  3.82152047e+01+7.10542736e-15j  5.70215959e+00+2.22044605e-16j  2.59280084e+02+3.55271368e-15j  2.78443347e+01-8.88178420e-16j
           7.58763437e+01+1.77635684e-15j  9.02605070e+00+2.22044605e-16j]
         [-3.52046947e+00+0.00000000e+00j -1.06942871e-01-1.11022302e-16j  2.18781111e+00-8.88178420e-16j  4.64422660e-01-2.77555756e-17j  2.78443347e+01-8.88178420e-16j  3.85876499e+00+1.11022302e-16j
           6.54678936e+00+0.00000000e+00j  1.06384389e+00+2.77555756e-17j]
         [ 1.05667166e+02-3.10862447e-15j  1.11925164e+01-4.44089210e-16j  6.81794273e+01+0.00000000e+00j  6.26451955e+00+0.00000000e+00j  7.58763437e+01+1.77635684e-15j  6.54678936e+00+0.00000000e+00j
           2.39675241e+02-5.32907052e-15j  2.57944820e+01-1.77635684e-15j]
         [ 1.10185342e+01-4.44089210e-16j  1.46298240e+00-5.55111512e-17j  7.93280703e+00+4.44089210e-16j  9.46681000e-01-2.77555756e-17j  9.02605070e+00+2.22044605e-16j  1.06384389e+00+2.77555756e-17j
           2.57944820e+01-1.77635684e-15j  3.62878337e+00+0.00000000e+00j]]
        labels=[('kl', 'PRMqlFzf'), ('kl*', 'PRMqlFzf*')],
        shape=(8, 8),
    )
    eigvals of hessian_by_M: DiagonalTensor(
        [2.94149221e-01 6.38175007e-01 9.46115354e-01 1.27968551e+00 8.30687277e+01 2.31121807e+02 2.76646552e+02 4.19551273e+02]
        labels=['elXPFDmZ', 'elXPFDmZ'],
        shape=(8, 8),
    )
SNAG:
    iter_times, elapsed_time, sqdiff: 300, 0.5636050701141357, 4.535436745437755
    MSN: Tensor(
        [[-0.14126861-0.27003413j  0.71977897-0.38657762j -0.33392465-0.63922534j  0.59746106+1.46460506j]
         [-0.05497455+0.33827201j  0.64889119+0.43949562j  0.68984422+0.58378757j -0.33402225-0.17147946j]
         [-0.17476938+0.4541528j   0.90847828-1.1118812j   0.28332983+0.1736695j   1.55536271+0.03079285j]
         [-0.03192843-0.36222417j -0.95565823-0.54426863j -1.01154846-0.47842421j  0.68108543-0.06016139j]]
        labels=['kl', 'kr'],
        shape=(4, 4),
    )
    grad_by_real_M: Tensor(
        [ 1.27953204e-14-6.66133815e-16j -2.39391840e-15+2.41126563e-16j  2.44249065e-15-1.94289029e-16j  3.33066907e-16+1.00613962e-15j -3.32199546e-15-1.38777878e-16j  1.11022302e-15-7.07767178e-16j
          1.17406085e-14-1.19348975e-15j -8.68749517e-15+3.46944695e-16j]
        labels=[('kl', 'PRMqlFzf')],
        shape=(8,),
    )
    grad_by_imag_M: Tensor(
        [-7.91033905e-15+2.08166817e-15j  3.55618313e-16+4.23272528e-16j  1.02695630e-14-1.11022302e-16j -5.11396481e-15-2.77555756e-16j  3.30291350e-15-2.65412692e-16j -3.58046925e-15-9.85322934e-16j
          5.74540415e-15-2.77555756e-17j  6.93889390e-16-1.11022302e-16j]
        labels=[('kl', 'PRMqlFzf')],
        shape=(8,),
    )
    hessian_by_M: Tensor(
        [[16.69522068+4.44089210e-16j -5.4853781 -4.44089210e-16j  0.35920855+4.44089210e-16j  0.12556065+1.11022302e-16j  2.53359233-2.22044605e-16j  3.23631318+0.00000000e+00j 10.24897961-1.11022302e-16j
          -2.07074647+2.22044605e-16j]
         [-5.4853781 -4.44089210e-16j 11.96658831+6.66133815e-16j  1.79279415+0.00000000e+00j  0.38010442-2.22044605e-16j -1.89214531+0.00000000e+00j -2.12355568+5.55111512e-17j -4.66370219+5.55111512e-17j
           1.31428261+0.00000000e+00j]
         [ 0.35920855+4.44089210e-16j  1.79279415+0.00000000e+00j 29.03441017-8.88178420e-16j -3.06818227+0.00000000e+00j  4.34368902+2.22044605e-16j -4.47020305+0.00000000e+00j  6.24508765+0.00000000e+00j
           1.07233098+2.22044605e-16j]
         [ 0.12556065+1.11022302e-16j  0.38010442-2.22044605e-16j -3.06818227+0.00000000e+00j 10.02708821+2.77555756e-16j -2.10907468+0.00000000e+00j  0.91719977+0.00000000e+00j -3.10266282+1.11022302e-16j
          -2.30887043+5.55111512e-17j]
         [ 2.53359233-2.22044605e-16j -1.89214531+0.00000000e+00j  4.34368902+2.22044605e-16j -2.10907468+0.00000000e+00j 23.22099939+0.00000000e+00j -3.70662572-2.22044605e-16j  7.46075126+1.11022302e-16j
          -0.12037631+1.11022302e-16j]
         [ 3.23631318+0.00000000e+00j -2.12355568+5.55111512e-17j -4.47020305+0.00000000e+00j  0.91719977+0.00000000e+00j -3.70662572-2.22044605e-16j 10.48972091+0.00000000e+00j  0.70708522+0.00000000e+00j
          -1.13235043+0.00000000e+00j]
         [10.24897961-1.11022302e-16j -4.66370219+5.55111512e-17j  6.24508765+0.00000000e+00j -3.10266282+1.11022302e-16j  7.46075126+1.11022302e-16j  0.70708522+0.00000000e+00j 21.20394545+0.00000000e+00j
          -1.52724485+2.22044605e-16j]
         [-2.07074647+2.22044605e-16j  1.31428261+0.00000000e+00j  1.07233098+2.22044605e-16j -2.30887043+5.55111512e-17j -0.12037631+1.11022302e-16j -1.13235043+0.00000000e+00j -1.52724485+2.22044605e-16j
          11.08948987+4.44089210e-16j]]
        labels=[('kl', 'PRMqlFzf'), ('kl*', 'PRMqlFzf*')],
        shape=(8, 8),
    )
    eigvals of hessian_by_M: DiagonalTensor(
        [ 6.25329637  7.54591221  8.26771867  9.07172806 12.35112628 19.84846374 29.54110973 40.84810793]
        labels=['elXPFDmZ', 'elXPFDmZ'],
        shape=(8, 8),
    )
SSpiral(8):
    iter_times, elapsed_time, sqdiff: 300, 0.9302692413330078, 4.5354367454377575
    MSN: Tensor(
        [[-0.14126861-0.27003413j  0.71977897-0.38657762j -0.33392465-0.63922534j  0.59746106+1.46460506j]
         [-0.05497455+0.33827201j  0.64889119+0.43949562j  0.68984422+0.58378757j -0.33402225-0.17147946j]
         [-0.17476938+0.4541528j   0.90847828-1.1118812j   0.28332983+0.1736695j   1.55536271+0.03079285j]
         [-0.03192843-0.36222417j -0.95565823-0.54426863j -1.01154846-0.47842421j  0.68108543-0.06016139j]]
        labels=['kl', 'kr'],
        shape=(4, 4),
    )
    grad_by_real_M: Tensor(
        [-1.36973766e-14+4.71844785e-16j  3.05311332e-15-1.49880108e-15j -9.90874049e-15+1.11022302e-16j  6.27276009e-15+2.88657986e-15j -1.26149091e-14+6.27969898e-16j  3.84692278e-14-2.16840434e-16j
          3.60822483e-15+2.27595720e-15j -1.52933222e-14-5.55111512e-17j]
        labels=[('kl', 'PRMqlFzf')],
        shape=(8,),
    )
    grad_by_imag_M: Tensor(
        [ 9.79771819e-15+1.04083409e-15j -2.15938378e-14-1.94289029e-15j -5.10702591e-15+2.49800181e-16j -1.56541446e-14+1.16573418e-15j -2.84113011e-14+1.09634524e-15j  2.77538409e-14+1.16573418e-15j
          4.44089210e-15-5.55111512e-17j -1.14908083e-14+6.80011603e-16j]
        labels=[('kl', 'PRMqlFzf')],
        shape=(8,),
    )
    hessian_by_M: Tensor(
        [[ 51.13944793+8.88178420e-16j -35.43141263+0.00000000e+00j   0.3473768 -4.44089210e-16j   3.59536025+0.00000000e+00j   2.68325365+0.00000000e+00j  22.52020411-4.44089210e-16j
           20.83657181+4.44089210e-16j  -3.85284676-4.44089210e-16j]
         [-35.43141263+0.00000000e+00j  73.41880238+1.06581410e-14j  -0.53965859-4.44089210e-16j   4.93647616-1.77635684e-15j  -3.12583347+8.88178420e-16j -19.56016439-4.44089210e-16j
           -5.65599928+8.88178420e-16j  -0.34607878+8.88178420e-16j]
         [  0.3473768 -4.44089210e-16j  -0.53965859-4.44089210e-16j  55.92396807-8.88178420e-16j -16.16587588-3.55271368e-15j  13.87104004+8.88178420e-16j -13.95230816+0.00000000e+00j
            4.39571813+0.00000000e+00j  13.98796058+8.88178420e-16j]
         [  3.59536025+0.00000000e+00j   4.93647616-1.77635684e-15j -16.16587588-3.55271368e-15j  72.75985578+0.00000000e+00j  -0.71745876-4.44089210e-16j  -5.47432876-1.77635684e-15j
            2.45992029-4.44089210e-16j -18.5857506 +1.11022302e-16j]
         [  2.68325365+0.00000000e+00j  -3.12583347+8.88178420e-16j  13.87104004+8.88178420e-16j  -0.71745876-4.44089210e-16j  50.953144  +0.00000000e+00j -22.88328463+1.77635684e-15j
            6.92208341+6.66133815e-16j   1.30561942+0.00000000e+00j]
         [ 22.52020411-4.44089210e-16j -19.56016439-4.44089210e-16j -13.95230816+0.00000000e+00j  -5.47432876-1.77635684e-15j -22.88328463+1.77635684e-15j  72.87289963+0.00000000e+00j
           16.58430339-8.88178420e-16j  -6.80727647+0.00000000e+00j]
         [ 20.83657181+4.44089210e-16j  -5.65599928+8.88178420e-16j   4.39571813+0.00000000e+00j   2.45992029-4.44089210e-16j   6.92208341+6.66133815e-16j  16.58430339-8.88178420e-16j
           45.73136594-4.44089210e-16j -20.7715887 +0.00000000e+00j]
         [ -3.85284676-4.44089210e-16j  -0.34607878+8.88178420e-16j  13.98796058+8.88178420e-16j -18.5857506 +1.11022302e-16j   1.30561942+0.00000000e+00j  -6.80727647+0.00000000e+00j
          -20.7715887 +0.00000000e+00j  84.5967773 +0.00000000e+00j]]
        labels=[('kl', 'PRMqlFzf'), ('kl*', 'PRMqlFzf*')],
        shape=(8, 8),
    )
    eigvals of hessian_by_M: DiagonalTensor(
        [ 15.79050963  23.75690173  34.80623037  46.55704867  65.29859005  82.02268984 107.28713037 131.87716036]
        labels=['elXPFDmZ', 'elXPFDmZ'],
        shape=(8, 8),
    )
SSpiral(11):
    iter_times, elapsed_time, sqdiff: 300, 0.9463858604431152, 4.535436745437751
    MSN: Tensor(
        [[-0.14126861-0.27003413j  0.71977897-0.38657762j -0.33392465-0.63922534j  0.59746106+1.46460506j]
         [-0.05497455+0.33827201j  0.64889119+0.43949562j  0.68984422+0.58378757j -0.33402225-0.17147946j]
         [-0.17476938+0.4541528j   0.90847828-1.1118812j   0.28332983+0.1736695j   1.55536271+0.03079285j]
         [-0.03192843-0.36222417j -0.95565823-0.54426863j -1.01154846-0.47842421j  0.68108543-0.06016139j]]
        labels=['kl', 'kr'],
        shape=(4, 4),
    )
    grad_by_real_M: Tensor(
        [ 4.21884749e-15-1.94289029e-15j  1.79245507e-13-2.94209102e-15j  5.88418203e-14+2.22044605e-16j  9.92261828e-14-1.11022302e-16j  3.27515792e-14-1.34614542e-15j -1.85407245e-14+3.27862737e-16j
          9.67836922e-14-2.77555756e-16j -5.13200593e-14+7.49400542e-16j]
        labels=[('kl', 'PRMqlFzf')],
        shape=(8,),
    )
    grad_by_imag_M: Tensor(
        [-4.64073224e-14+3.60822483e-15j -1.82631688e-14-4.99600361e-15j  2.05391260e-14-4.99600361e-16j -1.00919273e-13+1.13797860e-15j -4.16333634e-16+1.60982339e-15j  1.39234110e-13+5.55111512e-16j
          3.60267371e-14-3.05311332e-16j  8.85402862e-15+2.02615702e-15j]
        labels=[('kl', 'PRMqlFzf')],
        shape=(8,),
    )
    hessian_by_M: Tensor(
        [[ 48.11598871+0.00000000e+00j -20.29477269+1.77635684e-15j   0.2486256 -2.22044605e-16j   6.28671288+8.88178420e-16j   3.87885489+8.88178420e-16j  22.4729277 +8.88178420e-16j
           21.88807176+0.00000000e+00j  -1.40165026-4.44089210e-16j]
         [-20.29477269+1.77635684e-15j  57.62877833+0.00000000e+00j  -0.88770914-1.33226763e-15j   4.2172347 +0.00000000e+00j  -2.53891872+0.00000000e+00j -18.24238308-4.44089210e-16j
           -2.53005497-1.33226763e-15j  -0.68993458+2.66453526e-15j]
         [  0.2486256 -2.22044605e-16j  -0.88770914-1.33226763e-15j  56.75249998+3.55271368e-15j  -0.39594131-3.99680289e-15j  13.85725455+0.00000000e+00j -10.74401136+1.77635684e-15j
            6.73017908+8.88178420e-16j  10.54452392+0.00000000e+00j]
         [  6.28671288+8.88178420e-16j   4.2172347 +0.00000000e+00j  -0.39594131-3.99680289e-15j  66.46646382+3.55271368e-15j  -1.14018667+0.00000000e+00j  -7.68837133+0.00000000e+00j
            2.48138287+4.44089210e-16j -12.86362665-6.66133815e-16j]
         [  3.87885489+8.88178420e-16j  -2.53891872+0.00000000e+00j  13.85725455+0.00000000e+00j  -1.14018667+0.00000000e+00j  50.3267261 +0.00000000e+00j  -8.13712674-4.44089210e-16j
            8.94702694-4.44089210e-16j   1.63313067+0.00000000e+00j]
         [ 22.4729277 +8.88178420e-16j -18.24238308-4.44089210e-16j -10.74401136+1.77635684e-15j  -7.68837133+0.00000000e+00j  -8.13712674-4.44089210e-16j  63.70872347+0.00000000e+00j
           17.80818948+1.11022302e-15j  -2.87573935-8.88178420e-16j]
         [ 21.88807176+0.00000000e+00j  -2.53005497-1.33226763e-15j   6.73017908+8.88178420e-16j   2.48138287+4.44089210e-16j   8.94702694-4.44089210e-16j  17.80818948+1.11022302e-15j
           44.63145502+0.00000000e+00j  -5.13064357-1.77635684e-15j]
         [ -1.40165026-4.44089210e-16j  -0.68993458+2.66453526e-15j  10.54452392+0.00000000e+00j -12.86362665-6.66133815e-16j   1.63313067+0.00000000e+00j  -2.87573935-8.88178420e-16j
           -5.13064357-1.77635684e-15j  74.74976349+0.00000000e+00j]]
        labels=[('kl', 'PRMqlFzf'), ('kl*', 'PRMqlFzf*')],
        shape=(8, 8),
    )
    eigvals of hessian_by_M: DiagonalTensor(
        [ 18.38189831  27.45700309  38.57547596  48.70953009  56.62421644  76.04440479  88.06770734 108.52016291]
        labels=['elXPFDmZ', 'elXPFDmZ'],
        shape=(8, 8),
    )
SSpiral(14):
    iter_times, elapsed_time, sqdiff: 300, 0.9388229846954346, 4.535436745437757
    MSN: Tensor(
        [[-0.14126861-0.27003413j  0.71977897-0.38657762j -0.33392465-0.63922534j  0.59746106+1.46460506j]
         [-0.05497455+0.33827201j  0.64889119+0.43949562j  0.68984422+0.58378757j -0.33402225-0.17147946j]
         [-0.17476938+0.4541528j   0.90847828-1.1118812j   0.28332983+0.1736695j   1.55536271+0.03079285j]
         [-0.03192843-0.36222417j -0.95565823-0.54426863j -1.01154846-0.47842421j  0.68108543-0.06016139j]]
        labels=['kl', 'kr'],
        shape=(4, 4),
    )
    grad_by_real_M: Tensor(
        [-6.38378239e-15+2.22044605e-16j -2.87964097e-14-2.99760217e-15j -3.73590048e-14+1.22124533e-15j  3.37230244e-15+1.22124533e-15j  2.35089725e-14+2.36963227e-15j -1.23234756e-14-6.66133815e-16j
          1.47659662e-14-3.33066907e-16j -1.33226763e-14+1.16573418e-15j]
        labels=[('kl', 'PRMqlFzf')],
        shape=(8,),
    )
    grad_by_imag_M: Tensor(
        [-2.36477504e-14-5.55111512e-17j  6.99440506e-15-4.16333634e-17j -2.96429548e-14-1.55431223e-15j -2.55351296e-15-3.20576898e-15j  1.21083699e-15-1.47104551e-15j -2.08721929e-14+2.66453526e-15j
          7.77156117e-16+4.44089210e-16j -1.38222767e-14-8.32667268e-16j]
        labels=[('kl', 'PRMqlFzf')],
        shape=(8,),
    )
    hessian_by_M: Tensor(
        [[ 47.98050341-1.77635684e-15j -17.2563549 -8.88178420e-16j   1.3061184 +6.66133815e-16j   8.22142036+8.88178420e-16j   5.83124459+1.11022302e-16j  23.5460258 +0.00000000e+00j
           21.1170325 +0.00000000e+00j  -3.11601888+0.00000000e+00j]
         [-17.2563549 -8.88178420e-16j  62.41504082+3.55271368e-15j  -1.92333832-2.22044605e-16j   3.71311921+1.77635684e-15j  -5.46047516-8.88178420e-16j -21.74215691+8.88178420e-16j
           -0.25933935+8.88178420e-16j   1.49384007+0.00000000e+00j]
         [  1.3061184 +6.66133815e-16j  -1.92333832-2.22044605e-16j  59.04925699-1.77635684e-15j   6.37192919+0.00000000e+00j  12.59196002+8.88178420e-16j -11.45834713+8.88178420e-16j
            6.32840729-8.88178420e-16j   9.3539525 +0.00000000e+00j]
         [  8.22142036+8.88178420e-16j   3.71311921+1.77635684e-15j   6.37192919+0.00000000e+00j  77.2261018 +0.00000000e+00j  -2.66864224+8.88178420e-16j  -8.11496654+8.88178420e-16j
            4.07356174+0.00000000e+00j -10.77931866-8.88178420e-16j]
         [  5.83124459+1.11022302e-16j  -5.46047516-8.88178420e-16j  12.59196002+8.88178420e-16j  -2.66864224+8.88178420e-16j  51.46420263+1.77635684e-15j  -2.68979648+0.00000000e+00j
           10.16949666+3.33066907e-16j   1.35636216-8.88178420e-16j]
         [ 23.5460258 +0.00000000e+00j -21.74215691+8.88178420e-16j -11.45834713+8.88178420e-16j  -8.11496654+8.88178420e-16j  -2.68979648+0.00000000e+00j  72.64398937+3.55271368e-15j
           20.31019966+2.22044605e-16j  -1.21326461+0.00000000e+00j]
         [ 21.1170325 +0.00000000e+00j  -0.25933935+8.88178420e-16j   6.32840729-8.88178420e-16j   4.07356174+0.00000000e+00j  10.16949666+3.33066907e-16j  20.31019966+2.22044605e-16j
           47.10959581+0.00000000e+00j   1.31765722+0.00000000e+00j]
         [ -3.11601888+0.00000000e+00j   1.49384007+0.00000000e+00j   9.3539525 +0.00000000e+00j -10.77931866-8.88178420e-16j   1.35636216-8.88178420e-16j  -1.21326461+0.00000000e+00j
            1.31765722+0.00000000e+00j  83.62600343-3.55271368e-15j]]
        labels=[('kl', 'PRMqlFzf'), ('kl*', 'PRMqlFzf*')],
        shape=(8, 8),
    )
    eigvals of hessian_by_M: DiagonalTensor(
        [ 20.86058575  29.67967445  39.54455512  54.85606348  63.85761475  84.14996979  93.33588078 115.23035016]
        labels=['elXPFDmZ', 'elXPFDmZ'],
        shape=(8, 8),
    )
SSpiral(17):
    iter_times, elapsed_time, sqdiff: 300, 0.9317600727081299, 4.535436745437755
    MSN: Tensor(
        [[-0.14126861-0.27003413j  0.71977897-0.38657762j -0.33392465-0.63922534j  0.59746106+1.46460506j]
         [-0.05497455+0.33827201j  0.64889119+0.43949562j  0.68984422+0.58378757j -0.33402225-0.17147946j]
         [-0.17476938+0.4541528j   0.90847828-1.1118812j   0.28332983+0.1736695j   1.55536271+0.03079285j]
         [-0.03192843-0.36222417j -0.95565823-0.54426863j -1.01154846-0.47842421j  0.68108543-0.06016139j]]
        labels=['kl', 'kr'],
        shape=(4, 4),
    )
    grad_by_real_M: Tensor(
        [-4.51860771e-14+3.08086889e-15j -7.64058955e-14+6.71684930e-15j  3.26960681e-14+0.00000000e+00j -8.30759073e-14-1.66533454e-15j -1.18793864e-14-5.89805982e-17j  6.99440506e-14-9.85322934e-16j
          2.54796184e-14+2.22044605e-16j  1.31006317e-14-2.02615702e-15j]
        labels=[('kl', 'PRMqlFzf')],
        shape=(8,),
    )
    grad_by_imag_M: Tensor(
        [ 3.91353616e-15-3.33066907e-16j -4.01345623e-14+4.79651041e-15j -4.45199433e-14-5.55111512e-16j  3.00870440e-14-1.70002901e-16j -3.81743248e-14-3.88578059e-16j -4.70040673e-14-1.66533454e-15j
         -8.88178420e-14+1.22124533e-15j  2.51743071e-14+1.72084569e-15j]
        labels=[('kl', 'PRMqlFzf')],
        shape=(8,),
    )
    hessian_by_M: Tensor(
        [[ 42.3630975 +0.00000000e+00j -15.02896778+0.00000000e+00j   1.17894633+0.00000000e+00j   9.90646011-8.88178420e-16j   5.12113846-3.33066907e-16j  15.77088186+0.00000000e+00j
           18.51598658+4.44089210e-16j  -5.01164004-2.22044605e-16j]
         [-15.02896778+0.00000000e+00j  73.08348384-1.77635684e-15j  -2.35292885-6.66133815e-16j   3.95538047-8.88178420e-16j  -1.31264888-1.77635684e-15j -23.62597135+0.00000000e+00j
           -6.80056443-4.44089210e-16j   0.27804448+0.00000000e+00j]
         [  1.17894633+0.00000000e+00j  -2.35292885-6.66133815e-16j  51.98070482+0.00000000e+00j   0.83914049+8.88178420e-16j  11.05192507+0.00000000e+00j -15.42269609+8.88178420e-16j
            5.45012171+0.00000000e+00j   4.86952789-8.88178420e-16j]
         [  9.90646011-8.88178420e-16j   3.95538047-8.88178420e-16j   0.83914049+8.88178420e-16j  76.37158632+0.00000000e+00j  -1.76500172-2.22044605e-16j  -6.38580493+0.00000000e+00j
           -2.47324979+8.88178420e-16j -16.74019276+1.55431223e-15j]
         [  5.12113846-3.33066907e-16j  -1.31264888-1.77635684e-15j  11.05192507+0.00000000e+00j  -1.76500172-2.22044605e-16j  45.34657777+8.88178420e-16j  -5.1618913 +0.00000000e+00j
