b=4, chi=2, seed=37, 
NOR:
    iter_times, elapsed_time, sqdiff: 300, 0.6929197311401367, 2.379925529886031
    MSN: Tensor(
        [[-1.55372376-0.43336785j  0.71227621+0.9954667j  -0.02456436+1.44605478j  0.31200425-0.02800499j]
         [-0.3157313 +0.33465771j  0.81600103+0.07277379j  0.85981341+0.38056535j  0.87820887+0.65423175j]
         [ 0.25690897+0.01003004j -0.02639362+0.49958147j  0.01317419+0.4706584j  -0.4510101 +1.43511177j]
         [ 0.09761272+0.36651779j  0.4687991 -0.18671564j  0.67044448-0.04599938j  0.60341062+0.46353552j]]
        labels=['kl', 'kr'],
        shape=(4, 4),
    )
    grad_by_reM_reM: Tensor(
        [-1.22124533e-14-5.31519273e-15j  2.28983499e-14+5.10702591e-15j  9.93649607e-15-5.55111512e-16j -1.85407245e-14+2.77555756e-16j  1.14352972e-14-2.16493490e-15j  5.38458167e-15-9.99200722e-16j  1.56541446e-14-1.69309011e-15j -1.11022302e-15+2.16493490e-15j]
        labels=[('kl', 'BfJFotMx')],
        shape=(8,),
    )
    grad_by_imM_imM: Tensor(
        [-1.50018886e-14+2.99760217e-15j  3.77475828e-15-2.52575738e-15j -2.03170814e-14+9.43689571e-16j  2.27595720e-15-4.10782519e-15j  4.05231404e-15-1.11022302e-16j  7.21644966e-15+2.49800181e-15j  1.57374114e-14+1.66533454e-15j  6.16173779e-15+2.49800181e-15j]
        labels=[('kl', 'BfJFotMx')],
        shape=(8,),
    )
    hessian_by_M_M: [[102.6225468  -14.85760707   2.51795332   9.71312285  16.86398568 -12.54955301 -42.78620606  -6.366836     0.         -21.20327291  17.79057609 -14.4516011   -5.27639508  12.7255678    4.04967543  25.70039067]
     [-14.85760707  70.0303857    3.77625339 -26.31975904  -2.94346661  15.50837507  -8.07053183  -4.33756981  21.20327291   0.         -10.62330866  20.54460613  17.94013282   8.56474607  -5.2471782    1.18086184]
     [  2.51795332   3.77625339 131.05055365 -41.13958806  -9.8394206    6.40373969  -7.75016075  -6.36354169 -17.79057609  10.62330866   0.         -15.81858361  -3.36815273  23.83275425  11.24686721   7.83386036]
     [  9.71312285 -26.31975904 -41.13958806  68.06471209  -1.17139587  -5.52990676  -7.90090546  13.64949747  14.4516011  -20.54460613  15.81858361   0.         -18.72758055  -6.56222447  -7.72307968  14.14868173]
     [ 16.86398568  -2.94346661  -9.8394206   -1.17139587  83.72718727 -18.81711275   9.44115085 -13.14983607   5.27639508 -17.94013282   3.36815273  18.72758055   0.         -13.00434701  27.62229491 -15.61566365]
     [-12.54955301  15.50837507   6.40373969  -5.52990676 -18.81711275  47.42691532 -37.6984624   19.11958324 -12.7255678   -8.56474607 -23.83275425   6.56222447  13.00434701   0.          10.34059926  -0.31667163]
     [-42.78620606  -8.07053183  -7.75016075  -7.90090546   9.44115085 -37.6984624  130.67997978 -28.45572555  -4.04967543   5.2471782  -11.24686721   7.72307968 -27.62229491 -10.34059926   0.         -15.88742016]
     [ -6.366836    -4.33756981  -6.36354169  13.64949747 -13.14983607  19.11958324 -28.45572555  73.37898743 -25.70039067  -1.18086184  -7.83386036 -14.14868173  15.61566365   0.31667163  15.88742016   0.        ]
     [  0.          21.20327291 -17.79057609  14.4516011    5.27639508 -12.7255678   -4.04967543 -25.70039067 102.6225468  -14.85760707   2.51795332   9.71312285  16.86398568 -12.54955301 -42.78620606  -6.366836  ]
     [-21.20327291   0.          10.62330866 -20.54460613 -17.94013282  -8.56474607   5.2471782   -1.18086184 -14.85760707  70.0303857    3.77625339 -26.31975904  -2.94346661  15.50837507  -8.07053183  -4.33756981]
     [ 17.79057609 -10.62330866   0.          15.81858361   3.36815273 -23.83275425 -11.24686721  -7.83386036   2.51795332   3.77625339 131.05055365 -41.13958806  -9.8394206    6.40373969  -7.75016075  -6.36354169]
     [-14.4516011   20.54460613 -15.81858361   0.          18.72758055   6.56222447   7.72307968 -14.14868173   9.71312285 -26.31975904 -41.13958806  68.06471209  -1.17139587  -5.52990676  -7.90090546  13.64949747]
     [ -5.27639508  17.94013282  -3.36815273 -18.72758055   0.          13.00434701 -27.62229491  15.61566365  16.86398568  -2.94346661  -9.8394206   -1.17139587  83.72718727 -18.81711275   9.44115085 -13.14983607]
     [ 12.7255678    8.56474607  23.83275425  -6.56222447 -13.00434701   0.         -10.34059926   0.31667163 -12.54955301  15.50837507   6.40373969  -5.52990676 -18.81711275  47.42691532 -37.6984624   19.11958324]
     [  4.04967543  -5.2471782   11.24686721  -7.72307968  27.62229491  10.34059926   0.          15.88742016 -42.78620606  -8.07053183  -7.75016075  -7.90090546   9.44115085 -37.6984624  130.67997978 -28.45572555]
     [ 25.70039067   1.18086184   7.83386036  14.14868173 -15.61566365  -0.31667163 -15.88742016   0.          -6.366836    -4.33756981  -6.36354169  13.64949747 -13.14983607  19.11958324 -28.45572555  73.37898743]]
    eigvals of hessian_by_M_M: [  8.99123837   8.99123837  18.37162624  18.37162624  43.20331513  43.20331513  55.01619518  55.01619518  72.30296361  72.30296361 132.82756431 132.82756431 178.02808335 178.02808335 198.24028185 198.24028185]
WCOR:
    iter_times, elapsed_time, sqdiff: 300, 0.7135560512542725, 2.3799255298860365
    MSN: Tensor(
        [[-1.55372376-0.43336785j  0.71227621+0.9954667j  -0.02456436+1.44605478j  0.31200425-0.02800499j]
         [-0.3157313 +0.33465771j  0.81600103+0.07277379j  0.85981341+0.38056535j  0.87820887+0.65423175j]
         [ 0.25690897+0.01003004j -0.02639362+0.49958147j  0.01317419+0.4706584j  -0.4510101 +1.43511177j]
         [ 0.09761272+0.36651779j  0.4687991 -0.18671564j  0.67044448-0.04599938j  0.60341062+0.46353552j]]
        labels=['kl', 'kr'],
        shape=(4, 4),
    )
    grad_by_reM_reM: Tensor(
        [ 1.25177646e-14-2.38697950e-15j -4.23272528e-15+2.33146835e-15j  4.23550084e-14-7.77156117e-16j  1.75415238e-14-1.16573418e-15j  0.00000000e+00+2.88657986e-15j  9.65894031e-15+2.22044605e-16j -1.23234756e-14+6.10622664e-16j  2.52853294e-14-9.43689571e-16j]
        labels=[('kl', 'BfJFotMx')],
        shape=(8,),
    )
    grad_by_imM_imM: Tensor(
        [-1.38777878e-15-5.82867088e-16j -1.33781874e-14+2.37310172e-15j  2.65343303e-14-1.60982339e-15j -2.23709939e-14-4.44089210e-16j -1.55431223e-15-1.77635684e-15j  9.10382880e-15+8.88178420e-16j  3.71924713e-15-2.55351296e-15j  7.38298311e-15+3.05311332e-16j]
        labels=[('kl', 'BfJFotMx')],
        shape=(8,),
    )
    hessian_by_M_M: [[ 96.33255094  -6.28083854   2.8639774    6.43485539  14.98132642 -12.64927425 -40.887054    -8.35867419   0.         -16.81544931  14.90708529 -13.35856662  -0.57819089  11.54914088   6.12017786  23.33489355]
     [ -6.28083854  57.23383109   1.55490217 -20.68596982   1.67217332  12.66808596  -7.64815081  -4.42468681  16.81544931   0.          -5.17282327  16.82014103  15.80652214   5.72518856  -5.03906255   0.60874283]
     [  2.8639774    1.55490217 120.27939717 -30.70818299  -4.40178113   2.94410887  -7.13167634  -6.48747466 -14.90708529   5.17282327   0.         -16.62346627  -3.8789385   20.93199677  11.45982903   9.06517158]
     [  6.43485539 -20.68596982 -30.70818299  56.35001611  -4.30904577  -6.10605527  -5.57222992  10.32258217  13.35856662 -16.82014103  16.62346627   0.         -16.44594083  -4.94260086  -6.81230019  11.149807  ]
     [ 14.98132642   1.67217332  -4.40178113  -4.30904577  77.89513182 -12.35565827   1.32907113  -7.00073123   0.57819089 -15.80652214   3.8789385   16.44594083   0.         -11.85238456  24.18144241 -13.63197838]
     [-12.64927425  12.66808596   2.94410887  -6.10605527 -12.35565827  39.02394768 -31.67521264  16.95788312 -11.54914088  -5.72518856 -20.93199677   4.94260086  11.85238456   0.          11.17959519   0.87580208]
     [-40.887054    -7.64815081  -7.13167634  -5.57222992   1.32907113 -31.67521264 122.80138051 -19.08926704  -6.12017786   5.03906255 -11.45982903   6.81230019 -24.18144241 -11.17959519   0.         -14.62119703]
     [ -8.35867419  -4.42468681  -6.48747466  10.32258217  -7.00073123  16.95788312 -19.08926704  60.02574382 -23.33489355  -0.60874283  -9.06517158 -11.149807    13.63197838  -0.87580208  14.62119703   0.        ]
     [  0.          16.81544931 -14.90708529  13.35856662   0.57819089 -11.54914088  -6.12017786 -23.33489355  96.33255094  -6.28083854   2.8639774    6.43485539  14.98132642 -12.64927425 -40.887054    -8.35867419]
     [-16.81544931   0.           5.17282327 -16.82014103 -15.80652214  -5.72518856   5.03906255  -0.60874283  -6.28083854  57.23383109   1.55490217 -20.68596982   1.67217332  12.66808596  -7.64815081  -4.42468681]
     [ 14.90708529  -5.17282327   0.          16.62346627   3.8789385  -20.93199677 -11.45982903  -9.06517158   2.8639774    1.55490217 120.27939717 -30.70818299  -4.40178113   2.94410887  -7.13167634  -6.48747466]
     [-13.35856662  16.82014103 -16.62346627   0.          16.44594083   4.94260086   6.81230019 -11.149807     6.43485539 -20.68596982 -30.70818299  56.35001611  -4.30904577  -6.10605527  -5.57222992  10.32258217]
     [ -0.57819089  15.80652214  -3.8789385  -16.44594083   0.          11.85238456 -24.18144241  13.63197838  14.98132642   1.67217332  -4.40178113  -4.30904577  77.89513182 -12.35565827   1.32907113  -7.00073123]
     [ 11.54914088   5.72518856  20.93199677  -4.94260086 -11.85238456   0.         -11.17959519  -0.87580208 -12.64927425  12.66808596   2.94410887  -6.10605527 -12.35565827  39.02394768 -31.67521264  16.95788312]
     [  6.12017786  -5.03906255  11.45982903  -6.81230019  24.18144241  11.17959519   0.          14.62119703 -40.887054    -7.64815081  -7.13167634  -5.57222992   1.32907113 -31.67521264 122.80138051 -19.08926704]
     [ 23.33489355   0.60874283   9.06517158  11.149807   -13.63197838   0.87580208 -14.62119703   0.          -8.35867419  -4.42468681  -6.48747466  10.32258217  -7.00073123  16.95788312 -19.08926704  60.02574382]]
    eigvals of hessian_by_M_M: [  7.94889183   7.94889183  15.77663283  15.77663283  36.25462015  36.25462015  54.17617901  54.17617901  68.9102665   68.9102665  116.84965117 116.84965117 150.72649353 150.72649353 179.29926413 179.29926413]
WROR:
    iter_times, elapsed_time, sqdiff: 300, 0.671057939529419, 2.3799255298860302
    MSN: Tensor(
        [[-1.55372376-0.43336785j  0.71227621+0.9954667j  -0.02456436+1.44605478j  0.31200425-0.02800499j]
         [-0.3157313 +0.33465771j  0.81600103+0.07277379j  0.85981341+0.38056535j  0.87820887+0.65423175j]
         [ 0.25690897+0.01003004j -0.02639362+0.49958147j  0.01317419+0.4706584j  -0.4510101 +1.43511177j]
         [ 0.09761272+0.36651779j  0.4687991 -0.18671564j  0.67044448-0.04599938j  0.60341062+0.46353552j]]
        labels=['kl', 'kr'],
        shape=(4, 4),
    )
    grad_by_reM_reM: Tensor(
        [-7.36910533e-14-1.97064587e-15j  9.20791221e-15-1.11022302e-15j  9.76996262e-15-1.38777878e-15j  1.58761893e-14-2.05391260e-15j -2.66453526e-15+1.11022302e-16j  1.04638520e-14+5.55111512e-16j -1.12687637e-14-6.66133815e-16j -2.16493490e-14-8.32667268e-16j]
        labels=[('kl', 'BfJFotMx')],
        shape=(8,),
    )
    grad_by_imM_imM: Tensor(
        [ 3.16691118e-14+1.27675648e-15j  1.42663659e-14+1.04083409e-16j  5.15698595e-14-1.77635684e-15j -9.71445147e-15-9.99200722e-16j -1.11022302e-16+6.66133815e-16j -3.21964677e-15+1.47104551e-15j  1.57651669e-14-2.72004641e-15j -2.83106871e-15+1.52655666e-15j]
        labels=[('kl', 'BfJFotMx')],
        shape=(8,),
    )
    hessian_by_M_M: [[ 8.09711968e+01 -4.55110693e+00 -2.22145693e-02  7.75452342e+00  1.30554079e+01 -1.27766833e+01 -3.05467366e+01 -9.85543471e+00  0.00000000e+00 -1.52043362e+01  1.31437639e+01 -1.22193566e+01  2.12262758e+00  5.33449412e+00  5.31387841e+00  1.79908027e+01]
     [-4.55110693e+00  3.80552844e+01  1.98947465e+00 -1.14981524e+01  4.34159400e+00  8.30752994e+00 -6.66831861e+00 -5.18121446e+00  1.52043362e+01  0.00000000e+00 -1.89677594e+00  1.10129287e+01  1.02812087e+01  1.17769821e+00 -5.33468165e+00 -2.00689464e-01]
     [-2.22145693e-02  1.98947465e+00  1.02740855e+02 -2.19268864e+01  3.05863192e+00 -1.96320082e+00 -2.64294339e+00 -7.36696491e+00 -1.31437639e+01  1.89677594e+00  0.00000000e+00 -2.32558382e+01 -5.07550458e+00  1.44100414e+01  1.07095023e+01  6.23973671e+00]
     [ 7.75452342e+00 -1.14981524e+01 -2.19268864e+01  3.94315362e+01 -6.29635738e+00 -6.86591133e+00 -5.68390245e+00  4.86850064e+00  1.22193566e+01 -1.10129287e+01  2.32558382e+01  0.00000000e+00 -9.07802200e+00 -2.43140702e+00 -6.22541209e+00  6.49386419e+00]
     [ 1.30554079e+01  4.34159400e+00  3.05863192e+00 -6.29635738e+00  6.60290374e+01 -8.78594470e+00 -2.37358021e+00 -9.50374662e-01 -2.12262758e+00 -1.02812087e+01  5.07550458e+00  9.07802200e+00  0.00000000e+00 -1.37775300e+01  1.66334623e+01 -8.39621860e+00]
     [-1.27766833e+01  8.30752994e+00 -1.96320082e+00 -6.86591133e+00 -8.78594470e+00  2.67164754e+01 -2.30125850e+01  1.32888490e+01 -5.33449412e+00 -1.17769821e+00 -1.44100414e+01  2.43140702e+00  1.37775300e+01  0.00000000e+00  1.16365000e+01  3.13063062e+00]
     [-3.05467366e+01 -6.66831861e+00 -2.64294339e+00 -5.68390245e+00 -2.37358021e+00 -2.30125850e+01  1.05581718e+02 -1.43637688e+01 -5.31387841e+00  5.33468165e+00 -1.07095023e+01  6.22541209e+00 -1.66334623e+01 -1.16365000e+01  0.00000000e+00 -1.91849917e+01]
     [-9.85543471e+00 -5.18121446e+00 -7.36696491e+00  4.86850064e+00 -9.50374662e-01  1.32888490e+01 -1.43637688e+01  4.05082844e+01 -1.79908027e+01  2.00689464e-01 -6.23973671e+00 -6.49386419e+00  8.39621860e+00 -3.13063062e+00  1.91849917e+01  0.00000000e+00]
     [ 0.00000000e+00  1.52043362e+01 -1.31437639e+01  1.22193566e+01 -2.12262758e+00 -5.33449412e+00 -5.31387841e+00 -1.79908027e+01  8.09711968e+01 -4.55110693e+00 -2.22145693e-02  7.75452342e+00  1.30554079e+01 -1.27766833e+01 -3.05467366e+01 -9.85543471e+00]
     [-1.52043362e+01  0.00000000e+00  1.89677594e+00 -1.10129287e+01 -1.02812087e+01 -1.17769821e+00  5.33468165e+00  2.00689464e-01 -4.55110693e+00  3.80552844e+01  1.98947465e+00 -1.14981524e+01  4.34159400e+00  8.30752994e+00 -6.66831861e+00 -5.18121446e+00]
     [ 1.31437639e+01 -1.89677594e+00  0.00000000e+00  2.32558382e+01  5.07550458e+00 -1.44100414e+01 -1.07095023e+01 -6.23973671e+00 -2.22145693e-02  1.98947465e+00  1.02740855e+02 -2.19268864e+01  3.05863192e+00 -1.96320082e+00 -2.64294339e+00 -7.36696491e+00]
     [-1.22193566e+01  1.10129287e+01 -2.32558382e+01  0.00000000e+00  9.07802200e+00  2.43140702e+00  6.22541209e+00 -6.49386419e+00  7.75452342e+00 -1.14981524e+01 -2.19268864e+01  3.94315362e+01 -6.29635738e+00 -6.86591133e+00 -5.68390245e+00  4.86850064e+00]
     [ 2.12262758e+00  1.02812087e+01 -5.07550458e+00 -9.07802200e+00  0.00000000e+00  1.37775300e+01 -1.66334623e+01  8.39621860e+00  1.30554079e+01  4.34159400e+00  3.05863192e+00 -6.29635738e+00  6.60290374e+01 -8.78594470e+00 -2.37358021e+00 -9.50374662e-01]
     [ 5.33449412e+00  1.17769821e+00  1.44100414e+01 -2.43140702e+00 -1.37775300e+01  0.00000000e+00 -1.16365000e+01 -3.13063062e+00 -1.27766833e+01  8.30752994e+00 -1.96320082e+00 -6.86591133e+00 -8.78594470e+00  2.67164754e+01 -2.30125850e+01  1.32888490e+01]
     [ 5.31387841e+00 -5.33468165e+00  1.07095023e+01 -6.22541209e+00  1.66334623e+01  1.16365000e+01  0.00000000e+00  1.91849917e+01 -3.05467366e+01 -6.66831861e+00 -2.64294339e+00 -5.68390245e+00 -2.37358021e+00 -2.30125850e+01  1.05581718e+02 -1.43637688e+01]
     [ 1.79908027e+01 -2.00689464e-01  6.23973671e+00  6.49386419e+00 -8.39621860e+00  3.13063062e+00 -1.91849917e+01  0.00000000e+00 -9.85543471e+00 -5.18121446e+00 -7.36696491e+00  4.86850064e+00 -9.50374662e-01  1.32888490e+01 -1.43637688e+01  4.05082844e+01]]
    eigvals of hessian_by_M_M: [  5.31129833   5.31129833  10.218182    10.218182    22.27580663  22.27580663  40.36252619  40.36252619  57.23515035  57.23515035  92.92390765  92.92390765 120.74402987 120.74402987 150.96348649 150.96348649]
IWROR:
    iter_times, elapsed_time, sqdiff: 300, 0.6729481220245361, 2.3799255298860342
    MSN: Tensor(
        [[-1.55372376-0.43336785j  0.71227621+0.9954667j  -0.02456436+1.44605478j  0.31200425-0.02800499j]
         [-0.3157313 +0.33465771j  0.81600103+0.07277379j  0.85981341+0.38056535j  0.87820887+0.65423175j]
         [ 0.25690897+0.01003004j -0.02639362+0.49958147j  0.01317419+0.4706584j  -0.4510101 +1.43511177j]
         [ 0.09761272+0.36651779j  0.4687991 -0.18671564j  0.67044448-0.04599938j  0.60341062+0.46353552j]]
        labels=['kl', 'kr'],
        shape=(4, 4),
    )
    grad_by_reM_reM: Tensor(
        [ 8.44185832e-14-3.44169138e-15j  5.53029844e-15+1.30451205e-15j -1.22124533e-14+1.83186799e-15j -2.48689958e-14+1.11022302e-16j  3.82749388e-14-4.44089210e-16j -1.07830411e-14+2.77555756e-16j -2.55351296e-14-3.21964677e-15j  4.53456717e-15+2.22044605e-15j]
        labels=[('kl', 'BfJFotMx')],
        shape=(8,),
    )
    grad_by_imM_imM: Tensor(
        [-2.98649994e-14+9.15933995e-16j  3.61655150e-14+8.53483950e-16j  3.76920717e-14-8.88178420e-16j -6.98885394e-14-1.55431223e-15j  1.11022302e-13+1.30451205e-15j  1.32671651e-14-1.20736754e-15j  8.77076189e-15+1.99840144e-15j -3.63042929e-14+2.75127143e-15j]
        labels=[('kl', 'BfJFotMx')],
        shape=(8,),
    )
    hessian_by_M_M: [[ 82.6944782   -0.92529156  -1.40321929   9.40449239  13.29286959 -10.92904696 -29.75818487 -10.47550761   0.         -21.57042933  13.26923289  -9.83945328   4.5823809    1.27296612   6.16813053  17.20301025]
     [ -0.92529156  30.24461626   0.64654848  -6.36600869   4.78875724   6.39626524  -7.57025957  -6.57441704  21.57042933   0.          -0.95748339   8.33648522   8.96450446  -1.47695608  -7.07200594  -0.58737635]
     [ -1.40321929   0.64654848 103.48191131 -13.86830479   6.02751128  -4.47759126  -1.29058373  -6.18229505 -13.26923289   0.95748339   0.         -34.00198413  -5.92450465  10.07459834  11.69030446   4.69160425]
     [  9.40449239  -6.36600869 -13.86830479  34.08618301  -5.97525882  -7.05936397  -6.8672172    1.80633931   9.83945328  -8.33648522  34.00198413   0.          -4.98448708  -1.25338108  -4.88136883   4.24567184]
     [ 13.29286959   4.78875724   6.02751128  -5.97525882  66.92338949  -4.70309522  -5.07974837   2.23853163  -4.5823809   -8.96450446   5.92450465   4.98448708   0.         -19.93023299  14.97300562  -4.96394936]
     [-10.92904696   6.39626524  -4.47759126  -7.05936397  -4.70309522  22.35368599 -19.29576107  11.32055096  -1.27296612   1.47695608 -10.07459834   1.25338108  19.93023299   0.          11.50883618   4.98823384]
     [-29.75818487  -7.57025957  -1.29058373  -6.8672172   -5.07974837 -19.29576107 107.68978105  -8.2173384   -6.16813053   7.07200594 -11.69030446   4.88136883 -14.97300562 -11.50883618   0.         -29.87315901]
     [-10.47550761  -6.57441704  -6.18229505   1.80633931   2.23853163  11.32055096  -8.2173384   33.64050603 -17.20301025   0.58737635  -4.69160425  -4.24567184   4.96394936  -4.98823384  29.87315901   0.        ]
     [  0.          21.57042933 -13.26923289   9.83945328  -4.5823809   -1.27296612  -6.16813053 -17.20301025  82.6944782   -0.92529156  -1.40321929   9.40449239  13.29286959 -10.92904696 -29.75818487 -10.47550761]
     [-21.57042933   0.           0.95748339  -8.33648522  -8.96450446   1.47695608   7.07200594   0.58737635  -0.92529156  30.24461626   0.64654848  -6.36600869   4.78875724   6.39626524  -7.57025957  -6.57441704]
     [ 13.26923289  -0.95748339   0.          34.00198413   5.92450465 -10.07459834 -11.69030446  -4.69160425  -1.40321929   0.64654848 103.48191131 -13.86830479   6.02751128  -4.47759126  -1.29058373  -6.18229505]
     [ -9.83945328   8.33648522 -34.00198413   0.           4.98448708   1.25338108   4.88136883  -4.24567184   9.40449239  -6.36600869 -13.86830479  34.08618301  -5.97525882  -7.05936397  -6.8672172    1.80633931]
     [  4.5823809    8.96450446  -5.92450465  -4.98448708   0.          19.93023299 -14.97300562   4.96394936  13.29286959   4.78875724   6.02751128  -5.97525882  66.92338949  -4.70309522  -5.07974837   2.23853163]
     [  1.27296612  -1.47695608  10.07459834  -1.25338108 -19.93023299   0.         -11.50883618  -4.98823384 -10.92904696   6.39626524  -4.47759126  -7.05936397  -4.70309522  22.35368599 -19.29576107  11.32055096]
     [  6.16813053  -7.07200594  11.69030446  -4.88136883  14.97300562  11.50883618   0.          29.87315901 -29.75818487  -7.57025957  -1.29058373  -6.8672172   -5.07974837 -19.29576107 107.68978105  -8.2173384 ]
     [ 17.20301025  -0.58737635   4.69160425   4.24567184  -4.96394936   4.98823384 -29.87315901   0.         -10.47550761  -6.57441704  -6.18229505   1.80633931   2.23853163  11.32055096  -8.2173384   33.64050603]]
    eigvals of hessian_by_M_M: [  3.8248923    3.8248923    7.21477539   7.21477539  15.64181154  15.64181154  29.85398457  29.85398457  58.45756677  58.45756677  89.86240755  89.86240755 118.50638519 118.50638519 157.75272804 157.75272804]
WLBOR:
    iter_times, elapsed_time, sqdiff: 300, 1.5740232467651367, 2.3799255298860285
    MSN: Tensor(
        [[-1.55372376-0.43336786j  0.71227621+0.9954667j  -0.02456436+1.44605478j  0.31200425-0.02800499j]
         [-0.3157313 +0.33465771j  0.81600103+0.07277379j  0.8598134 +0.38056535j  0.87820887+0.65423175j]
         [ 0.25690898+0.01003004j -0.02639363+0.49958147j  0.01317419+0.4706584j  -0.4510101 +1.43511177j]
         [ 0.09761272+0.36651778j  0.4687991 -0.18671564j  0.67044448-0.04599938j  0.60341062+0.46353552j]]
        labels=['kl', 'kr'],
        shape=(4, 4),
    )
    grad_by_reM_reM: Tensor(
        [-1.19442909e-08-1.59594560e-15j  2.08915879e-09+9.43689571e-16j  2.29768930e-08+8.88178420e-16j  1.85579546e-08+8.32667268e-16j -1.15304811e-08-1.22124533e-15j  1.85581336e-08+2.22044605e-16j -5.48759904e-09-1.38777878e-16j -4.51895271e-08-3.83026943e-15j]
        labels=[('kl', 'BfJFotMx')],
        shape=(8,),
    )
    grad_by_imM_imM: Tensor(
        [-5.32738478e-10+4.99600361e-16j  5.28561234e-09-7.49400542e-16j  6.42213016e-09-7.49400542e-16j  1.52094453e-08-5.55111512e-16j -2.20666854e-08-1.22124533e-15j  1.80264597e-08+1.49880108e-15j -1.18054160e-08-2.44249065e-15j  2.09501443e-08+1.47104551e-15j]
        labels=[('kl', 'BfJFotMx')],
        shape=(8,),
    )
    hessian_by_M_M: [[104.53582242 -15.42070491   2.52245908   9.9822489   17.2102424  -12.76620395 -43.513232    -6.3143014    0.         -21.90361531  18.18420625 -14.66056014  -5.47585796  12.73142238   4.05631508  26.09776734]
     [-15.42070491  70.32906578   3.78626695 -26.35531509  -3.0337407   15.57612911  -8.05899964  -4.43818172  21.90361531   0.         -10.84315287  20.63989538  18.17473967   8.468168    -5.48382207   1.14580478]
     [  2.52245908   3.78626695 133.6092528  -41.996596   -10.07410822   6.46716312  -7.85587482  -6.38910837 -18.18420625  10.84315287   0.         -16.59855697  -3.43397796  24.12551327  11.4423712    7.84923479]
     [  9.9822489  -26.35531509 -41.996596    68.42913268  -1.13118142  -5.71975476  -8.06480349  13.62769985  14.66056014 -20.63989538  16.59855697   0.         -18.9148927   -6.54780769  -7.87387095  14.16722234]
     [ 17.2102424   -3.0337407  -10.07410822  -1.13118142  85.3209767  -19.30833137   9.7955751  -13.22806707   5.47585796 -18.17473967   3.43397796  18.9148927    0.         -13.52945683  28.14329    -15.88166523]
     [-12.76620395  15.57612911   6.46716312  -5.71975476 -19.30833137  47.65534057 -38.22761123  19.349562   -12.73142238  -8.468168   -24.12551327   6.54780769  13.52945683   0.          10.45539282  -0.20498386]
     [-43.513232    -8.05899964  -7.85587482  -8.06480349   9.7955751  -38.22761123 133.15170805 -29.21423473  -4.05631508   5.48382207 -11.4423712    7.87387095 -28.14329    -10.45539282   0.         -16.66603744]
     [ -6.3143014   -4.43818172  -6.38910837  13.62769985 -13.22806707  19.349562   -29.21423473  73.69508137 -26.09776734  -1.14580478  -7.84923479 -14.16722234  15.88166523   0.20498386  16.66603744   0.        ]
     [  0.          21.90361531 -18.18420625  14.66056014   5.47585796 -12.73142238  -4.05631508 -26.09776734 104.53582242 -15.42070491   2.52245908   9.9822489   17.2102424  -12.76620395 -43.513232    -6.3143014 ]
     [-21.90361531   0.          10.84315287 -20.63989538 -18.17473967  -8.468168     5.48382207  -1.14580478 -15.42070491  70.32906578   3.78626695 -26.35531509  -3.0337407   15.57612911  -8.05899964  -4.43818172]
     [ 18.18420625 -10.84315287   0.          16.59855697   3.43397796 -24.12551327 -11.4423712   -7.84923479   2.52245908   3.78626695 133.6092528  -41.996596   -10.07410822   6.46716312  -7.85587482  -6.38910837]
     [-14.66056014  20.63989538 -16.59855697   0.          18.9148927    6.54780769   7.87387095 -14.16722234   9.9822489  -26.35531509 -41.996596    68.42913268  -1.13118142  -5.71975476  -8.06480349  13.62769985]
     [ -5.47585796  18.17473967  -3.43397796 -18.9148927    0.          13.52945683 -28.14329     15.88166523  17.2102424   -3.0337407  -10.07410822  -1.13118142  85.3209767  -19.30833137   9.7955751  -13.22806707]
     [ 12.73142238   8.468168    24.12551327  -6.54780769 -13.52945683   0.         -10.45539282   0.20498386 -12.76620395  15.57612911   6.46716312  -5.71975476 -19.30833137  47.65534057 -38.22761123  19.349562  ]
     [  4.05631508  -5.48382207  11.4423712   -7.87387095  28.14329     10.45539282   0.          16.66603744 -43.513232    -8.05899964  -7.85587482  -8.06480349   9.7955751  -38.22761123 133.15170805 -29.21423473]
     [ 26.09776734   1.14580478   7.84923479  14.16722234 -15.88166523  -0.20498386 -16.66603744   0.          -6.3143014   -4.43818172  -6.38910837  13.62769985 -13.22806707  19.349562   -29.21423473  73.69508137]]
    eigvals of hessian_by_M_M: [  9.01253021   9.01253021  18.3989814   18.3989814   43.4533282   43.4533282   55.40680256  55.40680256  72.73071726  72.73071726 134.53832381 134.53832381 181.19327571 181.19327571 201.99242125 201.99242125]
WNAG:
    iter_times, elapsed_time, sqdiff: 300, 0.7046349048614502, 2.3879862101424516
    MSN: Tensor(
        [[-1.55074617-0.44720975j  0.70385275+1.0022513j  -0.03733318+1.44661423j  0.31223573-0.02532748j]
         [-0.31882811+0.33248538j  0.81620248+0.07980463j  0.85751399+0.38832505j  0.87325187+0.66260188j]
         [ 0.25646021+0.01252313j -0.03032741+0.50000081j  0.00939897+0.47172112j -0.46394494+1.43249277j]
         [ 0.09446575+0.36787607j  0.4709977 -0.1828375j   0.67165153-0.04014795j  0.59994522+0.46931433j]]
        labels=['kl', 'kr'],
        shape=(4, 4),
    )
    grad_by_reM_reM: Tensor(
        [ 0.06057885+6.21724894e-15j -0.26983297-1.72084569e-15j  0.83098815-1.11022302e-15j -0.34919186+9.43689571e-16j  0.454731  +6.66133815e-16j -0.29608279-1.77635684e-15j  1.32350744+3.99680289e-15j -0.56664765-2.55351296e-15j]
        labels=[('kl', 'BfJFotMx')],
        shape=(8,),
    )
    grad_by_imM_imM: Tensor(
        [ 1.25575134-9.25648447e-15j -0.62895691+5.41233725e-15j -0.74518149+4.44089210e-16j  0.40370841-3.33066907e-16j  0.62458242+7.77156117e-15j -0.31236596-3.69149156e-15j -0.62019462-7.77156117e-16j  0.39511614+2.77555756e-16j]
        labels=[('kl', 'BfJFotMx')],
        shape=(8,),
    )
    hessian_by_M_M: [[ 535.36301258 -261.36407611 -167.15841857   78.76993899  100.26951424  -73.61998179  -54.93829076    7.99165517    0.           61.07119509  115.53799871  -81.24235603  148.27849168  -59.82108086   55.80154613  -32.98319998]
     [-261.36407611  137.8656067   100.19878153  -50.07840647  -29.32511737   27.92754835   27.53809203   -6.92457291  -61.07119509    0.          -41.49913729   34.0604233   -79.62485768   35.53805529  -13.63686188   10.96044646]
     [-167.15841857  100.19878153  517.06140956 -254.95370425  100.32394127  -41.15553347  104.19276995  -72.00887603 -115.53799871   41.49913729    0.           45.18309411  -71.44116307   41.92954286  123.32845736  -51.26218145]
     [  78.76993899  -50.07840647 -254.95370425  133.32104082  -54.27878146   21.93183767  -42.07999089   31.54728355   81.24235603  -34.0604233   -45.18309411    0.           30.39262302  -18.91088264  -70.42737836   32.18249279]
     [ 100.26951424  -29.32511737  100.32394127  -54.27878146  369.58876418 -180.49683828  -41.75040057   12.99888428 -148.27849168   79.62485768   71.44116307  -30.39262302    0.           37.28189556  -34.34445807   13.0792809 ]
     [ -73.61998179   27.92754835  -41.15553347   21.93183767 -180.49683828   94.44034549    5.36367067    0.72446871   59.82108086  -35.53805529  -41.92954286   18.91088264  -37.28189556    0.           28.24308372  -11.5401482 ]
     [ -54.93829076   27.53809203  104.19276995  -42.07999089  -41.75040057    5.36367067  607.77356323 -296.12888695  -55.80154613   13.63686188 -123.32845736   70.42737836   34.34445807  -28.24308372    0.           60.51177812]
     [   7.99165517   -6.92457291  -72.00887603   31.54728355   12.99888428    0.72446871 -296.12888695  154.11425455   32.98319998  -10.96044646   51.26218145  -32.18249279  -13.0792809    11.5401482   -60.51177812    0.        ]
     [   0.          -61.07119509 -115.53799871   81.24235603 -148.27849168   59.82108086  -55.80154613   32.98319998  535.36301258 -261.36407611 -167.15841857   78.76993899  100.26951424  -73.61998179  -54.93829076    7.99165517]
     [  61.07119509    0.           41.49913729  -34.0604233    79.62485768  -35.53805529   13.63686188  -10.96044646 -261.36407611  137.8656067   100.19878153  -50.07840647  -29.32511737   27.92754835   27.53809203   -6.92457291]
     [ 115.53799871  -41.49913729    0.          -45.18309411   71.44116307  -41.92954286 -123.32845736   51.26218145 -167.15841857  100.19878153  517.06140956 -254.95370425  100.32394127  -41.15553347  104.19276995  -72.00887603]
     [ -81.24235603   34.0604233    45.18309411    0.          -30.39262302   18.91088264   70.42737836  -32.18249279   78.76993899  -50.07840647 -254.95370425  133.32104082  -54.27878146   21.93183767  -42.07999089   31.54728355]
     [ 148.27849168  -79.62485768  -71.44116307   30.39262302    0.          -37.28189556   34.34445807  -13.0792809   100.26951424  -29.32511737  100.32394127  -54.27878146  369.58876418 -180.49683828  -41.75040057   12.99888428]
     [ -59.82108086   35.53805529   41.92954286  -18.91088264   37.28189556    0.          -28.24308372   11.5401482   -73.61998179   27.92754835  -41.15553347   21.93183767 -180.49683828   94.44034549    5.36367067    0.72446871]
     [  55.80154613  -13.63686188  123.32845736  -70.42737836  -34.34445807   28.24308372    0.          -60.51177812  -54.93829076   27.53809203  104.19276995  -42.07999089  -41.75040057    5.36367067  607.77356323 -296.12888695]
     [ -32.98319998   10.96044646  -51.26218145   32.18249279   13.0792809   -11.5401482    60.51177812    0.            7.99165517   -6.92457291  -72.00887603   31.54728355   12.99888428    0.72446871 -296.12888695  154.11425455]]
    eigvals of hessian_by_M_M: [5.16827623e-01 5.16827623e-01 1.62693102e+00 1.62693102e+00 2.60872561e+00 2.60872561e+00 3.96083269e+00 3.96083269e+00 2.10632029e+02 2.10632029e+02 4.74631012e+02 4.74631012e+02 7.49159426e+02 7.49159426e+02 1.10639221e+03 1.10639221e+03]
SNAG:
    iter_times, elapsed_time, sqdiff: 300, 0.6589541435241699, 2.379925529886031
    MSN: Tensor(
        [[-1.55372376-0.43336785j  0.71227621+0.9954667j  -0.02456436+1.44605478j  0.31200425-0.02800499j]
         [-0.3157313 +0.33465771j  0.81600103+0.07277379j  0.85981341+0.38056535j  0.87820887+0.65423175j]
         [ 0.25690897+0.01003004j -0.02639362+0.49958147j  0.01317419+0.4706584j  -0.4510101 +1.43511177j]
         [ 0.09761272+0.36651779j  0.4687991 -0.18671564j  0.67044448-0.04599938j  0.60341062+0.46353552j]]
        labels=['kl', 'kr'],
        shape=(4, 4),
    )
    grad_by_reM_reM: Tensor(
        [ 9.75608483e-15-2.85882429e-15j  4.55191440e-15-3.60822483e-16j -1.39888101e-14-6.66133815e-16j -1.63757896e-15+2.77555756e-17j  6.35602682e-15+5.55111512e-16j -2.77555756e-15+5.27355937e-16j -6.48092691e-15+6.10622664e-16j -4.91273688e-15+1.38777878e-16j]
        labels=[('kl', 'BfJFotMx')],
        shape=(8,),
    )
    grad_by_imM_imM: Tensor(
        [-1.52655666e-15+7.63278329e-16j  3.96904731e-15-1.26287869e-15j  8.54871729e-15-6.66133815e-16j -3.80251386e-15+1.38777878e-16j  1.03250741e-14-1.30451205e-15j -1.30451205e-15-5.55111512e-17j  1.65978342e-14-1.80411242e-16j -1.07136522e-14+3.60822483e-16j]
        labels=[('kl', 'BfJFotMx')],
        shape=(8,),
    )
    hessian_by_M_M: [[ 2.90344340e+01  1.98457760e+00 -5.51648359e+00 -2.13414945e+00  4.23234562e+00 -4.32705334e+00 -7.66979530e+00 -3.49926940e+00  0.00000000e+00  1.26378630e+01  4.01141899e+00 -3.94818354e+00  8.84749169e+00  2.97498667e+00  4.76945524e+00 -1.31320204e+00]
     [ 1.98457760e+00  6.98991594e+00  2.27103629e+00 -2.43170944e+00  4.34392429e+00  1.28460902e+00  3.68035262e-01 -7.98812780e-01 -1.26378630e+01  0.00000000e+00  3.56336255e+00  1.51852523e+00 -1.15423789e+00  2.01141592e+00  2.84107996e+00  7.79214722e-01]
     [-5.51648359e+00  2.27103629e+00  2.55342027e+01  1.54633907e-01  3.78487221e+00  4.58904956e-01  2.26853317e+00 -3.65154001e+00 -4.01141899e+00 -3.56336255e+00  0.00000000e+00  1.02916430e+01 -2.80377993e+00  1.95059847e+00  6.25255256e+00  2.31406263e+00]
     [-2.13414945e+00 -2.43170944e+00  1.54633907e-01  5.79673242e+00 -2.43031339e+00  4.19195182e-01  2.38181588e+00  1.25771202e+00  3.94818354e+00 -1.51852523e+00 -1.02916430e+01  0.00000000e+00 -1.54731208e+00 -7.61486363e-01 -1.56387204e+00  1.63085633e+00]
     [ 4.23234562e+00  4.34392429e+00  3.78487221e+00 -2.43031339e+00  1.94807706e+01  7.99014363e-01 -5.91910963e+00  2.06622403e-02 -8.84749169e+00  1.15423789e+00  2.80377993e+00  1.54731208e+00  0.00000000e+00  8.08183654e+00  5.48758960e-01 -1.28633586e+00]
     [-4.32705334e+00  1.28460902e+00  4.58904956e-01  4.19195182e-01  7.99014363e-01  4.45282750e+00 -1.34064303e+00 -1.46065631e-02 -2.97498667e+00 -2.01141592e+00 -1.95059847e+00  7.61486363e-01 -8.08183654e+00  0.00000000e+00  2.44235870e+00 -3.75012645e-01]
     [-7.66979530e+00  3.68035262e-01  2.26853317e+00  2.38181588e+00 -5.91910963e+00 -1.34064303e+00  3.18756167e+01  1.09035961e+00 -4.76945524e+00 -2.84107996e+00 -6.25255256e+00  1.56387204e+00 -5.48758960e-01 -2.44235870e+00  0.00000000e+00  1.32305576e+01]
     [-3.49926940e+00 -7.98812780e-01 -3.65154001e+00  1.25771202e+00  2.06622403e-02 -1.46065631e-02  1.09035961e+00  7.14198114e+00  1.31320204e+00 -7.79214722e-01 -2.31406263e+00 -1.63085633e+00  1.28633586e+00  3.75012645e-01 -1.32305576e+01  0.00000000e+00]
     [ 0.00000000e+00 -1.26378630e+01 -4.01141899e+00  3.94818354e+00 -8.84749169e+00 -2.97498667e+00 -4.76945524e+00  1.31320204e+00  2.90344340e+01  1.98457760e+00 -5.51648359e+00 -2.13414945e+00  4.23234562e+00 -4.32705334e+00 -7.66979530e+00 -3.49926940e+00]
     [ 1.26378630e+01  0.00000000e+00 -3.56336255e+00 -1.51852523e+00  1.15423789e+00 -2.01141592e+00 -2.84107996e+00 -7.79214722e-01  1.98457760e+00  6.98991594e+00  2.27103629e+00 -2.43170944e+00  4.34392429e+00  1.28460902e+00  3.68035262e-01 -7.98812780e-01]
     [ 4.01141899e+00  3.56336255e+00  0.00000000e+00 -1.02916430e+01  2.80377993e+00 -1.95059847e+00 -6.25255256e+00 -2.31406263e+00 -5.51648359e+00  2.27103629e+00  2.55342027e+01  1.54633907e-01  3.78487221e+00  4.58904956e-01  2.26853317e+00 -3.65154001e+00]
     [-3.94818354e+00  1.51852523e+00  1.02916430e+01  0.00000000e+00  1.54731208e+00  7.61486363e-01  1.56387204e+00 -1.63085633e+00 -2.13414945e+00 -2.43170944e+00  1.54633907e-01  5.79673242e+00 -2.43031339e+00  4.19195182e-01  2.38181588e+00  1.25771202e+00]
     [ 8.84749169e+00 -1.15423789e+00 -2.80377993e+00 -1.54731208e+00  0.00000000e+00 -8.08183654e+00 -5.48758960e-01  1.28633586e+00  4.23234562e+00  4.34392429e+00  3.78487221e+00 -2.43031339e+00  1.94807706e+01  7.99014363e-01 -5.91910963e+00  2.06622403e-02]
     [ 2.97498667e+00  2.01141592e+00  1.95059847e+00 -7.61486363e-01  8.08183654e+00  0.00000000e+00 -2.44235870e+00  3.75012645e-01 -4.32705334e+00  1.28460902e+00  4.58904956e-01  4.19195182e-01  7.99014363e-01  4.45282750e+00 -1.34064303e+00 -1.46065631e-02]
     [ 4.76945524e+00  2.84107996e+00  6.25255256e+00 -1.56387204e+00  5.48758960e-01  2.44235870e+00  0.00000000e+00 -1.32305576e+01 -7.66979530e+00  3.68035262e-01  2.26853317e+00  2.38181588e+00 -5.91910963e+00 -1.34064303e+00  3.18756167e+01  1.09035961e+00]
     [-1.31320204e+00  7.79214722e-01  2.31406263e+00  1.63085633e+00 -1.28633586e+00 -3.75012645e-01  1.32305576e+01  0.00000000e+00 -3.49926940e+00 -7.98812780e-01 -3.65154001e+00  1.25771202e+00  2.06622403e-02 -1.46065631e-02  1.09035961e+00  7.14198114e+00]]
    eigvals of hessian_by_M_M: [ 0.22233347  0.22233347  0.66888907  0.66888907  1.23907263  1.23907263  1.82928379  1.82928379 10.74222313 10.74222313 25.23175639 25.23175639 34.41487223 34.41487223 55.95805037 55.95805037]
SSpiral(8):
    iter_times, elapsed_time, sqdiff: 300, 1.0384280681610107, 2.379925529886032
    MSN: Tensor(
        [[-1.55372376-0.43336785j  0.71227621+0.9954667j  -0.02456436+1.44605478j  0.31200425-0.02800499j]
         [-0.3157313 +0.33465771j  0.81600103+0.07277379j  0.85981341+0.38056535j  0.87820887+0.65423175j]
         [ 0.25690897+0.01003004j -0.02639362+0.49958147j  0.01317419+0.4706584j  -0.4510101 +1.43511177j]
         [ 0.09761272+0.36651779j  0.4687991 -0.18671564j  0.67044448-0.04599938j  0.60341062+0.46353552j]]
        labels=['kl', 'kr'],
        shape=(4, 4),
    )
    grad_by_reM_reM: Tensor(
        [-2.91815183e-13+8.88178420e-16j  1.19165788e-12-3.80251386e-15j  5.08343367e-13-5.55111512e-16j -2.37798670e-12+3.77475828e-15j -6.92446100e-13+5.13478149e-16j  1.76059167e-12-1.94289029e-15j  3.62876396e-13-1.87350135e-16j  1.21336274e-12-1.74860126e-15j]
        labels=[('kl', 'BfJFotMx')],
        shape=(8,),
    )
    grad_by_imM_imM: Tensor(
        [-2.74461009e-13-4.78783679e-16j  2.99343883e-13+5.16253706e-15j -3.74367204e-13+0.00000000e+00j  1.64912528e-12+1.66533454e-15j -3.28639893e-13+0.00000000e+00j  4.06730205e-13-4.44089210e-16j -3.70752040e-13+2.77555756e-16j  2.76417778e-13+9.99200722e-16j]
        labels=[('kl', 'BfJFotMx')],
        shape=(8,),
    )
    hessian_by_M_M: [[ 3.66751463e+00 -1.01243687e+01 -1.03309756e-02  1.09465879e+00  4.48449367e-01  4.41039473e-01 -1.78068800e+00  4.74513681e+00  0.00000000e+00  9.11706360e-01  3.71846133e-01 -1.43114626e+00  4.63888943e-01 -4.12623158e+00  5.23557642e-01 -2.76177746e+00]
     [-1.01243687e+01  9.56696073e+01  2.91357455e+00 -3.61380232e+01 -2.35335206e+00  1.89940189e+01  3.27158391e+00 -6.76283409e+00 -9.11706360e-01  0.00000000e+00  2.91109896e-01  2.34786017e+01 -5.03527262e+00  2.46005446e+01 -2.71314718e+00  8.05612505e+00]
     [-1.03309756e-02  2.91357455e+00  3.40939014e+00 -4.44971414e+00 -5.67198148e-01  3.87086087e-01 -4.12052763e-01  2.90521781e-01 -3.71846133e-01 -2.91109896e-01  0.00000000e+00  2.91743383e-01 -3.79843505e-02 -3.03839465e+00  5.30512612e-01 -2.51678740e+00]
     [ 1.09465879e+00 -3.61380232e+01 -4.44971414e+00  8.35712830e+01  1.37031927e+00  5.39075195e+00  2.58927424e-02  1.99225819e+01  1.43114626e+00 -2.34786017e+01 -2.91743383e-01  0.00000000e+00  3.76321637e+00 -1.10618670e+01 -2.27201280e+00  2.21914883e+01]
     [ 4.48449367e-01 -2.35335206e+00 -5.67198148e-01  1.37031927e+00  2.55005767e+00 -5.22235490e+00 -2.21686245e-01  1.93946052e+00 -4.63888943e-01  5.03527262e+00  3.79843505e-02 -3.76321637e+00  0.00000000e+00  2.55342654e-01  8.69566828e-01  3.42160621e+00]
     [ 4.41039473e-01  1.89940189e+01  3.87086087e-01  5.39075195e+00 -5.22235490e+00  6.20793982e+01  3.60195219e+00  6.06123960e+00  4.12623158e+00 -2.46005446e+01  3.03839465e+00  1.10618670e+01 -2.55342654e-01  0.00000000e+00 -4.34365018e+00 -6.22845719e+00]
     [-1.78068800e+00  3.27158391e+00 -4.12052763e-01  2.58927424e-02 -2.21686245e-01  3.60195219e+00  3.94189819e+00 -8.19442614e+00 -5.23557642e-01  2.71314718e+00 -5.30512612e-01  2.27201280e+00 -8.69566828e-01  4.34365018e+00  0.00000000e+00 -4.25064810e-01]
