b=4, chi=2, seed=700, 
NOR:
    iter_times, elapsed_time, sqdiff: 300, 0.4401829242706299, 0.7768869089576683
    MSN: Tensor(
        [[ 0.37723614-6.16278314e-01j  0.31111163-1.16314041e+00j -0.58412172-6.09676826e-01j -0.29669504+2.66309733e-03j]
         [-0.7047696 -6.44946140e-01j -0.44234097+1.16945719e+00j  0.31864327+6.02869263e-01j -0.73952314+3.66528035e-02j]
         [-0.43052197+4.04773058e-01j -1.29546059-9.44782347e-01j -0.83767886+5.28469200e-01j  0.83261223+4.28401918e-01j]
         [-0.92457931+6.75328801e-04j -0.85663788-2.53681498e-02j -0.34612713+5.89559606e-01j  0.11268554+5.83731570e-01j]]
        labels=['kl', 'kr'],
        shape=(4, 4),
    )
    grad_by_reM_reM: Tensor(
        [ 1.78745907e-14+4.30211422e-16j -2.37310172e-15-2.77555756e-16j -4.71497841e-15-1.80411242e-15j -3.71924713e-15+2.88657986e-15j  2.61596300e-14+2.77555756e-17j  7.93809463e-15-1.66533454e-15j
         -2.50771626e-14-6.24500451e-17j -1.31561428e-14+1.11022302e-16j]
        labels=[('kl', 'eimrRoGF')],
        shape=(8,),
    )
    grad_by_imM_imM: Tensor(
        [ 3.92741395e-15+1.44328993e-15j  1.09356968e-14+2.28983499e-15j -1.35169653e-14-1.81452076e-15j -1.45439216e-14-1.05471187e-15j  5.68989300e-15+1.56819002e-15j  3.21964677e-15+3.74700271e-15j
         -9.62424584e-15+6.93889390e-17j -2.67563749e-14-8.32667268e-16j]
        labels=[('kl', 'eimrRoGF')],
        shape=(8,),
    )
    hessian_by_M_M: [[ 57.95034323-1.77635684e-15j  18.48154289+1.77635684e-15j -20.39177883-8.88178420e-16j -32.47798831-8.88178420e-16j  11.20195253-8.88178420e-16j  -6.6681381 -3.33066907e-16j
        1.26644502-9.99200722e-16j   5.14115484-4.44089210e-16j   0.        +0.00000000e+00j  25.71656946-1.77635684e-15j  13.44935128+1.77635684e-15j -11.26792729+0.00000000e+00j
       15.45828298-1.77635684e-15j   1.33592595-4.44089210e-16j   0.76690188+1.11022302e-15j   4.62913592-8.88178420e-16j]
     [ 18.48154289+1.77635684e-15j  79.27510959+8.88178420e-16j  15.64947385-8.88178420e-16j -10.21663765+1.77635684e-15j  22.22306086-1.33226763e-15j   6.09023149-8.88178420e-16j
        3.60715459+0.00000000e+00j -23.14390805+0.00000000e+00j -25.71656946+1.77635684e-15j   0.        +0.00000000e+00j  -6.71380098-1.77635684e-15j  18.24692875+0.00000000e+00j
       -3.84821981+0.00000000e+00j  -6.946476  -8.88178420e-16j  16.11563841-8.88178420e-16j   7.37048534-3.55271368e-15j]
     [-20.39177883-8.88178420e-16j  15.64947385-8.88178420e-16j 105.9351112 +0.00000000e+00j  47.9781302 +3.55271368e-15j -20.11170055+8.88178420e-16j  13.26832054+1.33226763e-15j
      -26.77233475-1.77635684e-15j -11.15281233-3.55271368e-15j -13.44935128-1.77635684e-15j   6.71380098+1.77635684e-15j   0.        +0.00000000e+00j  39.74255761-7.10542736e-15j
       10.22337251-1.77635684e-15j   1.75051527-8.88178420e-16j -27.8922972 +0.00000000e+00j -21.12670619+8.88178420e-16j]
     [-32.47798831-8.88178420e-16j -10.21663765+1.77635684e-15j  47.9781302 +3.55271368e-15j 100.60315798-1.42108547e-14j  -8.94115605-2.22044605e-16j  18.50890549+0.00000000e+00j
      -19.4607076 +0.00000000e+00j -13.77003244+0.00000000e+00j  11.26792729+0.00000000e+00j -18.24692875+0.00000000e+00j -39.74255761+7.10542736e-15j   0.        +0.00000000e+00j
        1.52420149+0.00000000e+00j  22.17288636+1.77635684e-15j -13.16252741-1.77635684e-15j -10.16131324-8.88178420e-16j]
     [ 11.20195253-8.88178420e-16j  22.22306086-1.33226763e-15j -20.11170055+8.88178420e-16j  -8.94115605-2.22044605e-16j  43.34711309+4.44089210e-16j  11.10730344+1.77635684e-15j
       -0.68579494-1.77635684e-15j  -9.9225823 -2.22044605e-16j -15.45828298+1.77635684e-15j   3.84821981+0.00000000e+00j -10.22337251+1.77635684e-15j  -1.52420149+0.00000000e+00j
        0.        +0.00000000e+00j  23.48751712+0.00000000e+00j  18.33645638+2.22044605e-16j  -2.27359067+1.77635684e-15j]
     [ -6.6681381 -3.33066907e-16j   6.09023149-8.88178420e-16j  13.26832054+1.33226763e-15j  18.50890549+0.00000000e+00j  11.10730344+1.77635684e-15j  69.82024227-1.11022302e-15j
       -6.04832354-2.22044605e-15j -26.16047136-1.77635684e-15j  -1.33592595+4.44089210e-16j   6.946476  +8.88178420e-16j  -1.75051527+8.88178420e-16j -22.17288636-1.77635684e-15j
      -23.48751712+0.00000000e+00j   0.        +0.00000000e+00j  -4.3651061 +0.00000000e+00j -13.51753432+0.00000000e+00j]
     [  1.26644502-9.99200722e-16j   3.60715459+0.00000000e+00j -26.77233475-1.77635684e-15j -19.4607076 +0.00000000e+00j  -0.68579494-1.77635684e-15j  -6.04832354-2.22044605e-15j
       75.33878987+1.77635684e-15j  25.20054734+0.00000000e+00j  -0.76690188-1.11022302e-15j -16.11563841+8.88178420e-16j  27.8922972 +0.00000000e+00j  13.16252741+1.77635684e-15j
      -18.33645638-2.22044605e-16j   4.3651061 +0.00000000e+00j   0.        +0.00000000e+00j  30.00776299+0.00000000e+00j]
     [  5.14115484-4.44089210e-16j -23.14390805+0.00000000e+00j -11.15281233-3.55271368e-15j -13.77003244+0.00000000e+00j  -9.9225823 -2.22044605e-16j -26.16047136-1.77635684e-15j
       25.20054734+0.00000000e+00j  76.16603945+0.00000000e+00j  -4.62913592+8.88178420e-16j  -7.37048534+3.55271368e-15j  21.12670619-8.88178420e-16j  10.16131324+8.88178420e-16j
        2.27359067-1.77635684e-15j  13.51753432+0.00000000e+00j -30.00776299+0.00000000e+00j   0.        +0.00000000e+00j]
     [  0.        +0.00000000e+00j -25.71656946+1.77635684e-15j -13.44935128-1.77635684e-15j  11.26792729+0.00000000e+00j -15.45828298+1.77635684e-15j  -1.33592595+4.44089210e-16j
       -0.76690188-1.11022302e-15j  -4.62913592+8.88178420e-16j  57.95034323-1.77635684e-15j  18.48154289+1.77635684e-15j -20.39177883-8.88178420e-16j -32.47798831-8.88178420e-16j
       11.20195253-8.88178420e-16j  -6.6681381 -3.33066907e-16j   1.26644502-9.99200722e-16j   5.14115484-4.44089210e-16j]
     [ 25.71656946-1.77635684e-15j   0.        +0.00000000e+00j   6.71380098+1.77635684e-15j -18.24692875+0.00000000e+00j   3.84821981+0.00000000e+00j   6.946476  +8.88178420e-16j
      -16.11563841+8.88178420e-16j  -7.37048534+3.55271368e-15j  18.48154289+1.77635684e-15j  79.27510959+8.88178420e-16j  15.64947385-8.88178420e-16j -10.21663765+1.77635684e-15j
       22.22306086-1.33226763e-15j   6.09023149-8.88178420e-16j   3.60715459+0.00000000e+00j -23.14390805+0.00000000e+00j]
     [ 13.44935128+1.77635684e-15j  -6.71380098-1.77635684e-15j   0.        +0.00000000e+00j -39.74255761+7.10542736e-15j -10.22337251+1.77635684e-15j  -1.75051527+8.88178420e-16j
       27.8922972 +0.00000000e+00j  21.12670619-8.88178420e-16j -20.39177883-8.88178420e-16j  15.64947385-8.88178420e-16j 105.9351112 +0.00000000e+00j  47.9781302 +3.55271368e-15j
      -20.11170055+8.88178420e-16j  13.26832054+1.33226763e-15j -26.77233475-1.77635684e-15j -11.15281233-3.55271368e-15j]
     [-11.26792729+0.00000000e+00j  18.24692875+0.00000000e+00j  39.74255761-7.10542736e-15j   0.        +0.00000000e+00j  -1.52420149+0.00000000e+00j -22.17288636-1.77635684e-15j
       13.16252741+1.77635684e-15j  10.16131324+8.88178420e-16j -32.47798831-8.88178420e-16j -10.21663765+1.77635684e-15j  47.9781302 +3.55271368e-15j 100.60315798-1.42108547e-14j
       -8.94115605-2.22044605e-16j  18.50890549+0.00000000e+00j -19.4607076 +0.00000000e+00j -13.77003244+0.00000000e+00j]
     [ 15.45828298-1.77635684e-15j  -3.84821981+0.00000000e+00j  10.22337251-1.77635684e-15j   1.52420149+0.00000000e+00j   0.        +0.00000000e+00j -23.48751712+0.00000000e+00j
      -18.33645638-2.22044605e-16j   2.27359067-1.77635684e-15j  11.20195253-8.88178420e-16j  22.22306086-1.33226763e-15j -20.11170055+8.88178420e-16j  -8.94115605-2.22044605e-16j
       43.34711309+4.44089210e-16j  11.10730344+1.77635684e-15j  -0.68579494-1.77635684e-15j  -9.9225823 -2.22044605e-16j]
     [  1.33592595-4.44089210e-16j  -6.946476  -8.88178420e-16j   1.75051527-8.88178420e-16j  22.17288636+1.77635684e-15j  23.48751712+0.00000000e+00j   0.        +0.00000000e+00j
        4.3651061 +0.00000000e+00j  13.51753432+0.00000000e+00j  -6.6681381 -3.33066907e-16j   6.09023149-8.88178420e-16j  13.26832054+1.33226763e-15j  18.50890549+0.00000000e+00j
       11.10730344+1.77635684e-15j  69.82024227-1.11022302e-15j  -6.04832354-2.22044605e-15j -26.16047136-1.77635684e-15j]
     [  0.76690188+1.11022302e-15j  16.11563841-8.88178420e-16j -27.8922972 +0.00000000e+00j -13.16252741-1.77635684e-15j  18.33645638+2.22044605e-16j  -4.3651061 +0.00000000e+00j
        0.        +0.00000000e+00j -30.00776299+0.00000000e+00j   1.26644502-9.99200722e-16j   3.60715459+0.00000000e+00j -26.77233475-1.77635684e-15j -19.4607076 +0.00000000e+00j
       -0.68579494-1.77635684e-15j  -6.04832354-2.22044605e-15j  75.33878987+1.77635684e-15j  25.20054734+0.00000000e+00j]
     [  4.62913592-8.88178420e-16j   7.37048534-3.55271368e-15j -21.12670619+8.88178420e-16j -10.16131324-8.88178420e-16j  -2.27359067+1.77635684e-15j -13.51753432+0.00000000e+00j
       30.00776299+0.00000000e+00j   0.        +0.00000000e+00j   5.14115484-4.44089210e-16j -23.14390805+0.00000000e+00j -11.15281233-3.55271368e-15j -13.77003244+0.00000000e+00j
       -9.9225823 -2.22044605e-16j -26.16047136-1.77635684e-15j  25.20054734+0.00000000e+00j  76.16603945+0.00000000e+00j]]
