b=4, chi=2, seed=764, 
NOR:
    iter_times, elapsed_time, sqdiff: 300, 0.603564977645874, 1.7272813027629441
    MSN: Tensor(
        [[-0.38178685+0.24474621j -0.06292215+0.40258615j -0.93128372+1.25529291j  0.74754659-0.95558379j]
         [-0.13267196+0.3086612j  -0.07688634+0.69334896j  1.09152642+0.20988598j -0.02234618-0.18409691j]
         [ 0.21148494+0.2606388j   0.80717807-0.11586293j -0.63072013+0.29452645j -0.09733907-0.91427124j]
         [-0.20009358+0.3994368j   0.53601363+1.12799538j -0.28924505-1.15652496j  1.09481185-0.2876785j ]]
        labels=['kl', 'kr'],
        shape=(4, 4),
    )
    grad_by_reM_reM: Tensor(
        [ 7.99360578e-15+1.51267887e-15j -5.29437605e-15-1.73472348e-17j -1.38500322e-14-3.05311332e-15j  1.35967626e-14-1.52655666e-16j -6.32827124e-15-9.15933995e-16j  7.43849426e-15-1.66533454e-16j -5.55111512e-17+6.66133815e-16j -9.85322934e-15-2.77555756e-17j]
        labels=[('kl', 'nbhzsYHX')],
        shape=(8,),
    )
    grad_by_imM_imM: Tensor(
        [ 2.87270208e-15+5.55111512e-16j  8.32667268e-17-4.23272528e-16j  1.05471187e-15-2.02615702e-15j -5.66213743e-15+8.04911693e-16j -7.52176099e-15+1.11022302e-16j  6.10622664e-16+1.11022302e-16j  5.44009282e-15-2.77555756e-16j -2.91433544e-15+1.38777878e-16j]
        labels=[('kl', 'nbhzsYHX')],
        shape=(8,),
    )
    hessian_by_M_M: [[ 41.02862479  -0.97247951  -7.84723393   5.23050102   9.87530349  -9.75125749  20.1902329   18.67858107   0.         -11.05312068   4.78253001   0.61085939  10.87403431  17.83694777  -2.15826331  -2.19124707]
     [ -0.97247951  72.68710887   5.2782701   11.72301101 -24.63763903 -20.42958244   8.6003616   -6.17442014  11.05312068   0.          17.75576832  24.92492483   1.4026107   -2.00115049   3.11059817   8.65293541]
     [ -7.84723393   5.2782701   61.63692462   9.21140584   7.57750736  10.46374961 -13.96478943 -27.19988682  -4.78253001 -17.75576832   0.          -5.47281052   5.6669072   -3.56035894  -8.11666567   0.79266549]
     [  5.23050102  11.72301101   9.21140584  41.90638769   4.89600821   6.16967504   1.48540249  -5.13277231  -0.61085939 -24.92492483   5.47281052   0.          12.08436335   5.19474284 -15.14359409  -4.46183463]
     [  9.87530349 -24.63763903   7.57750736   4.89600821  57.87270922  19.64078862  -1.70997393 -12.92115746 -10.87403431  -1.4026107   -5.6669072  -12.08436335   0.          12.17459152 -10.37452131   5.60033027]
     [ -9.75125749 -20.42958244  10.46374961   6.16967504  19.64078862  67.30707439  -9.11027124  -9.24685624 -17.83694777   2.00115049   3.56035894  -5.19474284 -12.17459152   0.         -20.97691235  -6.99599069]
     [ 20.1902329    8.6003616  -13.96478943   1.48540249  -1.70997393  -9.11027124  52.99615777  21.86424141   2.15826331  -3.11059817   8.11666567  15.14359409  10.37452131  20.97691235   0.           7.02276548]
     [ 18.67858107  -6.17442014 -27.19988682  -5.13277231 -12.92115746  -9.24685624  21.86424141  65.15765139   2.19124707  -8.65293541  -0.79266549   4.46183463  -5.60033027   6.99599069  -7.02276548   0.        ]
     [  0.          11.05312068  -4.78253001  -0.61085939 -10.87403431 -17.83694777   2.15826331   2.19124707  41.02862479  -0.97247951  -7.84723393   5.23050102   9.87530349  -9.75125749  20.1902329   18.67858107]
     [-11.05312068   0.         -17.75576832 -24.92492483  -1.4026107    2.00115049  -3.11059817  -8.65293541  -0.97247951  72.68710887   5.2782701   11.72301101 -24.63763903 -20.42958244   8.6003616   -6.17442014]
     [  4.78253001  17.75576832   0.           5.47281052  -5.6669072    3.56035894   8.11666567  -0.79266549  -7.84723393   5.2782701   61.63692462   9.21140584   7.57750736  10.46374961 -13.96478943 -27.19988682]
     [  0.61085939  24.92492483  -5.47281052   0.         -12.08436335  -5.19474284  15.14359409   4.46183463   5.23050102  11.72301101   9.21140584  41.90638769   4.89600821   6.16967504   1.48540249  -5.13277231]
     [ 10.87403431   1.4026107    5.6669072   12.08436335   0.         -12.17459152  10.37452131  -5.60033027   9.87530349 -24.63763903   7.57750736   4.89600821  57.87270922  19.64078862  -1.70997393 -12.92115746]
     [ 17.83694777  -2.00115049  -3.56035894   5.19474284  12.17459152   0.          20.97691235   6.99599069  -9.75125749 -20.42958244  10.46374961   6.16967504  19.64078862  67.30707439  -9.11027124  -9.24685624]
     [ -2.15826331   3.11059817  -8.11666567 -15.14359409 -10.37452131 -20.97691235   0.          -7.02276548  20.1902329    8.6003616  -13.96478943   1.48540249  -1.70997393  -9.11027124  52.99615777  21.86424141]
     [ -2.19124707   8.65293541   0.79266549  -4.46183463   5.60033027  -6.99599069   7.02276548   0.          18.67858107  -6.17442014 -27.19988682  -5.13277231 -12.92115746  -9.24685624  21.86424141  65.15765139]]
    eigvals of hessian_by_M_M: [ 12.31582931  12.31582931  18.4675322   18.4675322   24.59979855  24.59979855  35.55827072  35.55827072  41.96124677  41.96124677  67.89584743  67.89584743 112.13090456 112.13090456 147.6632092  147.6632092 ]
WCOR:
    iter_times, elapsed_time, sqdiff: 300, 0.7343699932098389, 1.7272813027629437
    MSN: Tensor(
        [[-0.38178685+0.24474621j -0.06292215+0.40258615j -0.93128372+1.25529291j  0.74754659-0.95558379j]
         [-0.13267196+0.3086612j  -0.07688634+0.69334896j  1.09152642+0.20988598j -0.02234618-0.18409691j]
         [ 0.21148494+0.2606388j   0.80717807-0.11586293j -0.63072013+0.29452645j -0.09733907-0.91427124j]
         [-0.20009358+0.3994368j   0.53601363+1.12799538j -0.28924505-1.15652496j  1.09481185-0.2876785j ]]
        labels=['kl', 'kr'],
        shape=(4, 4),
    )
    grad_by_reM_reM: Tensor(
        [ 3.83026943e-15+2.08166817e-16j  1.30312428e-14+4.16333634e-16j  1.85962357e-14-2.77555756e-16j  1.08801856e-14+8.25728375e-16j  1.02140518e-14+1.69309011e-15j  3.85802501e-15+1.73472348e-15j -1.47104551e-14-1.66533454e-16j -3.66651154e-14+4.71844785e-16j]
        labels=[('kl', 'nbhzsYHX')],
        shape=(8,),
    )
    grad_by_imM_imM: Tensor(
        [-1.18099974e-14-6.10622664e-16j -3.52495810e-15+1.04083409e-15j -1.94289029e-15-1.11022302e-15j -1.49949497e-14+1.16573418e-15j  1.79578574e-14+8.88178420e-16j  2.60208521e-14+6.93889390e-16j  2.05391260e-15-3.88578059e-16j -1.99562589e-14-1.11022302e-16j]
        labels=[('kl', 'nbhzsYHX')],
        shape=(8,),
    )
    hessian_by_M_M: [[ 30.67747854  -1.06113145  -7.98264445   1.95687924   9.54047844  -4.22834696  14.77064039  12.62986592   0.          -5.98147259   3.99857936   3.02721342   6.54934089  10.40722076  -2.70380801  -7.00759632]
     [ -1.06113145  56.12224022   4.35841673  10.84355013 -20.40709363 -17.52455107   7.88432238  -2.33594149   5.98147259   0.          11.33366217  18.39362884   2.93255955   1.51561057   6.77831582   7.56302491]
     [ -7.98264445   4.35841673  47.31139975   7.23651766   4.06840562   7.84661308  -8.90173239 -20.82911474  -3.99857936 -11.33366217   0.          -9.43730713   3.78641785  -3.73206983  -2.96270767   4.30026801]
     [  1.95687924  10.84355013   7.23651766  33.73053224   2.50444066   7.25055822   2.52754422  -7.01392533  -3.02721342 -18.39362884   9.43730713   0.           9.82895714   4.88694007 -12.58586134  -7.87406249]
     [  9.54047844 -20.40709363   4.06840562   2.50444066  48.70662374  17.03521656   1.76999416 -10.01468589  -6.54934089  -2.93255955  -3.78641785  -9.82895714   0.           5.62363091  -7.6272772    3.98969515]
     [ -4.22834696 -17.52455107   7.84661308   7.25055822  17.03521656  47.27270094  -4.27509842 -11.00272043 -10.40722076  -1.51561057   3.73206983  -4.88694007  -5.62363091   0.         -15.57760236  -6.2412428 ]
     [ 14.77064039   7.88432238  -8.90173239   2.52754422   1.76999416  -4.27509842  43.64243067  18.16639849   2.70380801  -6.77831582   2.96270767  12.58586134   7.6272772   15.57760236   0.           2.22162242]
     [ 12.62986592  -2.33594149 -20.82911474  -7.01392533 -10.01468589 -11.00272043  18.16639849  47.17855763   7.00759632  -7.56302491  -4.30026801   7.87406249  -3.98969515   6.2412428   -2.22162242   0.        ]
     [  0.           5.98147259  -3.99857936  -3.02721342  -6.54934089 -10.40722076   2.70380801   7.00759632  30.67747854  -1.06113145  -7.98264445   1.95687924   9.54047844  -4.22834696  14.77064039  12.62986592]
     [ -5.98147259   0.         -11.33366217 -18.39362884  -2.93255955  -1.51561057  -6.77831582  -7.56302491  -1.06113145  56.12224022   4.35841673  10.84355013 -20.40709363 -17.52455107   7.88432238  -2.33594149]
     [  3.99857936  11.33366217   0.           9.43730713  -3.78641785   3.73206983   2.96270767  -4.30026801  -7.98264445   4.35841673  47.31139975   7.23651766   4.06840562   7.84661308  -8.90173239 -20.82911474]
     [  3.02721342  18.39362884  -9.43730713   0.          -9.82895714  -4.88694007  12.58586134   7.87406249   1.95687924  10.84355013   7.23651766  33.73053224   2.50444066   7.25055822   2.52754422  -7.01392533]
     [  6.54934089   2.93255955   3.78641785   9.82895714   0.          -5.62363091   7.6272772   -3.98969515   9.54047844 -20.40709363   4.06840562   2.50444066  48.70662374  17.03521656   1.76999416 -10.01468589]
     [ 10.40722076   1.51561057  -3.73206983   4.88694007   5.62363091   0.          15.57760236   6.2412428   -4.22834696 -17.52455107   7.84661308   7.25055822  17.03521656  47.27270094  -4.27509842 -11.00272043]
     [ -2.70380801   6.77831582  -2.96270767 -12.58586134  -7.6272772  -15.57760236   0.          -2.22162242  14.77064039   7.88432238  -8.90173239   2.52754422   1.76999416  -4.27509842  43.64243067  18.16639849]
     [ -7.00759632   7.56302491   4.30026801  -7.87406249   3.98969515  -6.2412428    2.22162242   0.          12.62986592  -2.33594149 -20.82911474  -7.01392533 -10.01468589 -11.00272043  18.16639849  47.17855763]]
    eigvals of hessian_by_M_M: [  9.48556035   9.48556035  14.26425207  14.26425207  18.91069757  18.91069757  27.22471424  27.22471424  32.42724154  32.42724154  50.24393019  50.24393019  85.56340494  85.56340494 116.52216284 116.52216284]
WROR:
    iter_times, elapsed_time, sqdiff: 300, 0.6565260887145996, 1.7272813027629434
    MSN: Tensor(
        [[-0.38178685+0.24474621j -0.06292215+0.40258615j -0.93128372+1.25529291j  0.74754659-0.95558379j]
         [-0.13267196+0.3086612j  -0.07688634+0.69334896j  1.09152642+0.20988598j -0.02234618-0.18409691j]
         [ 0.21148494+0.2606388j   0.80717807-0.11586293j -0.63072013+0.29452645j -0.09733907-0.91427124j]
         [-0.20009358+0.3994368j   0.53601363+1.12799538j -0.28924505-1.15652496j  1.09481185-0.2876785j ]]
        labels=['kl', 'kr'],
        shape=(4, 4),
    )
    grad_by_reM_reM: Tensor(
        [ 7.88258347e-15-2.35922393e-16j -1.92901251e-15-1.69309011e-15j  2.91988655e-14-5.55111512e-17j  3.05311332e-14-1.41553436e-15j  1.58761893e-14+1.66533454e-16j  4.74620343e-15-1.16573418e-15j  3.96904731e-15-2.22044605e-16j -1.51684221e-14-1.44328993e-15j]
        labels=[('kl', 'nbhzsYHX')],
        shape=(8,),
    )
    grad_by_imM_imM: Tensor(
        [ 6.28663788e-15+6.66133815e-16j  1.62370117e-14+1.90125693e-15j  2.19269047e-14+4.44089210e-16j -1.91513472e-15-1.16573418e-15j  2.93653990e-14-5.55111512e-16j -1.88737914e-14-7.49400542e-16j -4.10782519e-15-1.13797860e-15j -3.00176550e-14+5.13478149e-16j]
        labels=[('kl', 'nbhzsYHX')],
        shape=(8,),
    )
    hessian_by_M_M: [[ 19.18400146  -2.91565334  -5.95216089   0.35904763   7.61079431  -0.14734582   6.410386     4.2703271    0.          -5.64823179   2.47645094   5.00425303   1.52194531   0.74724427  -2.01334847  -8.9907517 ]
     [ -2.91565334  31.01244636   1.7302124    5.83051074 -12.01914811  -9.08767956   5.27501406   5.12419181   5.64823179   0.           2.43143215   8.50233231   4.43382342   5.93419739   7.94366878   4.00411051]
     [ -5.95216089   1.7302124   27.22625793   1.65223449   0.59531759   3.85965255  -2.77864022  -9.43516173  -2.47645094  -2.43143215   0.         -15.01308539   1.53310075  -2.69808995   1.09652166   5.8194689 ]
     [  0.35904763   5.83051074   1.65223449  25.96150521  -0.23215123   7.32072998   1.86173657  -8.99725525  -5.00425303  -8.50233231  15.01308539   0.           5.12709075   4.13810126  -7.00788399  -9.66918437]
     [  7.61079431 -12.01914811   0.59531759  -0.23215123  30.89304073   8.76978327   3.82311874  -5.82154417  -1.52194531  -4.43382342  -1.53310075  -5.12709075   0.          -8.05602877  -3.61131069   0.69803871]
     [ -0.14734582  -9.08767956   3.85965255   7.32072998   8.76978327  25.69307358   0.84578499  -9.74132401  -0.74724427  -5.93419739   2.69808995  -4.13810126   8.05602877   0.          -6.02109202  -5.56735636]
     [  6.410386     5.27501406  -2.77864022   1.86173657   3.82311874   0.84578499  26.84973663   9.00491102   2.01334847  -7.94366878  -1.09652166   7.00788399   3.61131069   6.02109202   0.          -8.23300261]
     [  4.2703271    5.12419181  -9.43516173  -8.99725525  -5.82154417  -9.74132401   9.00491102  26.67916204   8.9907517   -4.00411051  -5.8194689    9.66918437  -0.69803871   5.56735636   8.23300261   0.        ]
     [  0.           5.64823179  -2.47645094  -5.00425303  -1.52194531  -0.74724427   2.01334847   8.9907517   19.18400146  -2.91565334  -5.95216089   0.35904763   7.61079431  -0.14734582   6.410386     4.2703271 ]
     [ -5.64823179   0.          -2.43143215  -8.50233231  -4.43382342  -5.93419739  -7.94366878  -4.00411051  -2.91565334  31.01244636   1.7302124    5.83051074 -12.01914811  -9.08767956   5.27501406   5.12419181]
     [  2.47645094   2.43143215   0.          15.01308539  -1.53310075   2.69808995  -1.09652166  -5.8194689   -5.95216089   1.7302124   27.22625793   1.65223449   0.59531759   3.85965255  -2.77864022  -9.43516173]
     [  5.00425303   8.50233231 -15.01308539   0.          -5.12709075  -4.13810126   7.00788399   9.66918437   0.35904763   5.83051074   1.65223449  25.96150521  -0.23215123   7.32072998   1.86173657  -8.99725525]
     [  1.52194531   4.43382342   1.53310075   5.12709075   0.           8.05602877   3.61131069  -0.69803871   7.61079431 -12.01914811   0.59531759  -0.23215123  30.89304073   8.76978327   3.82311874  -5.82154417]
     [  0.74724427   5.93419739  -2.69808995   4.13810126  -8.05602877   0.           6.02109202   5.56735636  -0.14734582  -9.08767956   3.85965255   7.32072998   8.76978327  25.69307358   0.84578499  -9.74132401]
     [ -2.01334847   7.94366878   1.09652166  -7.00788399  -3.61131069  -6.02109202   0.           8.23300261   6.410386     5.27501406  -2.77864022   1.86173657   3.82311874   0.84578499  26.84973663   9.00491102]
     [ -8.9907517    4.00411051   5.8194689   -9.66918437   0.69803871  -5.56735636  -8.23300261   0.           4.2703271    5.12419181  -9.43516173  -8.99725525  -5.82154417  -9.74132401   9.00491102  26.67916204]]
    eigvals of hessian_by_M_M: [ 4.71042525  4.71042525  7.76838457  7.76838457 10.71559794 10.71559794 15.23930994 15.23930994 20.5818849  20.5818849  28.05323339 28.05323339 51.09736885 51.09736885 75.3330191  75.3330191 ]
IWROR:
    iter_times, elapsed_time, sqdiff: 300, 0.6450519561767578, 1.7272813027629468
    MSN: Tensor(
        [[-0.38178685+0.24474621j -0.06292215+0.40258615j -0.93128372+1.25529291j  0.74754659-0.95558379j]
         [-0.13267196+0.3086612j  -0.07688634+0.69334896j  1.09152642+0.20988598j -0.02234618-0.18409691j]
         [ 0.21148494+0.2606388j   0.80717807-0.11586293j -0.63072013+0.29452645j -0.09733907-0.91427124j]
         [-0.20009358+0.3994368j   0.53601363+1.12799538j -0.28924505-1.15652496j  1.09481185-0.2876785j ]]
        labels=['kl', 'kr'],
        shape=(4, 4),
    )
    grad_by_reM_reM: Tensor(
        [-2.98649994e-14-4.16333634e-16j  1.66533454e-14+8.32667268e-16j  5.14033260e-14+1.66533454e-16j -1.22124533e-15+6.66133815e-16j -1.62092562e-14-2.77555756e-17j -2.20656826e-15+7.49400542e-16j -3.27238237e-14-1.11022302e-16j -8.71525074e-15+1.49880108e-15j]
        labels=[('kl', 'nbhzsYHX')],
        shape=(8,),
    )
    grad_by_imM_imM: Tensor(
        [-8.46545056e-15+6.66133815e-16j  3.36952688e-14+1.11022302e-15j  3.05311332e-15+1.27675648e-15j -3.49720253e-15+6.66133815e-16j -3.06143999e-14+3.33066907e-16j -6.63358257e-15+3.46944695e-16j  2.73114864e-14+8.32667268e-17j  3.31679129e-15+1.05471187e-15j]
        labels=[('kl', 'nbhzsYHX')],
        shape=(8,),
    )
    hessian_by_M_M: [[ 18.82384232  -3.09225958  -5.83528904   0.61944384   7.40867466  -0.24995119   6.39567291   3.95056074   0.          -5.60198055   2.46783077   4.93696411   1.55945417   0.79136356  -1.98408929  -8.97535444]
     [ -3.09225958  31.03603959   1.72570009   5.79567776 -12.17104009  -8.92473793   4.94402313   4.9967974    5.60198055   0.           2.49154059   8.39905719   4.04795877   5.85927527   8.0600806    4.01063863]
     [ -5.83528904   1.72570009  26.82327426   1.05145583   0.62911545   3.79335686  -2.80899705  -9.22912461  -2.46783077  -2.49154059   0.         -14.96822529   1.53066367  -2.79127955   1.03367713   5.9692865 ]
     [  0.61944384   5.79567776   1.05145583  25.87826712  -0.34510395   7.26342123   2.0444064   -8.88835046  -4.93696411  -8.39905719  14.96822529   0.           5.09478833   4.10133801  -6.97945766  -9.6369944 ]
     [  7.40867466 -12.17104009   0.62911545  -0.34510395  30.45829298   8.23230275   3.70130896  -5.85820749  -1.55945417  -4.04795877  -1.53066367  -5.09478833   0.          -8.27086724  -3.59394608   0.89222397]
     [ -0.24995119  -8.92473793   3.79335686   7.26342123   8.23230275  25.44009833   0.9124907   -9.66339825  -0.79136356  -5.85927527   2.79127955  -4.10133801   8.27086724   0.          -5.95600303  -5.49276236]
     [  6.39567291   4.94402313  -2.80899705   2.0444064    3.70130896   0.9124907   26.49537054   8.5146629    1.98408929  -8.0600806   -1.03367713   6.97945766   3.59394608   5.95600303   0.          -8.45766868]
     [  3.95056074   4.9967974   -9.22912461  -8.88835046  -5.85820749  -9.66339825   8.5146629   26.41823454   8.97535444  -4.01063863  -5.9692865    9.6369944   -0.89222397   5.49276236   8.45766868   0.        ]
     [  0.           5.60198055  -2.46783077  -4.93696411  -1.55945417  -0.79136356   1.98408929   8.97535444  18.82384232  -3.09225958  -5.83528904   0.61944384   7.40867466  -0.24995119   6.39567291   3.95056074]
     [ -5.60198055   0.          -2.49154059  -8.39905719  -4.04795877  -5.85927527  -8.0600806   -4.01063863  -3.09225958  31.03603959   1.72570009   5.79567776 -12.17104009  -8.92473793   4.94402313   4.9967974 ]
     [  2.46783077   2.49154059   0.          14.96822529  -1.53066367   2.79127955  -1.03367713  -5.9692865   -5.83528904   1.72570009  26.82327426   1.05145583   0.62911545   3.79335686  -2.80899705  -9.22912461]
     [  4.93696411   8.39905719 -14.96822529   0.          -5.09478833  -4.10133801   6.97945766   9.6369944    0.61944384   5.79567776   1.05145583  25.87826712  -0.34510395   7.26342123   2.0444064   -8.88835046]
     [  1.55945417   4.04795877   1.53066367   5.09478833   0.           8.27086724   3.59394608  -0.89222397   7.40867466 -12.17104009   0.62911545  -0.34510395  30.45829298   8.23230275   3.70130896  -5.85820749]
     [  0.79136356   5.85927527  -2.79127955   4.10133801  -8.27086724   0.           5.95600303   5.49276236  -0.24995119  -8.92473793   3.79335686   7.26342123   8.23230275  25.44009833   0.9124907   -9.66339825]
     [ -1.98408929   8.0600806    1.03367713  -6.97945766  -3.59394608  -5.95600303   0.           8.45766868   6.39567291   4.94402313  -2.80899705   2.0444064    3.70130896   0.9124907   26.49537054   8.5146629 ]
     [ -8.97535444   4.01063863   5.9692865   -9.6369944    0.89222397  -5.49276236  -8.45766868   0.           3.95056074   4.9967974   -9.22912461  -8.88835046  -5.85820749  -9.66339825   8.5146629   26.41823454]]
    eigvals of hessian_by_M_M: [ 4.67671164  4.67671164  7.68989128  7.68989128 10.57518376 10.57518376 15.0528051  15.0528051  20.44667603 20.44667603 27.67852585 27.67852585 50.54063805 50.54063805 74.71298799 74.71298799]
WLBOR:
    iter_times, elapsed_time, sqdiff: 300, 1.5469579696655273, 1.7272813027629457
    MSN: Tensor(
        [[-0.38178685+0.24474621j -0.06292215+0.40258615j -0.93128372+1.25529291j  0.74754659-0.95558379j]
         [-0.13267196+0.3086612j  -0.07688634+0.69334896j  1.09152642+0.20988598j -0.02234618-0.18409691j]
         [ 0.21148494+0.2606388j   0.80717807-0.11586293j -0.63072013+0.29452645j -0.09733907-0.91427124j]
         [-0.20009358+0.3994368j   0.53601363+1.12799538j -0.28924505-1.15652496j  1.09481185-0.2876785j ]]
        labels=['kl', 'kr'],
        shape=(4, 4),
    )
    grad_by_reM_reM: Tensor(
        [ 1.80540494e-09-1.73472348e-15j  2.60742013e-09-2.64545330e-16j -9.68961855e-11+3.21964677e-15j  1.02347406e-09+2.35575448e-15j  2.90117042e-09+6.93889390e-16j  2.42961901e-09+3.88578059e-16j -2.83524648e-10+2.22044605e-16j -2.37589984e-09+1.85962357e-15j]
        labels=[('kl', 'nbhzsYHX')],
        shape=(8,),
    )
    grad_by_imM_imM: Tensor(
        [-2.50325007e-09-1.33226763e-15j  1.15065551e-09+1.45716772e-15j  9.13152887e-11-4.71844785e-16j  4.54048872e-09+1.40512602e-15j  1.75670659e-09-8.88178420e-16j  4.87852925e-10+3.05311332e-15j -4.05904088e-10+6.66133815e-16j -1.52116117e-09-2.77555756e-17j]
        labels=[('kl', 'nbhzsYHX')],
        shape=(8,),
    )
    hessian_by_M_M: [[ 41.08246687  -1.53479703  -7.90120094   5.20794145  10.0738633   -9.58648751  20.04159235  18.70002517   0.         -11.15206677   4.67588391   0.43013645  10.77586787  17.89918364  -2.15701993  -2.32634   ]
     [ -1.53479703  72.88847655   5.14021634  11.74498293 -24.58416883 -20.42525844   8.59391255  -6.2392308   11.15206677   0.          17.64612725  24.95014585   1.29259827  -2.03206874   3.11243117   8.68060862]
     [ -7.90120094   5.14021634  61.57043756   8.83038033   7.50165874  10.42192219 -13.83055376 -27.18890803  -4.67588391 -17.64612725   0.          -5.59676062   5.62332937  -3.65921993  -8.05699026   0.95719567]
     [  5.20794145  11.74498293   8.83038033  41.98256229   4.79610291   6.16720194   1.61441457  -5.1075305   -0.43013645 -24.95014585   5.59676062   0.          12.08963329   5.1952368  -15.1324842   -4.4676644 ]
     [ 10.0738633  -24.58416883   7.50165874   4.79610291  57.6531847   19.19912423  -1.59924884 -12.87329593 -10.77586787  -1.29259827  -5.62332937 -12.08963329   0.          12.0208437  -10.29118351   5.7293952 ]
     [ -9.58648751 -20.42525844  10.42192219   6.16720194  19.19912423  67.3762357   -8.97019747  -9.24758688 -17.89918364   2.03206874   3.65921993  -5.1952368  -12.0208437    0.         -20.98934202  -6.98598811]
     [ 20.04159235   8.59391255 -13.83055376   1.61441457  -1.59924884  -8.97019747  52.75498437  21.42845098   2.15701993  -3.11243117   8.05699026  15.1324842   10.29118351  20.98934202   0.           6.85817401]
     [ 18.70002517  -6.2392308  -27.18890803  -5.1075305  -12.87329593  -9.24758688  21.42845098  65.22100527   2.32634     -8.68060862  -0.95719567   4.4676644   -5.7293952    6.98598811  -6.85817401   0.        ]
     [  0.          11.15206677  -4.67588391  -0.43013645 -10.77586787 -17.89918364   2.15701993   2.32634     41.08246687  -1.53479703  -7.90120094   5.20794145  10.0738633   -9.58648751  20.04159235  18.70002517]
     [-11.15206677   0.         -17.64612725 -24.95014585  -1.29259827   2.03206874  -3.11243117  -8.68060862  -1.53479703  72.88847655   5.14021634  11.74498293 -24.58416883 -20.42525844   8.59391255  -6.2392308 ]
     [  4.67588391  17.64612725   0.           5.59676062  -5.62332937   3.65921993   8.05699026  -0.95719567  -7.90120094   5.14021634  61.57043756   8.83038033   7.50165874  10.42192219 -13.83055376 -27.18890803]
     [  0.43013645  24.95014585  -5.59676062   0.         -12.08963329  -5.1952368   15.1324842    4.4676644    5.20794145  11.74498293   8.83038033  41.98256229   4.79610291   6.16720194   1.61441457  -5.1075305 ]
     [ 10.77586787   1.29259827   5.62332937  12.08963329   0.         -12.0208437   10.29118351  -5.7293952   10.0738633  -24.58416883   7.50165874   4.79610291  57.6531847   19.19912423  -1.59924884 -12.87329593]
     [ 17.89918364  -2.03206874  -3.65921993   5.1952368   12.0208437    0.          20.98934202   6.98598811  -9.58648751 -20.42525844  10.42192219   6.16720194  19.19912423  67.3762357   -8.97019747  -9.24758688]
     [ -2.15701993   3.11243117  -8.05699026 -15.1324842  -10.29118351 -20.98934202   0.          -6.85817401  20.04159235   8.59391255 -13.83055376   1.61441457  -1.59924884  -8.97019747  52.75498437  21.42845098]
     [ -2.32634      8.68060862   0.95719567  -4.4676644    5.7293952   -6.98598811   6.85817401   0.          18.70002517  -6.2392308  -27.18890803  -5.1075305  -12.87329593  -9.24758688  21.42845098  65.22100527]]
    eigvals of hessian_by_M_M: [ 12.36031921  12.36031921  18.44549541  18.44549541  24.68799857  24.68799857  35.69937469  35.69937469  42.19160969  42.19160969  67.9266926   67.9266926  112.13770282 112.13770282 147.08016032 147.08016032]
WNAG:
    iter_times, elapsed_time, sqdiff: 300, 0.6560721397399902, 1.7423949850572718
    MSN: Tensor(
        [[-0.38182289+0.24865397j -0.0617648 +0.40960267j -0.91635222+1.25633711j  0.74444803-0.9579949j ]
         [-0.13048966+0.3079939j  -0.07757183+0.69210359j  1.10299648+0.2052816j  -0.02917782-0.17880537j]
         [ 0.21132124+0.26207389j  0.81104397-0.10996333j -0.63172682+0.28117461j -0.09135161-0.91241471j]
         [-0.20199564+0.39856733j  0.52847621+1.13409311j -0.27265213-1.16484181j  1.09466263-0.27648739j]]
        labels=['kl', 'kr'],
        shape=(4, 4),
    )
    grad_by_reM_reM: Tensor(
        [ 0.75474003-5.96744876e-16j -0.41770191+8.04911693e-16j  0.29367227+1.66533454e-16j -0.4575352 +9.71445147e-17j  0.16008285+7.77156117e-16j -0.09245015-9.71445147e-17j  0.34407883-1.11022302e-15j  0.13449263+4.16333634e-16j]
        labels=[('kl', 'nbhzsYHX')],
        shape=(8,),
    )
    grad_by_imM_imM: Tensor(
        [-0.09196907+7.77156117e-16j  0.01768138-1.52655666e-15j -0.10123617+1.94289029e-15j  0.21863892-1.55431223e-15j -0.33106058-5.55111512e-16j -0.16282743-4.57966998e-16j -0.1662678 +6.66133815e-16j  0.08812819+4.99600361e-16j]
        labels=[('kl', 'nbhzsYHX')],
        shape=(8,),
    )
    hessian_by_M_M: [[ 6.50388558e+01 -4.81500750e+01  2.89437566e+00 -9.50745375e+00  4.00771460e-02 -1.27364927e-01 -1.17237584e+01  5.41380190e+00  0.00000000e+00 -7.14253442e+00  1.32564085e+01 -2.09549525e+00 -7.48531215e+00 -1.03636525e+01  5.63185797e+00 -4.62797022e+00]
     [-4.81500750e+01  4.80628152e+01 -1.50469447e+00  3.68883216e+00  4.71713861e+00 -6.77073546e-01  8.43158292e+00  2.91119082e+00  7.14253442e+00  0.00000000e+00 -1.33115203e+01  6.38042371e+00  1.36513111e+01  4.85381368e+00 -7.46624767e+00  4.81694184e+00]
     [ 2.89437566e+00 -1.50469447e+00  3.74232577e+01 -2.72581431e+01 -2.45300626e-01 -4.29537290e+00  3.86505101e+00  3.50734015e+00 -1.32564085e+01  1.33115203e+01  0.00000000e+00 -9.05356168e+00  1.64984057e+00  4.48871562e-01  1.53782771e+00  2.32820666e+00]
     [-9.50745375e+00  3.68883216e+00 -2.72581431e+01  3.94950777e+01 -2.23989960e+00  7.06556718e+00 -2.09998766e+00 -7.50656992e+00  2.09549525e+00 -6.38042371e+00  9.05356168e+00  0.00000000e+00 -4.84848455e+00  4.13839329e+00  9.27507538e+00 -1.10226659e+01]
     [ 4.00771460e-02  4.71713861e+00 -2.45300626e-01 -2.23989960e+00  4.96170563e+01 -2.50475281e+01  2.00313569e+00  5.91382824e+00  7.48531215e+00 -1.36513111e+01 -1.64984057e+00  4.84848455e+00  0.00000000e+00 -3.90573725e+00 -1.36585754e+00 -4.91116123e+00]
     [-1.27364927e-01 -6.77073546e-01 -4.29537290e+00  7.06556718e+00 -2.50475281e+01  3.08764233e+01  3.00780144e+00 -7.64718695e+00  1.03636525e+01 -4.85381368e+00 -4.48871562e-01 -4.13839329e+00  3.90573725e+00  0.00000000e+00  7.64749378e+00 -4.82230987e+00]
     [-1.17237584e+01  8.43158292e+00  3.86505101e+00 -2.09998766e+00  2.00313569e+00  3.00780144e+00  4.48589094e+01 -2.42951257e+01 -5.63185797e+00  7.46624767e+00 -1.53782771e+00 -9.27507538e+00  1.36585754e+00 -7.64749378e+00  0.00000000e+00 -1.25629535e+00]
     [ 5.41380190e+00  2.91119082e+00  3.50734015e+00 -7.50656992e+00  5.91382824e+00 -7.64718695e+00 -2.42951257e+01  3.04501343e+01  4.62797022e+00 -4.81694184e+00 -2.32820666e+00  1.10226659e+01  4.91116123e+00  4.82230987e+00  1.25629535e+00  0.00000000e+00]
     [ 0.00000000e+00  7.14253442e+00 -1.32564085e+01  2.09549525e+00  7.48531215e+00  1.03636525e+01 -5.63185797e+00  4.62797022e+00  6.50388558e+01 -4.81500750e+01  2.89437566e+00 -9.50745375e+00  4.00771460e-02 -1.27364927e-01 -1.17237584e+01  5.41380190e+00]
     [-7.14253442e+00  0.00000000e+00  1.33115203e+01 -6.38042371e+00 -1.36513111e+01 -4.85381368e+00  7.46624767e+00 -4.81694184e+00 -4.81500750e+01  4.80628152e+01 -1.50469447e+00  3.68883216e+00  4.71713861e+00 -6.77073546e-01  8.43158292e+00  2.91119082e+00]
     [ 1.32564085e+01 -1.33115203e+01  0.00000000e+00  9.05356168e+00 -1.64984057e+00 -4.48871562e-01 -1.53782771e+00 -2.32820666e+00  2.89437566e+00 -1.50469447e+00  3.74232577e+01 -2.72581431e+01 -2.45300626e-01 -4.29537290e+00  3.86505101e+00  3.50734015e+00]
     [-2.09549525e+00  6.38042371e+00 -9.05356168e+00  0.00000000e+00  4.84848455e+00 -4.13839329e+00 -9.27507538e+00  1.10226659e+01 -9.50745375e+00  3.68883216e+00 -2.72581431e+01  3.94950777e+01 -2.23989960e+00  7.06556718e+00 -2.09998766e+00 -7.50656992e+00]
     [-7.48531215e+00  1.36513111e+01  1.64984057e+00 -4.84848455e+00  0.00000000e+00  3.90573725e+00  1.36585754e+00  4.91116123e+00  4.00771460e-02  4.71713861e+00 -2.45300626e-01 -2.23989960e+00  4.96170563e+01 -2.50475281e+01  2.00313569e+00  5.91382824e+00]
     [-1.03636525e+01  4.85381368e+00  4.48871562e-01  4.13839329e+00 -3.90573725e+00  0.00000000e+00 -7.64749378e+00  4.82230987e+00 -1.27364927e-01 -6.77073546e-01 -4.29537290e+00  7.06556718e+00 -2.50475281e+01  3.08764233e+01  3.00780144e+00 -7.64718695e+00]
     [ 5.63185797e+00 -7.46624767e+00  1.53782771e+00  9.27507538e+00 -1.36585754e+00  7.64749378e+00  0.00000000e+00  1.25629535e+00 -1.17237584e+01  8.43158292e+00  3.86505101e+00 -2.09998766e+00  2.00313569e+00  3.00780144e+00  4.48589094e+01 -2.42951257e+01]
     [-4.62797022e+00  4.81694184e+00  2.32820666e+00 -1.10226659e+01 -4.91116123e+00 -4.82230987e+00 -1.25629535e+00  0.00000000e+00  5.41380190e+00  2.91119082e+00  3.50734015e+00 -7.50656992e+00  5.91382824e+00 -7.64718695e+00 -2.42951257e+01  3.04501343e+01]]
    eigvals of hessian_by_M_M: [  3.75147389   3.75147389   4.56768552   4.56768552   7.0091893    7.0091893   12.00642891  12.00642891  49.04637033  49.04637033  62.57391429  62.57391429  85.96891297  85.96891297 120.89855463 120.89855463]
SNAG:
    iter_times, elapsed_time, sqdiff: 300, 0.62105393409729, 1.7272813027629461
    MSN: Tensor(
        [[-0.38178685+0.24474621j -0.06292215+0.40258615j -0.93128372+1.25529291j  0.74754659-0.95558379j]
         [-0.13267196+0.3086612j  -0.07688634+0.69334896j  1.09152642+0.20988598j -0.02234618-0.18409691j]
         [ 0.21148494+0.2606388j   0.80717807-0.11586293j -0.63072013+0.29452645j -0.09733907-0.91427124j]
         [-0.20009358+0.3994368j   0.53601363+1.12799538j -0.28924505-1.15652496j  1.09481185-0.2876785j ]]
        labels=['kl', 'kr'],
        shape=(4, 4),
    )
    grad_by_reM_reM: Tensor(
        [ 2.00534034e-15+2.22044605e-16j -7.42461648e-16-3.05311332e-16j  1.77635684e-15-5.89805982e-17j  2.94209102e-15-1.38777878e-16j -3.88578059e-16-3.42607887e-17j  3.88578059e-16-1.80411242e-16j  6.86950496e-16-2.49800181e-16j  6.38378239e-16+4.85722573e-17j]
        labels=[('kl', 'nbhzsYHX')],
        shape=(8,),
    )
    grad_by_imM_imM: Tensor(
        [-1.11022302e-16-3.05311332e-16j -6.93889390e-16+5.48172618e-16j  2.36963227e-15-1.94289029e-16j -2.05391260e-15+1.94289029e-16j -7.02996689e-16+2.77555756e-16j  3.12250226e-15+1.52655666e-16j  8.88178420e-16+3.46944695e-17j -1.53176083e-15-2.08166817e-16j]
        labels=[('kl', 'nbhzsYHX')],
        shape=(8,),
    )
    hessian_by_M_M: [[ 2.71265108 -0.4851262  -0.34997363 -0.37729222  0.64679892 -0.34813448 -0.33166916 -0.31982663  0.          1.19490924  0.42332029  1.13548079 -0.42219172 -0.88071139  0.01281994 -0.90105665]
     [-0.4851262   4.33941629  0.54204633  0.74727372 -0.97769106 -1.45363695  0.47208104  1.317257   -1.19490924  0.         -0.1518927   1.36170587  0.69097254  1.16505629  0.74890812  0.46975234]
     [-0.34997363  0.54204633  2.10750106 -0.42968203 -0.2066494  -0.06805293  0.30095349  0.08588075 -0.42332029  0.1518927   0.         -0.45557951  0.01787112  0.04950284  0.42036728  0.59153143]
     [-0.37729222  0.74727372 -0.42968203  4.32652868 -0.0702026   1.2272808  -0.13220406 -1.67473335 -1.13548079 -1.36170587  0.45557951  0.         -0.01890663  0.71020945  0.14016174 -1.51184391]
     [ 0.64679892 -0.97769106 -0.2066494  -0.0702026   2.8261082   0.93117659  0.5720397  -0.09495119  0.42219172 -0.69097254 -0.01787112  0.01890663  0.         -0.12581048 -0.06605853 -0.47164702]
     [-0.34813448 -1.45363695 -0.06805293  1.2272808   0.93117659  4.51727213  0.17571031 -1.53401047  0.88071139 -1.16505629 -0.04950284 -0.71020945  0.12581048  0.          0.21614718 -1.05090191]
     [-0.33166916  0.47208104  0.30095349 -0.13220406  0.5720397   0.17571031  2.39629638  0.87126903 -0.01281994 -0.74890812 -0.42036728 -0.14016174  0.06605853 -0.21614718  0.          0.01819428]
     [-0.31982663  1.317257    0.08588075 -1.67473335 -0.09495119 -1.53401047  0.87126903  4.63343594  0.90105665 -0.46975234 -0.59153143  1.51184391  0.47164702  1.05090191 -0.01819428  0.        ]
     [ 0.         -1.19490924 -0.42332029 -1.13548079  0.42219172  0.88071139 -0.01281994  0.90105665  2.71265108 -0.4851262  -0.34997363 -0.37729222  0.64679892 -0.34813448 -0.33166916 -0.31982663]
     [ 1.19490924  0.          0.1518927  -1.36170587 -0.69097254 -1.16505629 -0.74890812 -0.46975234 -0.4851262   4.33941629  0.54204633  0.74727372 -0.97769106 -1.45363695  0.47208104  1.317257  ]
     [ 0.42332029 -0.1518927   0.          0.45557951 -0.01787112 -0.04950284 -0.42036728 -0.59153143 -0.34997363  0.54204633  2.10750106 -0.42968203 -0.2066494  -0.06805293  0.30095349  0.08588075]
     [ 1.13548079  1.36170587 -0.45557951  0.          0.01890663 -0.71020945 -0.14016174  1.51184391 -0.37729222  0.74727372 -0.42968203  4.32652868 -0.0702026   1.2272808  -0.13220406 -1.67473335]
     [-0.42219172  0.69097254  0.01787112 -0.01890663  0.          0.12581048  0.06605853  0.47164702  0.64679892 -0.97769106 -0.2066494  -0.0702026   2.8261082   0.93117659  0.5720397  -0.09495119]
     [-0.88071139  1.16505629  0.04950284  0.71020945 -0.12581048  0.         -0.21614718  1.05090191 -0.34813448 -1.45363695 -0.06805293  1.2272808   0.93117659  4.51727213  0.17571031 -1.53401047]
     [ 0.01281994  0.74890812  0.42036728  0.14016174 -0.06605853  0.21614718  0.         -0.01819428 -0.33166916  0.47208104  0.30095349 -0.13220406  0.5720397   0.17571031  2.39629638  0.87126903]
     [-0.90105665  0.46975234  0.59153143 -1.51184391 -0.47164702 -1.05090191  0.01819428  0.         -0.31982663  1.317257    0.08588075 -1.67473335 -0.09495119 -1.53401047  0.87126903  4.63343594]]
    eigvals of hessian_by_M_M: [0.77275112 0.77275112 1.09149556 1.09149556 1.39300594 1.39300594 2.03652474 2.03652474 2.66675662 2.66675662 3.55077713 3.55077713 6.7237485  6.7237485  9.62415015 9.62415015]
SSpiral(8):
    iter_times, elapsed_time, sqdiff: 300, 1.0326600074768066, 1.727281302762945
    MSN: Tensor(
        [[-0.38178685+0.24474621j -0.06292215+0.40258615j -0.93128372+1.25529291j  0.74754659-0.95558379j]
         [-0.13267196+0.3086612j  -0.07688634+0.69334896j  1.09152642+0.20988598j -0.02234618-0.18409691j]
         [ 0.21148494+0.2606388j   0.80717807-0.11586293j -0.63072013+0.29452645j -0.09733907-0.91427124j]
         [-0.20009358+0.3994368j   0.53601363+1.12799538j -0.28924505-1.15652496j  1.09481185-0.2876785j ]]
        labels=['kl', 'kr'],
        shape=(4, 4),
    )
    grad_by_reM_reM: Tensor(
        [ 1.82076576e-14+3.88578059e-16j  1.26287869e-14-6.34908792e-16j  1.52100554e-14+0.00000000e+00j  2.78804757e-14+3.57353036e-16j -1.28785871e-14+1.80411242e-15j -4.44089210e-16+4.44089210e-16j  5.55111512e-15+3.88578059e-16j -1.42663659e-14+6.93889390e-16j]
        labels=[('kl', 'nbhzsYHX')],
        shape=(8,),
    )
    grad_by_imM_imM: Tensor(
        [ 3.66373598e-15+7.77156117e-16j  5.59621793e-15-5.68989300e-16j  2.33146835e-15-1.22124533e-15j  1.14595833e-14+2.35922393e-16j  8.74300632e-15-1.77635684e-15j  8.65973959e-15+1.88737914e-15j  1.29340982e-14-4.44089210e-16j -1.89015470e-14+4.99600361e-16j]
        labels=[('kl', 'nbhzsYHX')],
        shape=(8,),
    )
    hessian_by_M_M: [[ 38.27143224  -6.01214622 -11.07507477  -1.66114901  14.80605514  -5.77586276  15.15013903  17.54233926   0.           6.65155034   3.87849466  -0.38593374   5.55433978  15.2825364   -3.59094079  -4.03119657]
     [ -6.01214622  69.72638291   7.49042718  10.42925247 -20.8829986  -19.99704874  10.63218491  -5.19252953  -6.65155034   0.          13.86713374  25.25175769   3.01489466  -2.31561385   2.44716471   7.6630351 ]
     [-11.07507477   7.49042718  56.39633681   7.5702797    3.05561532   8.03674012  -7.97694229 -24.77939883  -3.87849466 -13.86713374   0.           6.97062759   3.73445195  -2.82790953  -1.17990544   1.0334709 ]
     [ -1.66114901  10.42925247   7.5702797   41.49450832   4.85852222   5.44528681   1.39880369  -4.88855483   0.38593374 -25.25175769  -6.97062759   0.          10.06038544   5.03206447 -12.3174827   -2.64309938]
     [ 14.80605514 -20.8829986    3.05561532   4.85852222  58.47193551  16.39700538   5.02356561  -8.88856516  -5.55433978  -3.01489466  -3.73445195 -10.06038544   0.          28.1500736   -7.92044978   4.94158597]
     [ -5.77586276 -19.99704874   8.03674012   5.44528681  16.39700538  70.18686415  -8.36217718  -7.7730967  -15.2825364    2.31561385   2.82790953  -5.03206447 -28.1500736    0.         -18.88576944  -7.27057746]
     [ 15.15013903  10.63218491  -7.97694229   1.39880369   5.02356561  -8.36217718  51.42307603  18.04385131   3.59094079  -2.44716471   1.17990544  12.3174827    7.92044978  18.88576944   0.          22.12996676]
     [ 17.54233926  -5.19252953 -24.77939883  -4.88855483  -8.88856516  -7.7730967   18.04385131  67.35786104   4.03119657  -7.6630351   -1.0334709    2.64309938  -4.94158597   7.27057746 -22.12996676   0.        ]
     [  0.          -6.65155034  -3.87849466   0.38593374  -5.55433978 -15.2825364    3.59094079   4.03119657  38.27143224  -6.01214622 -11.07507477  -1.66114901  14.80605514  -5.77586276  15.15013903  17.54233926]
     [  6.65155034   0.         -13.86713374 -25.25175769  -3.01489466   2.31561385  -2.44716471  -7.6630351   -6.01214622  69.72638291   7.49042718  10.42925247 -20.8829986  -19.99704874  10.63218491  -5.19252953]
     [  3.87849466  13.86713374   0.          -6.97062759  -3.73445195   2.82790953   1.17990544  -1.0334709  -11.07507477   7.49042718  56.39633681   7.5702797    3.05561532   8.03674012  -7.97694229 -24.77939883]
     [ -0.38593374  25.25175769   6.97062759   0.         -10.06038544  -5.03206447  12.3174827    2.64309938  -1.66114901  10.42925247   7.5702797   41.49450832   4.85852222   5.44528681   1.39880369  -4.88855483]
     [  5.55433978   3.01489466   3.73445195  10.06038544   0.         -28.1500736    7.92044978  -4.94158597  14.80605514 -20.8829986    3.05561532   4.85852222  58.47193551  16.39700538   5.02356561  -8.88856516]
     [ 15.2825364   -2.31561385  -2.82790953   5.03206447  28.1500736    0.          18.88576944   7.27057746  -5.77586276 -19.99704874   8.03674012   5.44528681  16.39700538  70.18686415  -8.36217718  -7.7730967 ]
     [ -3.59094079   2.44716471  -1.17990544 -12.3174827   -7.92044978 -18.88576944   0.         -22.12996676  15.15013903  10.63218491  -7.97694229   1.39880369   5.02356561  -8.36217718  51.42307603  18.04385131]
