b=4, chi=2, seed=529, 
NOR:
    iter_times, elapsed_time, sqdiff: 300, 0.37541913986206055, 1.3304269816797594
    MSN: Tensor(
        [[ 0.78738757-0.10521103j  0.48141388+0.68771372j -0.01370131+0.56676684j  0.11542448+0.26631752j]
         [-1.1566515 -0.3582292j  -0.95900174-0.48084929j  0.1584092 -0.31795087j -0.63049283+0.10534298j]
         [-0.50591896+0.50971369j  0.30673506+0.4996622j   0.26833256-0.22883322j  0.51638005+0.53075263j]
         [ 0.02418969+0.52254293j  0.57714105+0.5319555j   0.14483342-0.07433161j  0.62444651+0.35099951j]]
        labels=['kl', 'kr'],
        shape=(4, 4),
    )
    grad_by_real_M: Tensor(
        [ 1.93040028e-14+2.33146835e-15j  1.29340982e-14+9.57567359e-16j  2.76167977e-15+1.30451205e-15j -7.77156117e-16+1.33226763e-15j  1.85962357e-15-1.08246745e-15j  3.43475248e-15-1.38777878e-15j
          2.56739074e-16+2.08860707e-15j -1.12132525e-14+1.17267307e-15j]
        labels=[('kl', 'YtfEGivC')],
        shape=(8,),
    )
    grad_by_imag_M: Tensor(
        [-1.78190795e-14-1.62370117e-15j -1.41969769e-14-3.88578059e-16j -3.60822483e-16-1.45716772e-15j -6.05071548e-15-1.66533454e-15j -7.96585020e-15+1.02695630e-15j  4.60742555e-15-9.64506253e-16j
          4.17027524e-15+1.61676228e-15j -4.96130914e-15-9.15933995e-16j]
        labels=[('kl', 'YtfEGivC')],
        shape=(8,),
    )
    hessian_by_real_M: Tensor(
        [[ 55.45158867-1.77635684e-15j  23.03365013+1.77635684e-15j  -0.51650033+8.88178420e-16j   9.03189855+8.88178420e-16j  10.37708133+8.88178420e-16j  10.72818795+4.44089210e-16j
           -1.68441261-1.77635684e-15j   9.82556211+0.00000000e+00j]
         [ 23.03365013+1.77635684e-15j  62.40651794+3.55271368e-15j  13.95512108-4.44089210e-16j   8.80409474+1.77635684e-15j  13.86157829+2.22044605e-16j   7.73312945+0.00000000e+00j
            5.29929744+8.88178420e-16j   0.2021928 +8.88178420e-16j]
         [ -0.51650033+8.88178420e-16j  13.95512108-4.44089210e-16j  34.87831845+1.77635684e-15j   9.98502714-1.77635684e-15j  -3.20248171+0.00000000e+00j   6.65765004+2.22044605e-16j
            4.25537257-4.44089210e-16j  10.01093407-2.22044605e-16j]
         [  9.03189855+8.88178420e-16j   8.80409474+1.77635684e-15j   9.98502714-1.77635684e-15j  38.04862767-1.77635684e-15j  -0.7638193 +4.44089210e-16j   8.16243753+4.44089210e-16j
            1.71466614+0.00000000e+00j  -3.48773847-4.44089210e-16j]
         [ 10.37708133+8.88178420e-16j  13.86157829+2.22044605e-16j  -3.20248171+0.00000000e+00j  -0.7638193 +4.44089210e-16j  47.87150134+0.00000000e+00j  13.53410408-2.66453526e-15j
            4.7813543 +8.88178420e-16j  10.70061585-8.88178420e-16j]
         [ 10.72818795+4.44089210e-16j   7.73312945+0.00000000e+00j   6.65765004+2.22044605e-16j   8.16243753+4.44089210e-16j  13.53410408-2.66453526e-15j  37.7411625 -1.77635684e-15j
          -20.71322237-1.33226763e-15j   0.66281046+0.00000000e+00j]
         [ -1.68441261-1.77635684e-15j   5.29929744+8.88178420e-16j   4.25537257-4.44089210e-16j   1.71466614+0.00000000e+00j   4.7813543 +8.88178420e-16j -20.71322237-1.33226763e-15j
           61.21484369-1.77635684e-15j  18.34453472-3.55271368e-15j]
         [  9.82556211+0.00000000e+00j   0.2021928 +8.88178420e-16j  10.01093407-2.22044605e-16j  -3.48773847-4.44089210e-16j  10.70061585-8.88178420e-16j   0.66281046+0.00000000e+00j
           18.34453472-3.55271368e-15j  41.63868876-5.32907052e-15j]]
        labels=[('kl', 'YtfEGivC'), ('kl*', 'YtfEGivC*')],
        shape=(8, 8),
    )
    hessian_by_imag_M: Tensor(
        [[  0.        +0.00000000e+00j -13.39568677+3.55271368e-15j -12.39696227+1.11022302e-16j   0.12113268+0.00000000e+00j   9.6134645 -8.88178420e-16j  -5.71687826-2.66453526e-15j
           11.86291675-1.77635684e-15j  10.48513919-8.88178420e-16j]
         [ 13.39568677-3.55271368e-15j   0.        +0.00000000e+00j  -1.716165  +8.88178420e-16j -11.8484647 +0.00000000e+00j   1.82730219-8.88178420e-16j   5.20627967-4.44089210e-16j
            6.31200883-4.44089210e-16j  14.56032038+5.55111512e-17j]
         [ 12.39696227-1.11022302e-16j   1.716165  -8.88178420e-16j   0.        +0.00000000e+00j  -9.85927984+1.77635684e-15j   4.14328457-2.22044605e-16j  -3.58281834+4.44089210e-16j
            6.72674346+4.44089210e-16j   2.23836454+0.00000000e+00j]
         [ -0.12113268+0.00000000e+00j  11.8484647 +0.00000000e+00j   9.85927984-1.77635684e-15j   0.        +0.00000000e+00j   5.24086224+3.33066907e-16j   4.62768333-1.77635684e-15j
            4.19547041-7.77156117e-16j  -3.43447726-2.22044605e-16j]
         [ -9.6134645 +8.88178420e-16j  -1.82730219+8.88178420e-16j  -4.14328457+2.22044605e-16j  -5.24086224-3.33066907e-16j   0.        +0.00000000e+00j -11.07340702-2.66453526e-15j
            6.84314383+0.00000000e+00j  11.57283989-1.77635684e-15j]
         [  5.71687826+2.66453526e-15j  -5.20627967+4.44089210e-16j   3.58281834-4.44089210e-16j  -4.62768333+1.77635684e-15j  11.07340702+2.66453526e-15j   0.        +0.00000000e+00j
           -2.6564667 +0.00000000e+00j  11.81342588+6.66133815e-16j]
         [-11.86291675+1.77635684e-15j  -6.31200883+4.44089210e-16j  -6.72674346-4.44089210e-16j  -4.19547041+7.77156117e-16j  -6.84314383+0.00000000e+00j   2.6564667 +0.00000000e+00j
            0.        +0.00000000e+00j -16.03823323+0.00000000e+00j]
         [-10.48513919+8.88178420e-16j -14.56032038-5.55111512e-17j  -2.23836454+0.00000000e+00j   3.43447726+2.22044605e-16j -11.57283989+1.77635684e-15j -11.81342588-6.66133815e-16j
           16.03823323+0.00000000e+00j   0.        +0.00000000e+00j]]
        labels=[('kl', 'YtfEGivC'), ('kl*', 'YtfEGivC*')],
        shape=(8, 8),
    )
    eigvals of hessian_by_real_M: DiagonalTensor(
        [ 11.99724522  14.58000453  33.07335767  40.21270245  43.54071688  53.27479109  80.80628414 101.76614705]
        labels=['RqlLSPgS', 'RqlLSPgS'],
        shape=(8, 8),
    )
    eigvals of hessian_by_imag_M: DiagonalTensor(
        [-29.69618017 -21.93747042 -18.0034892   -4.45720914   0.30660135   5.72439122  25.7035375   42.35981886]
        labels=['ZyiwWKYT', 'ZyiwWKYT'],
        shape=(8, 8),
    )
WCOR:
    iter_times, elapsed_time, sqdiff: 300, 0.41522884368896484, 1.3304269816797598
    MSN: Tensor(
        [[ 0.78738757-0.10521103j  0.48141388+0.68771372j -0.01370131+0.56676684j  0.11542448+0.26631752j]
         [-1.1566515 -0.3582292j  -0.95900174-0.48084929j  0.1584092 -0.31795087j -0.63049283+0.10534298j]
         [-0.50591896+0.50971369j  0.30673506+0.4996622j   0.26833256-0.22883322j  0.51638005+0.53075263j]
         [ 0.02418969+0.52254293j  0.57714105+0.5319555j   0.14483342-0.07433161j  0.62444651+0.35099951j]]
        labels=['kl', 'kr'],
        shape=(4, 4),
    )
    grad_by_real_M: Tensor(
        [-1.19973476e-14-1.11022302e-16j  1.44328993e-15+7.49400542e-16j  2.91502933e-14+1.52655666e-15j  1.22124533e-15+1.11022302e-16j  1.26010313e-14-5.96744876e-16j -2.20656826e-15-7.21644966e-16j
          5.64132074e-15+5.13478149e-16j  5.24857935e-14+4.44089210e-16j]
        labels=[('kl', 'YtfEGivC')],
        shape=(8,),
    )
    grad_by_imag_M: Tensor(
        [ 1.78745907e-14-9.22872889e-16j -2.07334150e-14+8.88178420e-16j -3.46944695e-15-3.55965257e-15j  8.32667268e-15-3.88578059e-15j -6.50868248e-15-7.21644966e-16j  1.28230759e-14-5.13478149e-16j
         -2.11219930e-14-1.68615122e-15j  7.57033325e-15-8.04911693e-16j]
        labels=[('kl', 'YtfEGivC')],
        shape=(8,),
    )
    hessian_by_real_M: Tensor(
        [[ 46.20622778+1.77635684e-15j  15.91534214-1.77635684e-15j  -3.8787581 +8.88178420e-16j   2.88584111+4.44089210e-16j   6.23143286-8.88178420e-16j  12.13561628+4.44089210e-16j
           -4.44778511+8.88178420e-16j   6.96445323+0.00000000e+00j]
         [ 15.91534214-1.77635684e-15j  63.60305285+0.00000000e+00j  13.77823227+4.44089210e-16j   6.36566963+0.00000000e+00j   8.38517325-8.88178420e-16j   5.30992296+0.00000000e+00j
            3.49814177+8.32667268e-16j  -2.0410845 -8.88178420e-16j]
         [ -3.8787581 +8.88178420e-16j  13.77823227+4.44089210e-16j  30.87672731+0.00000000e+00j   7.15071663+0.00000000e+00j  -1.76124178+8.88178420e-16j   8.3069906 +2.22044605e-16j
            1.72195366+4.44089210e-16j   6.20421834+8.88178420e-16j]
         [  2.88584111+4.44089210e-16j   6.36566963+0.00000000e+00j   7.15071663+0.00000000e+00j  40.01417882-3.55271368e-15j   0.35104779+4.44089210e-16j   8.22460546+4.44089210e-16j
            3.78544819-3.33066907e-16j  -5.40956931+0.00000000e+00j]
         [  6.23143286-8.88178420e-16j   8.38517325-8.88178420e-16j  -1.76124178+8.88178420e-16j   0.35104779+4.44089210e-16j  40.82241156+0.00000000e+00j   9.35877252-1.77635684e-15j
            3.42763274+0.00000000e+00j   5.55686352+0.00000000e+00j]
         [ 12.13561628+4.44089210e-16j   5.30992296+0.00000000e+00j   8.3069906 +2.22044605e-16j   8.22460546+4.44089210e-16j   9.35877252-1.77635684e-15j  38.94216899-1.77635684e-15j
          -21.5207405 +4.44089210e-16j   2.02968347-1.77635684e-15j]
         [ -4.44778511+8.88178420e-16j   3.49814177+8.32667268e-16j   1.72195366+4.44089210e-16j   3.78544819-3.33066907e-16j   3.42763274+0.00000000e+00j -21.5207405 +4.44089210e-16j
           52.046687  -3.55271368e-15j  14.11258977+1.77635684e-15j]
         [  6.96445323+0.00000000e+00j  -2.0410845 -8.88178420e-16j   6.20421834+8.88178420e-16j  -5.40956931+0.00000000e+00j   5.55686352+0.00000000e+00j   2.02968347-1.77635684e-15j
           14.11258977+1.77635684e-15j  42.26505789+3.55271368e-15j]]
        labels=[('kl', 'YtfEGivC'), ('kl*', 'YtfEGivC*')],
        shape=(8, 8),
    )
    hessian_by_imag_M: Tensor(
        [[  0.        +0.00000000e+00j -17.87782038-1.77635684e-15j -11.44140006+6.66133815e-16j   4.99342075+0.00000000e+00j   8.39894972-4.44089210e-16j  -2.54370141-8.88178420e-16j
            8.65710193+4.44089210e-16j  11.74697826-4.44089210e-16j]
         [ 17.87782038+1.77635684e-15j   0.        +0.00000000e+00j  -4.83571763+0.00000000e+00j -13.13250247+0.00000000e+00j  -4.59550339+0.00000000e+00j   6.42291927-4.44089210e-16j
           -0.07558876+4.44089210e-16j  13.92568437+4.44089210e-16j]
         [ 11.44140006-6.66133815e-16j   4.83571763+0.00000000e+00j   0.        +0.00000000e+00j -14.56837074-4.44089210e-16j   4.56425525+0.00000000e+00j  -1.88475649+0.00000000e+00j
            5.58493931+2.22044605e-16j   7.13891455+4.44089210e-16j]
         [ -4.99342075+0.00000000e+00j  13.13250247+0.00000000e+00j  14.56837074+4.44089210e-16j   0.        +0.00000000e+00j   5.45599959+7.21644966e-16j   5.05451858+0.00000000e+00j
            1.17474998+4.44089210e-16j  -4.44643497+0.00000000e+00j]
         [ -8.39894972+4.44089210e-16j   4.59550339+0.00000000e+00j  -4.56425525+0.00000000e+00j  -5.45599959-7.21644966e-16j   0.        +0.00000000e+00j -14.52810945+8.88178420e-16j
            9.71671936+0.00000000e+00j  12.19660678-8.88178420e-16j]
         [  2.54370141+8.88178420e-16j  -6.42291927+4.44089210e-16j   1.88475649+0.00000000e+00j  -5.05451858+0.00000000e+00j  14.52810945-8.88178420e-16j   0.        +0.00000000e+00j
            7.45587596+1.77635684e-15j  12.35853176-8.88178420e-16j]
         [ -8.65710193-4.44089210e-16j   0.07558876-4.44089210e-16j  -5.58493931-2.22044605e-16j  -1.17474998-4.44089210e-16j  -9.71671936+0.00000000e+00j  -7.45587596-1.77635684e-15j
            0.        +0.00000000e+00j -17.8554978 +0.00000000e+00j]
         [-11.74697826+4.44089210e-16j -13.92568437-4.44089210e-16j  -7.13891455-4.44089210e-16j   4.44643497+0.00000000e+00j -12.19660678+8.88178420e-16j -12.35853176+8.88178420e-16j
           17.8554978 +0.00000000e+00j   0.        +0.00000000e+00j]]
        labels=[('kl', 'YtfEGivC'), ('kl*', 'YtfEGivC*')],
        shape=(8, 8),
    )
    eigvals of hessian_by_real_M: DiagonalTensor(
        [11.9123354  14.71453846 36.47886179 37.70547459 43.53673361 53.00468868 71.49479386 85.92908581]
        labels=['RqlLSPgS', 'RqlLSPgS'],
        shape=(8, 8),
    )
    eigvals of hessian_by_imag_M: DiagonalTensor(
        [-35.19040939 -21.56909536 -18.48290543  -8.67094522   1.50226276   6.0702455   30.59084687  45.75000026]
        labels=['ZyiwWKYT', 'ZyiwWKYT'],
        shape=(8, 8),
    )
WROR:
    iter_times, elapsed_time, sqdiff: 300, 0.45842885971069336, 1.3304269816797611
    MSN: Tensor(
        [[ 0.78738757-0.10521103j  0.48141388+0.68771372j -0.01370131+0.56676684j  0.11542448+0.26631752j]
         [-1.1566515 -0.3582292j  -0.95900174-0.48084929j  0.1584092 -0.31795087j -0.63049283+0.10534298j]
         [-0.50591896+0.50971369j  0.30673506+0.4996622j   0.26833256-0.22883322j  0.51638005+0.53075263j]
         [ 0.02418969+0.52254293j  0.57714105+0.5319555j   0.14483342-0.07433161j  0.62444651+0.35099951j]]
        labels=['kl', 'kr'],
        shape=(4, 4),
    )
    grad_by_real_M: Tensor(
        [ 1.15185639e-14-5.27355937e-16j -3.46944695e-16-2.77555756e-16j -7.77156117e-15+7.21644966e-16j -9.23566779e-15+1.72084569e-15j  1.61537450e-14+6.17561557e-16j  9.90874049e-15+4.16333634e-16j
         -2.98788772e-14+1.32532874e-15j -4.23966418e-14+9.02056208e-16j]
        labels=[('kl', 'YtfEGivC')],
        shape=(8,),
    )
    grad_by_imag_M: Tensor(
        [-2.03448369e-14+7.77156117e-16j -1.72084569e-15+9.85322934e-16j  2.94209102e-14-1.40165657e-15j  1.05471187e-15-1.40859546e-15j -3.34801631e-14-2.22044605e-16j -3.08086889e-15-5.82867088e-16j
         -3.59781649e-14-7.35522754e-16j -1.24622535e-14-1.31838984e-15j]
        labels=[('kl', 'YtfEGivC')],
        shape=(8,),
    )
    hessian_by_real_M: Tensor(
        [[34.45658368+0.00000000e+00j 22.17686343-8.88178420e-16j -7.52696942+0.00000000e+00j -6.24408584+2.22044605e-16j -1.0677421 +0.00000000e+00j  5.29981098-4.44089210e-16j -7.43315428-4.44089210e-16j
          -3.29240986-8.88178420e-16j]
         [22.17686343-8.88178420e-16j 49.6959467 -3.55271368e-15j  1.14224123+0.00000000e+00j  5.31233772+0.00000000e+00j -0.2104285 +2.22044605e-16j  7.3967748 +2.22044605e-16j -3.93600978-1.22124533e-15j
          -0.79998719+1.77635684e-15j]
         [-7.52696942+0.00000000e+00j  1.14224123+0.00000000e+00j 25.18148403+0.00000000e+00j 15.89257246+4.44089210e-16j -1.93251815+6.66133815e-16j  3.72761843+4.44089210e-16j -2.93635744+0.00000000e+00j
          -3.82640772+0.00000000e+00j]
         [-6.24408584+2.22044605e-16j  5.31233772+0.00000000e+00j 15.89257246+4.44089210e-16j 31.05245653+4.44089210e-16j  1.32467361+0.00000000e+00j  6.8905401 +0.00000000e+00j  3.16898374+8.88178420e-16j
          -1.45338178-8.32667268e-17j]
         [-1.0677421 +0.00000000e+00j -0.2104285 +2.22044605e-16j -1.93251815+6.66133815e-16j  1.32467361+0.00000000e+00j 30.63427314+0.00000000e+00j 18.49453442+4.44089210e-16j  6.76265603-8.88178420e-16j
          -0.52900727-1.77635684e-15j]
         [ 5.29981098-4.44089210e-16j  7.3967748 +2.22044605e-16j  3.72761843+4.44089210e-16j  6.8905401 +0.00000000e+00j 18.49453442+4.44089210e-16j 32.32422179+8.88178420e-16j -4.38874289+1.77635684e-15j
          -2.3098747 -1.77635684e-15j]
         [-7.43315428-4.44089210e-16j -3.93600978-1.22124533e-15j -2.93635744+0.00000000e+00j  3.16898374+8.88178420e-16j  6.76265603-8.88178420e-16j -4.38874289+1.77635684e-15j 36.71503213+8.88178420e-16j
          23.87168512-2.22044605e-16j]
         [-3.29240986-8.88178420e-16j -0.79998719+1.77635684e-15j -3.82640772+0.00000000e+00j -1.45338178-8.32667268e-17j -0.52900727-1.77635684e-15j -2.3098747 -1.77635684e-15j 23.87168512-2.22044605e-16j
          37.91181666-5.32907052e-15j]]
        labels=[('kl', 'YtfEGivC'), ('kl*', 'YtfEGivC*')],
        shape=(8, 8),
    )
    hessian_by_imag_M: Tensor(
        [[  0.        +0.00000000e+00j  -8.83205279+1.77635684e-15j -10.67993303+4.44089210e-16j  -2.17752646+0.00000000e+00j   9.03383369+7.77156117e-16j   6.63108224+4.44089210e-16j
            4.78467276+0.00000000e+00j   7.92854848-6.66133815e-16j]
         [  8.83205279-1.77635684e-15j   0.        +0.00000000e+00j  -8.69489167+4.44089210e-16j  -9.49671748-4.44089210e-16j  -2.53293536+1.11022302e-16j   3.31961943+1.77635684e-15j
           -0.69463854+0.00000000e+00j  11.18306295-1.11022302e-15j]
         [ 10.67993303-4.44089210e-16j   8.69489167-4.44089210e-16j   0.        +0.00000000e+00j  -7.74079176+0.00000000e+00j   3.53143203-2.22044605e-16j   2.00708557-8.88178420e-16j
            1.11596783-4.44089210e-16j   7.98192185+0.00000000e+00j]
         [  2.17752646+0.00000000e+00j   9.49671748+4.44089210e-16j   7.74079176+0.00000000e+00j   0.        +0.00000000e+00j   5.38534996+0.00000000e+00j   4.83229493+0.00000000e+00j
           -2.01809809-6.66133815e-16j   0.07433957-1.11022302e-16j]
         [ -9.03383369-7.77156117e-16j   2.53293536-1.11022302e-16j  -3.53143203+2.22044605e-16j  -5.38534996+0.00000000e+00j   0.        +0.00000000e+00j  -4.97160765+3.55271368e-15j
            5.22041588+0.00000000e+00j   9.35594901+3.88578059e-16j]
         [ -6.63108224-4.44089210e-16j  -3.31961943-1.77635684e-15j  -2.00708557+8.88178420e-16j  -4.83229493+0.00000000e+00j   4.97160765-3.55271368e-15j   0.        +0.00000000e+00j
           15.1709259 +8.88178420e-16j  14.74251764+6.66133815e-16j]
         [ -4.78467276+0.00000000e+00j   0.69463854+0.00000000e+00j  -1.11596783+4.44089210e-16j   2.01809809+6.66133815e-16j  -5.22041588+0.00000000e+00j -15.1709259 -8.88178420e-16j
            0.        +0.00000000e+00j  -3.15180287-1.77635684e-15j]
         [ -7.92854848+6.66133815e-16j -11.18306295+1.11022302e-15j  -7.98192185+0.00000000e+00j  -0.07433957+1.11022302e-16j  -9.35594901-3.88578059e-16j -14.74251764-6.66133815e-16j
            3.15180287+1.77635684e-15j   0.        +0.00000000e+00j]]
        labels=[('kl', 'YtfEGivC'), ('kl*', 'YtfEGivC*')],
        shape=(8, 8),
    )
    eigvals of hessian_by_real_M: DiagonalTensor(
        [ 6.69088876 10.59865151 14.18696173 17.38245111 43.07727705 54.05264667 58.32866599 73.65427186]
        labels=['cpPMoslC', 'cpPMoslC'],
        shape=(8, 8),
    )
    eigvals of hessian_by_imag_M: DiagonalTensor(
        [-27.24607444 -16.88068991 -10.26245098  -7.66186511  -2.44970927   4.45827618  28.68843744  31.3540761 ]
        labels=['vpxkPlsn', 'vpxkPlsn'],
        shape=(8, 8),
    )
IWROR:
    iter_times, elapsed_time, sqdiff: 300, 0.4935767650604248, 1.3304269816797587
    MSN: Tensor(
        [[ 0.78738757-0.10521103j  0.48141388+0.68771372j -0.01370131+0.56676684j  0.11542448+0.26631752j]
         [-1.1566515 -0.3582292j  -0.95900174-0.48084929j  0.1584092 -0.31795087j -0.63049283+0.10534298j]
         [-0.50591896+0.50971369j  0.30673506+0.4996622j   0.26833256-0.22883322j  0.51638005+0.53075263j]
         [ 0.02418969+0.52254293j  0.57714105+0.5319555j   0.14483342-0.07433161j  0.62444651+0.35099951j]]
        labels=['kl', 'kr'],
        shape=(4, 4),
    )
    grad_by_real_M: Tensor(
        [-2.75335310e-14+2.77555756e-16j -2.54796184e-14-5.55111512e-17j  1.12132525e-14+6.93889390e-16j -5.25968158e-15+1.05471187e-15j -4.27435864e-15+6.24500451e-17j -4.52415883e-15-4.99600361e-16j
          5.65728020e-14+3.40005801e-16j  3.89133170e-14+6.24500451e-17j]
        labels=[('kl', 'YtfEGivC')],
        shape=(8,),
    )
    grad_by_imag_M: Tensor(
        [-1.49324997e-14-1.37390099e-15j  3.49720253e-15-9.99200722e-16j -3.71647157e-14+1.69309011e-15j -3.44724249e-14+1.51267887e-15j  4.36942149e-14+3.88578059e-16j  3.70814490e-14+1.08246745e-15j
          3.30985239e-15+5.34294831e-16j -8.13932255e-15-1.11022302e-16j]
        labels=[('kl', 'YtfEGivC')],
        shape=(8,),
    )
    hessian_by_real_M: Tensor(
        [[34.74531679+1.77635684e-15j 21.65309439-8.88178420e-16j -7.66925733+0.00000000e+00j -7.01913921+2.22044605e-16j -1.36190715-8.88178420e-16j  5.878467  +0.00000000e+00j -7.64669298+4.44089210e-16j
          -2.73455331+0.00000000e+00j]
         [21.65309439-8.88178420e-16j 52.05446716-1.77635684e-15j  2.10720826+0.00000000e+00j  5.37209502+0.00000000e+00j -1.0063423 -4.44089210e-16j  6.99233191+0.00000000e+00j -4.44300253+2.22044605e-16j
          -1.14675814+8.88178420e-16j]
         [-7.66925733+0.00000000e+00j  2.10720826+0.00000000e+00j 25.47203236+2.66453526e-15j 15.56350407+0.00000000e+00j -1.81227221+0.00000000e+00j  4.185398  -4.44089210e-16j -3.24157837+1.11022302e-16j
          -4.09344605+0.00000000e+00j]
         [-7.01913921+2.22044605e-16j  5.37209502+0.00000000e+00j 15.56350407+0.00000000e+00j 32.66421984+0.00000000e+00j  1.2729131 +0.00000000e+00j  7.28743574+0.00000000e+00j  3.21540911+8.88178420e-16j
          -2.19342664+2.22044605e-16j]
         [-1.36190715-8.88178420e-16j -1.0063423 -4.44089210e-16j -1.81227221+0.00000000e+00j  1.2729131 +0.00000000e+00j 30.69577289+8.88178420e-16j 17.88296841+4.44089210e-16j  6.91240996+0.00000000e+00j
          -0.40650912+0.00000000e+00j]
         [ 5.878467  +0.00000000e+00j  6.99233191+0.00000000e+00j  4.185398  -4.44089210e-16j  7.28743574+0.00000000e+00j 17.88296841+4.44089210e-16j 33.44549945+1.77635684e-15j -4.89951214+0.00000000e+00j
          -1.80131043-1.77635684e-15j]
         [-7.64669298+4.44089210e-16j -4.44300253+2.22044605e-16j -3.24157837+1.11022302e-16j  3.21540911+8.88178420e-16j  6.91240996+0.00000000e+00j -4.89951214+0.00000000e+00j 36.59752059+0.00000000e+00j
          23.05337073+4.44089210e-16j]
         [-2.73455331+0.00000000e+00j -1.14675814+8.88178420e-16j -4.09344605+0.00000000e+00j -2.19342664+2.22044605e-16j -0.40650912+0.00000000e+00j -1.80131043-1.77635684e-15j 23.05337073+4.44089210e-16j
          38.68246646+1.77635684e-15j]]
        labels=[('kl', 'YtfEGivC'), ('kl*', 'YtfEGivC*')],
        shape=(8, 8),
    )
    hessian_by_imag_M: Tensor(
        [[  0.        +0.00000000e+00j -11.9813709 +0.00000000e+00j -10.83159909-4.44089210e-16j  -1.74366542+0.00000000e+00j   9.14406963+3.33066907e-16j   6.49894905+4.44089210e-16j
            4.76807525-8.88178420e-16j   8.28841465+0.00000000e+00j]
         [ 11.9813709 +0.00000000e+00j   0.        +0.00000000e+00j  -8.83304878-6.66133815e-16j -10.13322104+4.44089210e-16j  -2.79046119-8.88178420e-16j   3.75580533+0.00000000e+00j
           -1.2622537 +0.00000000e+00j  11.59548147+2.22044605e-16j]
         [ 10.83159909+4.44089210e-16j   8.83304878+6.66133815e-16j   0.        +0.00000000e+00j  -9.91369878-1.77635684e-15j   3.57388586+0.00000000e+00j   1.96844027+0.00000000e+00j
            0.86723846-2.22044605e-16j   8.2101143 +0.00000000e+00j]
         [  1.74366542+0.00000000e+00j  10.13322104-4.44089210e-16j   9.91369878+1.77635684e-15j   0.        +0.00000000e+00j   5.40679318-3.33066907e-16j   4.97235207-8.88178420e-16j
           -2.51136747+4.44089210e-16j  -0.64349233-2.22044605e-16j]
         [ -9.14406963-3.33066907e-16j   2.79046119+8.88178420e-16j  -3.57388586+0.00000000e+00j  -5.40679318+3.33066907e-16j   0.        +0.00000000e+00j  -7.35285331+3.55271368e-15j
            5.27189021-4.44089210e-16j   8.93298897+5.55111512e-17j]
         [ -6.49894905-4.44089210e-16j  -3.75580533+0.00000000e+00j  -1.96844027+0.00000000e+00j  -4.97235207+8.88178420e-16j   7.35285331-3.55271368e-15j   0.        +0.00000000e+00j
           15.87457406+0.00000000e+00j  14.81815722-6.66133815e-16j]
         [ -4.76807525+8.88178420e-16j   1.2622537 +0.00000000e+00j  -0.86723846+2.22044605e-16j   2.51136747-4.44089210e-16j  -5.27189021+4.44089210e-16j -15.87457406+0.00000000e+00j
            0.        +0.00000000e+00j  -5.82298555-1.77635684e-15j]
         [ -8.28841465+0.00000000e+00j -11.59548147-2.22044605e-16j  -8.2101143 +0.00000000e+00j   0.64349233+2.22044605e-16j  -8.93298897-5.55111512e-17j -14.81815722+6.66133815e-16j
            5.82298555+1.77635684e-15j   0.        +0.00000000e+00j]]
        labels=[('kl', 'YtfEGivC'), ('kl*', 'YtfEGivC*')],
        shape=(8, 8),
    )
    eigvals of hessian_by_real_M: DiagonalTensor(
        [ 7.00109555 11.31296069 15.10735979 19.39123169 43.82479389 55.26761506 57.8171212  74.63511766]
        labels=['UGXcsqgN', 'UGXcsqgN'],
        shape=(8, 8),
    )
    eigvals of hessian_by_imag_M: DiagonalTensor(
        [-25.62281384 -20.33542913 -11.58249017  -9.28950798  -1.91819171   3.11013064  31.50470424  34.13359796]
        labels=['VzCJhENv', 'VzCJhENv'],
        shape=(8, 8),
    )
WLBOR:
    iter_times, elapsed_time, sqdiff: 300, 1.2808032035827637, 1.3304269816797647
    MSN: Tensor(
        [[ 0.78738756-0.10521103j  0.48141387+0.68771372j -0.01370131+0.56676684j  0.11542448+0.26631753j]
         [-1.1566515 -0.3582292j  -0.95900174-0.48084929j  0.1584092 -0.31795088j -0.63049284+0.10534298j]
         [-0.50591896+0.50971369j  0.30673505+0.4996622j   0.26833256-0.22883322j  0.51638005+0.53075263j]
         [ 0.02418969+0.52254293j  0.57714105+0.5319555j   0.14483342-0.07433161j  0.62444651+0.35099951j]]
        labels=['kl', 'kr'],
        shape=(4, 4),
    )
    grad_by_real_M: Tensor(
        [8.81026976e-09-9.15933995e-16j 9.61910090e-09+1.65145675e-15j 8.59237050e-09+2.55351296e-15j 9.25524929e-09-4.85722573e-16j 3.33709455e-09-4.16333634e-16j 3.37604128e-09+3.88578059e-16j
         2.23165812e-10+3.60822483e-16j 4.29294642e-09+1.76941795e-15j]
        labels=[('kl', 'YtfEGivC')],
        shape=(8,),
    )
    grad_by_imag_M: Tensor(
        [-1.55698962e-09+1.11022302e-16j -4.77397753e-09-5.55111512e-17j -2.55669347e-09+1.79023463e-15j -3.69150914e-09+3.27515792e-15j  1.02233884e-08+1.72084569e-15j  1.77321663e-09-6.52256027e-16j
         -1.57177854e-09+7.42461648e-16j  6.42550162e-09-4.44089210e-16j]
        labels=[('kl', 'YtfEGivC')],
        shape=(8,),
    )
    hessian_by_real_M: Tensor(
        [[ 56.0796419 +0.00000000e+00j  23.09208566+8.88178420e-16j  -0.49814747+0.00000000e+00j   9.24328999+1.38777878e-15j  10.46309119+0.00000000e+00j  10.71616133-4.44089210e-16j
           -1.65842136+0.00000000e+00j   9.74471281+0.00000000e+00j]
         [ 23.09208566+8.88178420e-16j  62.17885541-3.55271368e-15j  13.9174201 -1.11022302e-16j   8.74425863+8.88178420e-16j  14.00364801+4.44089210e-16j   7.67866361+1.33226763e-15j
            5.50397586+2.22044605e-15j   0.17672469-1.77635684e-15j]
         [ -0.49814747+0.00000000e+00j  13.9174201 -1.11022302e-16j  35.23548848+1.77635684e-15j   9.98586151+0.00000000e+00j  -3.36905039+4.44089210e-16j   6.64654854+0.00000000e+00j
            4.30430873+0.00000000e+00j  10.12848042+0.00000000e+00j]
         [  9.24328999+1.38777878e-15j   8.74425863+8.88178420e-16j   9.98586151+0.00000000e+00j  37.92377829-8.88178420e-16j  -0.71890189-4.44089210e-16j   8.13555433+0.00000000e+00j
            1.66321716+8.88178420e-16j  -3.49475734-2.22044605e-16j]
         [ 10.46309119+0.00000000e+00j  14.00364801+4.44089210e-16j  -3.36905039+4.44089210e-16j  -0.71890189-4.44089210e-16j  48.42243591-1.77635684e-15j  13.53787979+1.77635684e-15j
            5.04554269-8.88178420e-16j  10.65080582+8.88178420e-16j]
         [ 10.71616133-4.44089210e-16j   7.67866361+1.33226763e-15j   6.64654854+0.00000000e+00j   8.13555433+0.00000000e+00j  13.53787979+1.77635684e-15j  37.60775079+0.00000000e+00j
          -20.71691616-2.22044605e-15j   0.66878591+0.00000000e+00j]
         [ -1.65842136+0.00000000e+00j   5.50397586+2.22044605e-15j   4.30430873+0.00000000e+00j   1.66321716+8.88178420e-16j   5.04554269-8.88178420e-16j -20.71691616-2.22044605e-15j
           61.87028268+0.00000000e+00j  18.35163953+1.77635684e-15j]
         [  9.74471281+0.00000000e+00j   0.17672469-1.77635684e-15j  10.12848042+0.00000000e+00j  -3.49475734-2.22044605e-16j  10.65080582+8.88178420e-16j   0.66878591+0.00000000e+00j
           18.35163953+1.77635684e-15j  41.4851563 +0.00000000e+00j]]
        labels=[('kl', 'YtfEGivC'), ('kl*', 'YtfEGivC*')],
        shape=(8, 8),
    )
    hessian_by_imag_M: Tensor(
        [[  0.        +0.00000000e+00j -12.7821585 +0.00000000e+00j -12.54985119-7.21644966e-16j   0.23004191-8.88178420e-16j   9.82004934+0.00000000e+00j  -5.70445294+8.88178420e-16j
           12.01362245-2.10942375e-15j  10.52480084-8.88178420e-16j]
         [ 12.7821585 +0.00000000e+00j   0.        +0.00000000e+00j  -1.79043223-8.88178420e-16j -11.81592814+0.00000000e+00j   1.76619293-8.88178420e-16j   5.19619373+4.44089210e-16j
            6.35046758+4.44089210e-16j  14.49721145-2.22044605e-16j]
         [ 12.54985119+7.21644966e-16j   1.79043223+8.88178420e-16j   0.        +0.00000000e+00j  -9.4883637 -8.88178420e-16j   4.12050257+4.44089210e-16j  -3.52453117-1.77635684e-15j
            6.73649752-8.88178420e-16j   2.17389145+0.00000000e+00j]
         [ -0.23004191+8.88178420e-16j  11.81592814+0.00000000e+00j   9.4883637 +8.88178420e-16j   0.        +0.00000000e+00j   5.16587014+1.16573418e-15j   4.61622938-8.88178420e-16j
            4.26569944-3.33066907e-16j  -3.43042588-4.44089210e-16j]
         [ -9.82004934+0.00000000e+00j  -1.76619293+8.88178420e-16j  -4.12050257-4.44089210e-16j  -5.16587014-1.16573418e-15j   0.        +0.00000000e+00j -10.73016945-1.77635684e-15j
            6.56104955+0.00000000e+00j  11.62854786+0.00000000e+00j]
         [  5.70445294-8.88178420e-16j  -5.19619373-4.44089210e-16j   3.52453117+1.77635684e-15j  -4.61622938+8.88178420e-16j  10.73016945+1.77635684e-15j   0.        +0.00000000e+00j
           -2.73864089+0.00000000e+00j  11.78350668-4.44089210e-16j]
         [-12.01362245+2.10942375e-15j  -6.35046758-4.44089210e-16j  -6.73649752+8.88178420e-16j  -4.26569944+3.33066907e-16j  -6.56104955+0.00000000e+00j   2.73864089+0.00000000e+00j
            0.        +0.00000000e+00j -15.69939371+0.00000000e+00j]
         [-10.52480084+8.88178420e-16j -14.49721145+2.22044605e-16j  -2.17389145+0.00000000e+00j   3.43042588+4.44089210e-16j -11.62854786+0.00000000e+00j -11.78350668+4.44089210e-16j
           15.69939371+0.00000000e+00j   0.        +0.00000000e+00j]]
        labels=[('kl', 'YtfEGivC'), ('kl*', 'YtfEGivC*')],
        shape=(8, 8),
    )
    eigvals of hessian_by_real_M: DiagonalTensor(
        [ 12.02782375  14.61397578  33.16615702  40.56115586  43.73418559  53.38538716  81.24290789 102.07179672]
        labels=['RqlLSPgS', 'RqlLSPgS'],
        shape=(8, 8),
    )
    eigvals of hessian_by_imag_M: DiagonalTensor(
        [-2.93000478e+01 -2.22339062e+01 -1.75781870e+01 -4.38220697e+00  3.58078385e-02  6.10943074e+00  2.53669931e+01  4.19821162e+01]
        labels=['ZyiwWKYT', 'ZyiwWKYT'],
        shape=(8, 8),
    )
WNAG:
    iter_times, elapsed_time, sqdiff: 300, 0.45326972007751465, 1.3414462954349273
    MSN: Tensor(
        [[ 0.79371454-0.10928925j  0.49247108+0.68381983j -0.01075253+0.56752772j  0.12141727+0.26233834j]
         [-1.15460006-0.36017907j -0.96421484-0.48086285j  0.15576074-0.3156021j  -0.63582064+0.10440534j]
         [-0.51456643+0.50104924j  0.30083017+0.4935877j   0.27181916-0.22973225j  0.51032216+0.53090852j]
         [ 0.01663173+0.51687049j  0.574219  +0.52749154j  0.14835812-0.07593311j  0.62164341+0.35160771j]]
        labels=['kl', 'kr'],
        shape=(4, 4),
    )
    grad_by_real_M: Tensor(
        [ 0.19341734-1.88737914e-15j  0.67407582+1.13797860e-15j -0.11320645-2.08166817e-16j  0.06960239-1.05471187e-15j  0.36944843-6.80011603e-16j -0.14566427+5.82867088e-16j  0.37145662-1.48492330e-15j
         -0.33169606+2.22044605e-16j]
        labels=[('kl', 'YtfEGivC')],
        shape=(8,),
    )
    grad_by_imag_M: Tensor(
        [ 0.609169  +4.85722573e-16j -0.48981852+2.16493490e-15j -0.06542757-9.71445147e-16j  0.07245305+8.32667268e-17j -0.10749015+3.88578059e-16j -0.49842178+5.41233725e-16j -0.09660148-2.22044605e-16j
         -0.49318755+1.94289029e-15j]
        labels=[('kl', 'YtfEGivC')],
        shape=(8,),
    )
    hessian_by_real_M: Tensor(
        [[ 35.47468696-4.44089210e-16j -13.07237927+0.00000000e+00j   0.6475455 -8.88178420e-16j   6.5566543 +0.00000000e+00j   2.46330828+0.00000000e+00j  -9.3597203 +0.00000000e+00j
           -0.92322193+4.44089210e-16j -10.31771444-5.55111512e-16j]
         [-13.07237927+0.00000000e+00j  58.46470738+2.22044605e-15j -10.965644  -5.55111512e-17j   8.67515798-8.88178420e-16j   7.82281231+0.00000000e+00j  10.84220222-8.88178420e-16j
            9.22368027+0.00000000e+00j   3.85839259+0.00000000e+00j]
         [  0.6475455 -8.88178420e-16j -10.965644  -5.55111512e-17j  21.77997438-3.19189120e-16j  -7.49451164+0.00000000e+00j  -3.53195387-4.44089210e-16j  -0.67849167+2.22044605e-16j
           -0.86257486-1.11022302e-16j   1.53225969-2.22044605e-16j]
         [  6.5566543 +0.00000000e+00j   8.67515798-8.88178420e-16j  -7.49451164+0.00000000e+00j  33.1545681 -6.66133815e-16j   0.52875855+0.00000000e+00j  -1.83593615+0.00000000e+00j
            0.75918558+2.22044605e-16j   2.37744183+5.41233725e-16j]
         [  2.46330828+0.00000000e+00j   7.82281231+0.00000000e+00j  -3.53195387-4.44089210e-16j   0.52875855+0.00000000e+00j  27.28758707+0.00000000e+00j  -7.62913919+0.00000000e+00j
           10.00606671+4.44089210e-16j   2.79137008+8.88178420e-16j]
         [ -9.3597203 +0.00000000e+00j  10.84220222-8.88178420e-16j  -0.67849167+2.22044605e-16j  -1.83593615+0.00000000e+00j  -7.62913919+0.00000000e+00j  41.52257949-3.33066907e-16j
           -9.39596319+8.88178420e-16j   8.72439744+0.00000000e+00j]
         [ -0.92322193+4.44089210e-16j   9.22368027+0.00000000e+00j  -0.86257486-1.11022302e-16j   0.75918558+2.22044605e-16j  10.00606671+4.44089210e-16j  -9.39596319+8.88178420e-16j
           30.9552975 +1.33226763e-15j  -7.36251619-3.55271368e-15j]
         [-10.31771444-5.55111512e-16j   3.85839259+0.00000000e+00j   1.53225969-2.22044605e-16j   2.37744183+5.41233725e-16j   2.79137008+8.88178420e-16j   8.72439744+0.00000000e+00j
           -7.36251619-3.55271368e-15j  48.66139969-2.22044605e-16j]]
        labels=[('kl', 'YtfEGivC'), ('kl*', 'YtfEGivC*')],
        shape=(8, 8),
    )
    hessian_by_imag_M: Tensor(
        [[  0.        +0.00000000e+00j  40.75648677-8.88178420e-16j  -8.70150354+3.33066907e-16j   6.30473702+0.00000000e+00j   8.93412517+2.22044605e-16j   3.28181181+0.00000000e+00j
            7.67485494+2.77555756e-16j  -1.97681032+0.00000000e+00j]
         [-40.75648677+8.88178420e-16j   0.        +0.00000000e+00j  -0.86648183+8.88178420e-16j -11.08861066-8.88178420e-16j  -8.31295982+0.00000000e+00j   9.40141551-8.88178420e-16j
           -4.49416014-8.88178420e-16j  14.91581668-2.22044605e-16j]
         [  8.70150354-3.33066907e-16j   0.86648183-8.88178420e-16j   0.        +0.00000000e+00j  23.80099031+4.44089210e-16j   0.60089132+0.00000000e+00j  -3.31045733-5.55111512e-17j
           -1.44362883+5.55111512e-17j   3.15311333+3.33066907e-16j]
         [ -6.30473702+0.00000000e+00j  11.08861066+8.88178420e-16j -23.80099031-4.44089210e-16j   0.        +0.00000000e+00j   3.39955299+1.66533454e-16j   1.30044499+0.00000000e+00j
            1.10222922-4.99600361e-16j  -0.15144167+6.66133815e-16j]
         [ -8.93412517-2.22044605e-16j   8.31295982+0.00000000e+00j  -0.60089132+0.00000000e+00j  -3.39955299-1.66533454e-16j   0.        +0.00000000e+00j  30.70456188+0.00000000e+00j
           -6.31105551+0.00000000e+00j  11.87937656+2.22044605e-16j]
         [ -3.28181181+0.00000000e+00j  -9.40141551+8.88178420e-16j   3.31045733+5.55111512e-17j  -1.30044499+0.00000000e+00j -30.70456188+0.00000000e+00j   0.        +0.00000000e+00j
           -6.31651006+0.00000000e+00j  -4.51976606-8.88178420e-16j]
         [ -7.67485494-2.77555756e-16j   4.49416014+8.88178420e-16j   1.44362883-5.55111512e-17j  -1.10222922+4.99600361e-16j   6.31105551+0.00000000e+00j   6.31651006+0.00000000e+00j
            0.        +0.00000000e+00j  35.77812263+8.88178420e-16j]
         [  1.97681032+0.00000000e+00j -14.91581668+2.22044605e-16j  -3.15311333-3.33066907e-16j   0.15144167-6.66133815e-16j -11.87937656-2.22044605e-16j   4.51976606+8.88178420e-16j
          -35.77812263-8.88178420e-16j   0.        +0.00000000e+00j]]
        labels=[('kl', 'YtfEGivC'), ('kl*', 'YtfEGivC*')],
        shape=(8, 8),
    )
    eigvals of hessian_by_real_M: DiagonalTensor(
        [13.18842489 18.04503635 19.95446363 24.12006187 39.68453932 42.38359208 62.29945191 77.62523053]
        labels=['RqlLSPgS', 'RqlLSPgS'],
        shape=(8, 8),
    )
    eigvals of hessian_by_imag_M: DiagonalTensor(
        [-49.3383105  -37.557522   -30.1259074  -18.48424218  12.44459692  26.1528193   34.03200758  62.87655829]
        labels=['ZyiwWKYT', 'ZyiwWKYT'],
        shape=(8, 8),
    )
SNAG:
    iter_times, elapsed_time, sqdiff: 300, 0.41484904289245605, 1.330426981679764
    MSN: Tensor(
        [[ 0.78738757-0.10521103j  0.48141388+0.68771372j -0.01370131+0.56676684j  0.11542448+0.26631752j]
         [-1.1566515 -0.3582292j  -0.95900174-0.48084929j  0.1584092 -0.31795087j -0.63049283+0.10534298j]
         [-0.50591896+0.50971369j  0.30673506+0.4996622j   0.26833256-0.22883322j  0.51638005+0.53075263j]
         [ 0.02418969+0.52254293j  0.57714105+0.5319555j   0.14483342-0.07433161j  0.62444651+0.35099951j]]
        labels=['kl', 'kr'],
        shape=(4, 4),
    )
    grad_by_real_M: Tensor(
        [ 1.12410081e-14+1.66533454e-16j  8.29891711e-15-1.18178037e-16j -4.19109192e-15+2.91433544e-16j  1.31838984e-15-4.23272528e-16j -3.71230824e-15+1.94289029e-16j -2.28983499e-15+2.77555756e-17j
          7.77156117e-16-7.46798456e-16j  1.62942576e-14+7.04297731e-16j]
        labels=[('kl', 'YtfEGivC')],
        shape=(8,),
    )
    grad_by_imag_M: Tensor(
        [ 1.97064587e-15+8.32667268e-17j  8.84535500e-15-9.71445147e-16j  3.78863607e-15-1.13797860e-15j -5.15559817e-15+6.93889390e-17j -5.24580379e-15-1.73472348e-16j -5.49560397e-15-1.45716772e-16j
          4.64298738e-15+2.22044605e-16j -7.45931095e-16-6.88685220e-16j]
        labels=[('kl', 'YtfEGivC')],
        shape=(8,),
    )
    hessian_by_real_M: Tensor(
        [[11.74415116+4.44089210e-16j  8.25742576+4.44089210e-16j  1.39818781+0.00000000e+00j  0.32292868+1.11022302e-16j  1.12965325+0.00000000e+00j  2.85173814-1.11022302e-16j -0.19237053+0.00000000e+00j
           1.9188312 +0.00000000e+00j]
         [ 8.25742576+4.44089210e-16j 15.32961002+0.00000000e+00j  3.96747709+1.11022302e-16j  0.80502327+0.00000000e+00j -0.12601495-2.77555756e-17j  0.38303946+2.22044605e-16j -0.24089401+0.00000000e+00j
          -0.49957734+0.00000000e+00j]
         [ 1.39818781+0.00000000e+00j  3.96747709+1.11022302e-16j  7.2803743 +2.22044605e-16j  4.51963422+4.44089210e-16j  1.49881179+1.11022302e-16j  1.0909256 -8.32667268e-17j -0.89728474-1.66533454e-16j
          -1.65325887+0.00000000e+00j]
         [ 0.32292868+1.11022302e-16j  0.80502327+0.00000000e+00j  4.51963422+4.44089210e-16j  9.46485773-4.44089210e-16j  0.39674266-1.11022302e-16j -0.43651324+2.77555756e-17j  1.17672258+0.00000000e+00j
          -1.36609793+2.22044605e-16j]
         [ 1.12965325+0.00000000e+00j -0.12601495-2.77555756e-17j  1.49881179+1.11022302e-16j  0.39674266-1.11022302e-16j  7.10934075+2.22044605e-16j  4.5054854 -4.44089210e-16j  0.37012886+0.00000000e+00j
           0.56102922+1.11022302e-16j]
         [ 2.85173814-1.11022302e-16j  0.38303946+2.22044605e-16j  1.0909256 -8.32667268e-17j -0.43651324+2.77555756e-17j  4.5054854 -4.44089210e-16j 10.37245897+0.00000000e+00j  0.87734802+2.22044605e-16j
           4.02494755+0.00000000e+00j]
         [-0.19237053+0.00000000e+00j -0.24089401+0.00000000e+00j -0.89728474-1.66533454e-16j  1.17672258+0.00000000e+00j  0.37012886+0.00000000e+00j  0.87734802+2.22044605e-16j  7.70838365-2.22044605e-16j
           4.64550135+0.00000000e+00j]
         [ 1.9188312 +0.00000000e+00j -0.49957734+0.00000000e+00j -1.65325887+0.00000000e+00j -1.36609793+2.22044605e-16j  0.56102922+1.11022302e-16j  4.02494755+0.00000000e+00j  4.64550135+0.00000000e+00j
          10.86492381+0.00000000e+00j]]
        labels=[('kl', 'YtfEGivC'), ('kl*', 'YtfEGivC*')],
        shape=(8, 8),
    )
    hessian_by_imag_M: Tensor(
        [[ 0.        +0.00000000e+00j -6.40243242+0.00000000e+00j -2.35119232+0.00000000e+00j -1.07240101+1.66533454e-16j  1.13902681+0.00000000e+00j  1.6559778 +0.00000000e+00j  2.64655236-4.16333634e-17j
           3.24923639-2.22044605e-16j]
