b=4, chi=2, seed=716, 
NOR:
    iter_times, elapsed_time, sqdiff: 300, 0.3884000778198242, 1.8868102913120866
    grad_by_real_M: Tensor(
        [-1.09356968e-14  3.44169138e-15  4.71844785e-15 -6.77236045e-15  2.33146835e-15  4.38538095e-15  1.22124533e-14  6.36990460e-15]
        labels=[('kl', 'GRdbFWNh')],
        shape=(8,),
    )
    hessian_by_real_M: Tensor(
        [[ 86.21790836 -28.28512425   1.53376715  -2.31666679 -10.41702176 -11.80102697   5.41988126  17.21765702]
         [-28.28512425  28.17344726   3.8537629    1.34305214   6.92085089  -0.38015558   2.68746233  -3.14296041]
         [  1.53376715   3.8537629   66.69541768 -25.39769845  -1.70401533  -1.44507654  -5.43588759  -6.67436762]
         [ -2.31666679   1.34305214 -25.39769845  32.40306916   6.2966262    8.80053227   3.92714025  -4.78436314]
         [-10.41702176   6.92085089  -1.70401533   6.2966262   52.525694     1.1923702    2.18767759 -16.54761281]
         [-11.80102697  -0.38015558  -1.44507654   8.80053227   1.1923702   20.04129624  -5.02115906  -0.54201807]
         [  5.41988126   2.68746233  -5.43588759   3.92714025   2.18767759  -5.02115906  57.17331491 -19.85259172]
         [ 17.21765702  -3.14296041  -6.67436762  -4.78436314 -16.54761281  -0.54201807 -19.85259172  40.18106123]]
        labels=[('kl', 'GRdbFWNh'), ('kl*', 'GRdbFWNh*')],
        shape=(8, 8),
    )
    hessian_by_real_M_ver2: Tensor(
        [[ 86.21790836+4.44089210e-16j -28.28512425+8.88178420e-16j   1.53376715+4.44089210e-16j  -2.31666679-8.88178420e-16j -10.41702176+0.00000000e+00j -11.80102697-8.88178420e-16j
            5.41988126+1.77635684e-15j  17.21765702+0.00000000e+00j]
         [-28.28512425+8.88178420e-16j  28.17344726+1.77635684e-15j   3.8537629 -6.66133815e-16j   1.34305214+0.00000000e+00j   6.92085089-2.22044605e-16j  -0.38015558-4.44089210e-16j
            2.68746233-1.33226763e-15j  -3.14296041-4.44089210e-16j]
         [  1.53376715+4.44089210e-16j   3.8537629 -6.66133815e-16j  66.69541768+0.00000000e+00j -25.39769845-4.44089210e-16j  -1.70401533+0.00000000e+00j  -1.44507654-8.88178420e-16j
           -5.43588759-4.44089210e-16j  -6.67436762-8.88178420e-16j]
         [ -2.31666679-8.88178420e-16j   1.34305214+0.00000000e+00j -25.39769845-4.44089210e-16j  32.40306916-1.77635684e-15j   6.2966262 -1.11022302e-16j   8.80053227+0.00000000e+00j
            3.92714025-2.22044605e-16j  -4.78436314-4.44089210e-16j]
         [-10.41702176+0.00000000e+00j   6.92085089-2.22044605e-16j  -1.70401533+0.00000000e+00j   6.2966262 -1.11022302e-16j  52.525694  +4.44089210e-16j   1.1923702 +8.88178420e-16j
            2.18767759+4.44089210e-16j -16.54761281-1.11022302e-16j]
         [-11.80102697-8.88178420e-16j  -0.38015558-4.44089210e-16j  -1.44507654-8.88178420e-16j   8.80053227+0.00000000e+00j   1.1923702 +8.88178420e-16j  20.04129624+0.00000000e+00j
           -5.02115906+4.44089210e-16j  -0.54201807+8.88178420e-16j]
         [  5.41988126+1.77635684e-15j   2.68746233-1.33226763e-15j  -5.43588759-4.44089210e-16j   3.92714025-2.22044605e-16j   2.18767759+4.44089210e-16j  -5.02115906+4.44089210e-16j
           57.17331491+2.44249065e-15j -19.85259172+1.77635684e-15j]
         [ 17.21765702+0.00000000e+00j  -3.14296041-4.44089210e-16j  -6.67436762-8.88178420e-16j  -4.78436314-4.44089210e-16j -16.54761281-1.11022302e-16j  -0.54201807+8.88178420e-16j
          -19.85259172+1.77635684e-15j  40.18106123+8.88178420e-16j]]
        labels=[('kl', 'GRdbFWNh'), ('kl*', 'GRdbFWNh*')],
        shape=(8, 8),
    )
    S of eigh of hessian_by_real_M: DiagonalTensor(
        [  6.53604392  15.22399357  20.91343673  27.88109551  48.92554336  71.70718975  82.8022715  109.4216345 ]
        labels=['txXmuMWO', 'txXmuMWO'],
        shape=(8, 8),
    )
WCOR:
    iter_times, elapsed_time, sqdiff: 300, 0.6267011165618896, 1.886810291312086
    grad_by_real_M: Tensor(
        [ 3.94129174e-15 -8.88178420e-15  2.37587727e-14 -1.59317004e-14  1.06581410e-14 -1.19904087e-14  1.90958360e-14 -2.23709939e-14]
        labels=[('kl', 'GRdbFWNh')],
        shape=(8,),
    )
    hessian_by_real_M: Tensor(
        [[ 89.94633049 -24.01709291   1.2539323   -0.85084817 -11.39095472 -12.03539819   5.59021428  19.1935662 ]
         [-24.01709291  29.04317673   4.07277187   1.05504211   6.44969233  -1.99286327   4.47137038  -2.11893684]
         [  1.2539323    4.07277187  69.79282597 -22.90993461  -1.52779109  -3.25970989  -5.93721629  -7.48093476]
         [ -0.85084817   1.05504211 -22.90993461  35.1122198    7.56563151  11.61246782   4.30856505  -6.59755543]
         [-11.39095472   6.44969233  -1.52779109   7.56563151  54.74107293   6.25455555   2.22467559 -18.42278131]
         [-12.03539819  -1.99286327  -3.25970989  11.61246782   6.25455555  24.42078834  -5.31202439  -2.73850289]
         [  5.59021428   4.47137038  -5.93721629   4.30856505   2.22467559  -5.31202439  59.22436864 -16.41217588]
         [ 19.1935662   -2.11893684  -7.48093476  -6.59755543 -18.42278131  -2.73850289 -16.41217588  44.22608679]]
        labels=[('kl', 'GRdbFWNh'), ('kl*', 'GRdbFWNh*')],
        shape=(8, 8),
    )
    hessian_by_real_M_ver2: Tensor(
        [[ 89.94633049-8.88178420e-16j -24.01709291+1.55431223e-15j   1.2539323 +0.00000000e+00j  -0.85084817+0.00000000e+00j -11.39095472+0.00000000e+00j -12.03539819+1.77635684e-15j
            5.59021428+1.77635684e-15j  19.1935662 +1.33226763e-15j]
         [-24.01709291+1.55431223e-15j  29.04317673+8.88178420e-16j   4.07277187+0.00000000e+00j   1.05504211-3.88578059e-16j   6.44969233+1.11022302e-15j  -1.99286327+0.00000000e+00j
            4.47137038+0.00000000e+00j  -2.11893684-4.44089210e-16j]
         [  1.2539323 +0.00000000e+00j   4.07277187+0.00000000e+00j  69.79282597-2.66453526e-15j -22.90993461-4.44089210e-16j  -1.52779109-1.77635684e-15j  -3.25970989+8.88178420e-16j
           -5.93721629-8.88178420e-16j  -7.48093476+8.88178420e-16j]
         [ -0.85084817+0.00000000e+00j   1.05504211-3.88578059e-16j -22.90993461-4.44089210e-16j  35.1122198 +1.77635684e-15j   7.56563151+9.99200722e-16j  11.61246782-4.44089210e-16j
            4.30856505+0.00000000e+00j  -6.59755543+4.44089210e-16j]
         [-11.39095472+0.00000000e+00j   6.44969233+1.11022302e-15j  -1.52779109-1.77635684e-15j   7.56563151+9.99200722e-16j  54.74107293-4.44089210e-16j   6.25455555+0.00000000e+00j
            2.22467559+0.00000000e+00j -18.42278131+5.55111512e-17j]
         [-12.03539819+1.77635684e-15j  -1.99286327+0.00000000e+00j  -3.25970989+8.88178420e-16j  11.61246782-4.44089210e-16j   6.25455555+0.00000000e+00j  24.42078834+8.88178420e-16j
           -5.31202439-4.44089210e-16j  -2.73850289+8.88178420e-16j]
         [  5.59021428+1.77635684e-15j   4.47137038+0.00000000e+00j  -5.93721629-8.88178420e-16j   4.30856505+0.00000000e+00j   2.22467559+0.00000000e+00j  -5.31202439-4.44089210e-16j
           59.22436864+2.22044605e-16j -16.41217588+0.00000000e+00j]
         [ 19.1935662 +1.33226763e-15j  -2.11893684-4.44089210e-16j  -7.48093476+8.88178420e-16j  -6.59755543+4.44089210e-16j -18.42278131+5.55111512e-17j  -2.73850289+8.88178420e-16j
          -16.41217588+0.00000000e+00j  44.22608679+0.00000000e+00j]]
        labels=[('kl', 'GRdbFWNh'), ('kl*', 'GRdbFWNh*')],
        shape=(8, 8),
    )
    S of eigh of hessian_by_real_M: DiagonalTensor(
        [  8.32366372  18.67419736  25.17649055  32.40703032  52.93002114  71.32281009  84.834504   112.8381525 ]
        labels=['txXmuMWO', 'txXmuMWO'],
        shape=(8, 8),
    )
WROR:
    iter_times, elapsed_time, sqdiff: 300, 0.5680480003356934, 1.8868102913120892
    grad_by_real_M: Tensor(
        [-3.40838469e-14  5.44009282e-15  6.03683770e-14 -7.16926518e-14 -1.09912079e-14 -2.91988655e-14  2.22044605e-16  4.31460423e-14]
        labels=[('kl', 'GRdbFWNh')],
        shape=(8,),
    )
    hessian_by_real_M: Tensor(
        [[102.23244256 -37.93898304  -2.00603574  10.05964467 -21.15736374   5.9993107    9.84954525  10.36137667]
         [-37.93898304  45.62156914   0.70943098  -4.63957969   6.48659384 -14.17981987   9.46161768  -1.06740751]
         [ -2.00603574   0.70943098  81.79161052 -36.09366207   3.24679768 -14.79582864 -11.61019672  -4.40963401]
         [ 10.05964467  -4.63957969 -36.09366207  53.54609336  12.15961284  18.34569814  10.8673671  -13.85892287]
         [-21.15736374   6.48659384   3.24679768  12.15961284  69.65833848  -4.80656073  -2.53325004 -19.05514095]
         [  5.9993107  -14.17981987 -14.79582864  18.34569814  -4.80656073  37.69595989  -0.41330703  -5.62022949]
         [  9.84954525   9.46161768 -11.61019672  10.8673671   -2.53325004  -0.41330703  64.7840616  -21.04399979]
         [ 10.36137667  -1.06740751  -4.40963401 -13.85892287 -19.05514095  -5.62022949 -21.04399979  51.92556355]]
        labels=[('kl', 'GRdbFWNh'), ('kl*', 'GRdbFWNh*')],
        shape=(8, 8),
    )
    hessian_by_real_M_ver2: Tensor(
        [[102.23244256+0.00000000e+00j -37.93898304+0.00000000e+00j  -2.00603574+0.00000000e+00j  10.05964467+0.00000000e+00j -21.15736374-2.66453526e-15j   5.9993107 -1.77635684e-15j
            9.84954525+1.77635684e-15j  10.36137667-8.88178420e-16j]
         [-37.93898304+0.00000000e+00j  45.62156914+2.22044605e-15j   0.70943098+4.44089210e-16j  -4.63957969+5.55111512e-16j   6.48659384+8.88178420e-16j -14.17981987+4.44089210e-16j
            9.46161768+0.00000000e+00j  -1.06740751-2.22044605e-16j]
         [ -2.00603574+0.00000000e+00j   0.70943098+4.44089210e-16j  81.79161052+3.88578059e-16j -36.09366207+1.77635684e-15j   3.24679768+1.77635684e-15j -14.79582864-8.88178420e-16j
          -11.61019672-1.77635684e-15j  -4.40963401+0.00000000e+00j]
         [ 10.05964467+0.00000000e+00j  -4.63957969+5.55111512e-16j -36.09366207+1.77635684e-15j  53.54609336+0.00000000e+00j  12.15961284+0.00000000e+00j  18.34569814-1.11022302e-15j
           10.8673671 -1.44328993e-15j -13.85892287+2.66453526e-15j]
         [-21.15736374-2.66453526e-15j   6.48659384+8.88178420e-16j   3.24679768+1.77635684e-15j  12.15961284+0.00000000e+00j  69.65833848+8.88178420e-16j  -4.80656073+3.55271368e-15j
           -2.53325004-2.22044605e-15j -19.05514095-8.88178420e-16j]
         [  5.9993107 -1.77635684e-15j -14.17981987+4.44089210e-16j -14.79582864-8.88178420e-16j  18.34569814-1.11022302e-15j  -4.80656073+3.55271368e-15j  37.69595989-7.77156117e-16j
           -0.41330703-1.77635684e-15j  -5.62022949+1.77635684e-15j]
         [  9.84954525+1.77635684e-15j   9.46161768+0.00000000e+00j -11.61019672-1.77635684e-15j  10.8673671 -1.44328993e-15j  -2.53325004-2.22044605e-15j  -0.41330703-1.77635684e-15j
           64.7840616 -8.88178420e-16j -21.04399979+1.77635684e-15j]
         [ 10.36137667-8.88178420e-16j  -1.06740751-2.22044605e-16j  -4.40963401+0.00000000e+00j -13.85892287+2.66453526e-15j -19.05514095-8.88178420e-16j  -5.62022949+1.77635684e-15j
          -21.04399979+1.77635684e-15j  51.92556355+2.66453526e-15j]]
        labels=[('kl', 'GRdbFWNh'), ('kl*', 'GRdbFWNh*')],
        shape=(8, 8),
    )
    S of eigh of hessian_by_real_M: DiagonalTensor(
        [ 13.34588416  21.49693307  23.36036559  44.66006128  69.16203281  79.77210892 118.43288959 137.02536369]
        labels=['XYnRdjMi', 'XYnRdjMi'],
        shape=(8, 8),
    )
IWROR:
    iter_times, elapsed_time, sqdiff: 300, 0.5472109317779541, 1.8868102913120843
    grad_by_real_M: Tensor(
        [-1.60982339e-14 -1.63202785e-14  2.36199948e-14  4.36595204e-14  1.99840144e-14  6.46704912e-14 -1.57651669e-14 -6.48786580e-14]
        labels=[('kl', 'GRdbFWNh')],
        shape=(8,),
    )
    hessian_by_real_M: Tensor(
        [[101.93393409 -32.63652059  -1.90315038  10.61068443 -20.30301133   6.741553     8.93889158   9.06398157]
         [-32.63652059  44.00792683   0.21229342  -4.58356549   4.64359218 -15.59638361  11.00132423   1.43992622]
         [ -1.90315038   0.21229342  81.48984001 -32.23928058   2.70424597 -16.33048914 -11.05802824  -4.36358892]
         [ 10.61068443  -4.58356549 -32.23928058  51.5374425   12.7261099   18.84141027  10.56431482 -14.5742838 ]
         [-20.30301133   4.64359218   2.70424597  12.7261099   67.8086531   -2.26899652  -1.57531976 -17.57499023]
         [  6.741553   -15.59638361 -16.33048914  18.84141027  -2.26899652  40.73689285  -0.88751962  -7.91095205]
         [  8.93889158  11.00132423 -11.05802824  10.56431482  -1.57531976  -0.88751962  64.49732423 -18.2185691 ]
         [  9.06398157   1.43992622  -4.36358892 -14.5742838  -17.57499023  -7.91095205 -18.2185691   50.18416495]]
        labels=[('kl', 'GRdbFWNh'), ('kl*', 'GRdbFWNh*')],
        shape=(8, 8),
    )
    hessian_by_real_M_ver2: Tensor(
        [[101.93393409-3.55271368e-15j -32.63652059+0.00000000e+00j  -1.90315038+0.00000000e+00j  10.61068443+0.00000000e+00j -20.30301133+0.00000000e+00j   6.741553  -1.77635684e-15j
            8.93889158+0.00000000e+00j   9.06398157-8.88178420e-16j]
         [-32.63652059+0.00000000e+00j  44.00792683+0.00000000e+00j   0.21229342+0.00000000e+00j  -4.58356549-1.11022302e-16j   4.64359218+0.00000000e+00j -15.59638361+8.88178420e-16j
           11.00132423+8.88178420e-16j   1.43992622+5.55111512e-16j]
         [ -1.90315038+0.00000000e+00j   0.21229342+0.00000000e+00j  81.48984001+1.22124533e-15j -32.23928058-3.55271368e-15j   2.70424597+0.00000000e+00j -16.33048914+8.88178420e-16j
          -11.05802824+0.00000000e+00j  -4.36358892+3.55271368e-15j]
         [ 10.61068443+0.00000000e+00j  -4.58356549-1.11022302e-16j -32.23928058-3.55271368e-15j  51.5374425 +8.88178420e-16j  12.7261099 +8.88178420e-16j  18.84141027+4.44089210e-16j
           10.56431482+1.33226763e-15j -14.5742838 +8.88178420e-16j]
         [-20.30301133+0.00000000e+00j   4.64359218+0.00000000e+00j   2.70424597+0.00000000e+00j  12.7261099 +8.88178420e-16j  67.8086531 -1.77635684e-15j  -2.26899652+0.00000000e+00j
           -1.57531976+4.44089210e-16j -17.57499023-1.77635684e-15j]
         [  6.741553  -1.77635684e-15j -15.59638361+8.88178420e-16j -16.33048914+8.88178420e-16j  18.84141027+4.44089210e-16j  -2.26899652+0.00000000e+00j  40.73689285+2.44249065e-15j
           -0.88751962-1.33226763e-15j  -7.91095205+0.00000000e+00j]
         [  8.93889158+0.00000000e+00j  11.00132423+8.88178420e-16j -11.05802824+0.00000000e+00j  10.56431482+1.33226763e-15j  -1.57531976+4.44089210e-16j  -0.88751962-1.33226763e-15j
           64.49732423+8.88178420e-16j -18.2185691 +0.00000000e+00j]
         [  9.06398157-8.88178420e-16j   1.43992622+5.55111512e-16j  -4.36358892+3.55271368e-15j -14.5742838 +8.88178420e-16j -17.57499023-1.77635684e-15j  -7.91095205+0.00000000e+00j
          -18.2185691 +0.00000000e+00j  50.18416495+1.77635684e-15j]]
        labels=[('kl', 'GRdbFWNh'), ('kl*', 'GRdbFWNh*')],
        shape=(8, 8),
    )
    S of eigh of hessian_by_real_M: DiagonalTensor(
        [ 14.71400439  22.19265212  24.48563457  45.97906021  70.36681374  77.73488286 114.94174232 131.78138835]
        labels=['VuqLwCRY', 'VuqLwCRY'],
        shape=(8, 8),
    )
WLBOR:
    iter_times, elapsed_time, sqdiff: 300, 1.4624600410461426, 1.8868102913120852
    grad_by_real_M: Tensor(
        [ 1.61099850e-09  1.85517950e-09  2.23890723e-09 -9.46570605e-09 -5.22388266e-09  4.24375329e-09  1.62711677e-09  2.52208913e-09]
        labels=[('kl', 'GRdbFWNh')],
        shape=(8,),
    )
    hessian_by_real_M: Tensor(
        [[ 86.14598489 -28.3359129    1.51919896  -2.30356106 -10.42449291 -11.76739795   5.40715847  17.19426195]
         [-28.3359129   28.2046216    3.84824436   1.33389637   6.91979953  -0.38660465   2.69803792  -3.16008423]
         [  1.51919896   3.84824436  66.64905533 -25.44058458  -1.69470232  -1.45352341  -5.43935615  -6.66751051]
         [ -2.30356106   1.33389637 -25.44058458  32.43550282   6.29453663   8.80073702   3.93870421  -4.78659925]
         [-10.42449291   6.91979953  -1.69470232   6.29453663  52.47032403   1.15389296   2.18894083 -16.54694697]
         [-11.76739795  -0.38660465  -1.45352341   8.80073702   1.15389296  20.02939186  -5.01352833  -0.5263258 ]
         [  5.40715847   2.69803792  -5.43935615   3.93870421   2.18894083  -5.01352833  57.11022951 -19.88287561]
         [ 17.19426195  -3.16008423  -6.66751051  -4.78659925 -16.54694697  -0.5263258  -19.88287561  40.1904374 ]]
        labels=[('kl', 'GRdbFWNh'), ('kl*', 'GRdbFWNh*')],
        shape=(8, 8),
    )
    hessian_by_real_M_ver2: Tensor(
        [[ 86.14598489+2.66453526e-15j -28.3359129 +1.33226763e-15j   1.51919896-8.88178420e-16j  -2.30356106+1.77635684e-15j -10.42449291+2.66453526e-15j -11.76739795+0.00000000e+00j
            5.40715847+0.00000000e+00j  17.19426195-8.88178420e-16j]
         [-28.3359129 +1.33226763e-15j  28.2046216 -8.88178420e-16j   3.84824436+0.00000000e+00j   1.33389637-5.55111512e-16j   6.91979953+4.44089210e-16j  -0.38660465+4.44089210e-16j
            2.69803792-4.44089210e-16j  -3.16008423+0.00000000e+00j]
         [  1.51919896-8.88178420e-16j   3.84824436+0.00000000e+00j  66.64905533+1.77635684e-15j -25.44058458+8.88178420e-16j  -1.69470232+8.88178420e-16j  -1.45352341+0.00000000e+00j
           -5.43935615-8.88178420e-16j  -6.66751051+8.88178420e-16j]
         [ -2.30356106+1.77635684e-15j   1.33389637-5.55111512e-16j -25.44058458+8.88178420e-16j  32.43550282+0.00000000e+00j   6.29453663+1.11022302e-16j   8.80073702+0.00000000e+00j
            3.93870421+4.44089210e-16j  -4.78659925+0.00000000e+00j]
         [-10.42449291+2.66453526e-15j   6.91979953+4.44089210e-16j  -1.69470232+8.88178420e-16j   6.29453663+1.11022302e-16j  52.47032403-6.66133815e-16j   1.15389296+0.00000000e+00j
            2.18894083-8.88178420e-16j -16.54694697+6.66133815e-16j]
         [-11.76739795+0.00000000e+00j  -0.38660465+4.44089210e-16j  -1.45352341+0.00000000e+00j   8.80073702+0.00000000e+00j   1.15389296+0.00000000e+00j  20.02939186-8.88178420e-16j
           -5.01352833+8.88178420e-16j  -0.5263258 +8.88178420e-16j]
         [  5.40715847+0.00000000e+00j   2.69803792-4.44089210e-16j  -5.43935615-8.88178420e-16j   3.93870421+4.44089210e-16j   2.18894083-8.88178420e-16j  -5.01352833+8.88178420e-16j
           57.11022951-6.66133815e-16j -19.88287561+0.00000000e+00j]
         [ 17.19426195-8.88178420e-16j  -3.16008423+0.00000000e+00j  -6.66751051+8.88178420e-16j  -4.78659925+0.00000000e+00j -16.54694697+6.66133815e-16j  -0.5263258 +8.88178420e-16j
          -19.88287561+0.00000000e+00j  40.1904374 +1.77635684e-15j]]
        labels=[('kl', 'GRdbFWNh'), ('kl*', 'GRdbFWNh*')],
        shape=(8, 8),
    )
    S of eigh of hessian_by_real_M: DiagonalTensor(
        [  6.53095515  15.20449988  20.8828892   27.87129658  48.86899796  71.6823656   82.81140084 109.38314224]
        labels=['txXmuMWO', 'txXmuMWO'],
        shape=(8, 8),
    )
WNAG:
    iter_times, elapsed_time, sqdiff: 300, 0.6172580718994141, 1.8962595842544543
    grad_by_real_M: Tensor(
        [ 1.19945567 -3.1670768  -0.52946771  3.50185808  0.38420979  1.39113135 -0.94264466  4.39980146]
        labels=[('kl', 'GRdbFWNh')],
        shape=(8,),
    )
    hessian_by_real_M: Tensor(
        [[ 5.12799387e+02 -1.25054596e+03 -1.99500925e+01  1.32010721e+02 -6.93341304e+01  2.67755036e+02 -6.87905957e+01  2.81584555e+02]
         [-1.25054596e+03  4.93037536e+03 -1.16023759e+01 -2.19603547e+02  1.22566972e+02 -7.98883582e+02  3.50570991e+01 -5.62335878e+02]
         [-1.99500925e+01 -1.16023759e+01  6.03537431e+02 -1.48076407e+03  1.75178746e+02 -5.92853842e+02 -1.12068861e+02  5.77618950e+02]
         [ 1.32010721e+02 -2.19603547e+02 -1.48076407e+03  5.91146724e+03 -2.94162218e+02  1.86083976e+03  1.29634049e-01 -1.20061063e+03]
         [-6.93341304e+01  1.22566972e+02  1.75178746e+02 -2.94162218e+02  3.36618321e+02 -8.42340331e+02 -5.63699522e+00  3.75628800e+02]
         [ 2.67755036e+02 -7.98883582e+02 -5.92853842e+02  1.86083976e+03 -8.42340331e+02  3.52346253e+03 -3.18124511e+02 -2.21527759e+02]
         [-6.87905957e+01  3.50570991e+01 -1.12068861e+02  1.29634049e-01 -5.63699522e+00 -3.18124511e+02  6.50079414e+02 -1.57750483e+03]
         [ 2.81584555e+02 -5.62335878e+02  5.77618950e+02 -1.20061063e+03  3.75628800e+02 -2.21527759e+02 -1.57750483e+03  6.41887964e+03]]
        labels=[('kl', 'GRdbFWNh'), ('kl*', 'GRdbFWNh*')],
        shape=(8, 8),
    )
    hessian_by_real_M_ver2: Tensor(
        [[ 5.12799387e+02+1.42108547e-14j -1.25054596e+03-1.13686838e-13j -1.99500925e+01-3.55271368e-15j  1.32010721e+02-1.42108547e-14j -6.93341304e+01-7.10542736e-15j  2.67755036e+02+1.42108547e-14j
          -6.87905957e+01+0.00000000e+00j  2.81584555e+02-3.55271368e-15j]
         [-1.25054596e+03-1.13686838e-13j  4.93037536e+03-4.54747351e-13j -1.16023759e+01+0.00000000e+00j -2.19603547e+02+8.52651283e-14j  1.22566972e+02+0.00000000e+00j -7.98883582e+02-2.84217094e-14j
           3.50570991e+01+0.00000000e+00j -5.62335878e+02+0.00000000e+00j]
         [-1.99500925e+01-3.55271368e-15j -1.16023759e+01+0.00000000e+00j  6.03537431e+02+2.84217094e-14j -1.48076407e+03+0.00000000e+00j  1.75178746e+02+0.00000000e+00j -5.92853842e+02-2.84217094e-14j
          -1.12068861e+02+2.84217094e-14j  5.77618950e+02+1.42108547e-14j]
         [ 1.32010721e+02-1.42108547e-14j -2.19603547e+02+8.52651283e-14j -1.48076407e+03+0.00000000e+00j  5.91146724e+03+0.00000000e+00j -2.94162218e+02+5.68434189e-14j  1.86083976e+03+1.13686838e-13j
           1.29634049e-01+1.13686838e-13j -1.20061063e+03-1.13686838e-13j]
         [-6.93341304e+01-7.10542736e-15j  1.22566972e+02+0.00000000e+00j  1.75178746e+02+0.00000000e+00j -2.94162218e+02+5.68434189e-14j  3.36618321e+02+1.42108547e-14j -8.42340331e+02+0.00000000e+00j
          -5.63699522e+00+1.42108547e-14j  3.75628800e+02+2.84217094e-14j]
         [ 2.67755036e+02+1.42108547e-14j -7.98883582e+02-2.84217094e-14j -5.92853842e+02-2.84217094e-14j  1.86083976e+03+1.13686838e-13j -8.42340331e+02+0.00000000e+00j  3.52346253e+03+2.27373675e-13j
          -3.18124511e+02-5.68434189e-14j -2.21527759e+02+1.13686838e-13j]
         [-6.87905957e+01+0.00000000e+00j  3.50570991e+01+0.00000000e+00j -1.12068861e+02+2.84217094e-14j  1.29634049e-01+1.13686838e-13j -5.63699522e+00+1.42108547e-14j -3.18124511e+02-5.68434189e-14j
           6.50079414e+02+2.84217094e-14j -1.57750483e+03+1.13686838e-13j]
         [ 2.81584555e+02-3.55271368e-15j -5.62335878e+02+0.00000000e+00j  5.77618950e+02+1.42108547e-14j -1.20061063e+03-1.13686838e-13j  3.75628800e+02+2.84217094e-14j -2.21527759e+02+1.13686838e-13j
          -1.57750483e+03+1.13686838e-13j  6.41887964e+03+0.00000000e+00j]]
        labels=[('kl', 'GRdbFWNh'), ('kl*', 'GRdbFWNh*')],
        shape=(8, 8),
    )
    S of eigh of hessian_by_real_M: DiagonalTensor(
        [  73.85429473  142.71191385  201.21328821  260.67907524 2530.07029148 4710.8071481  6585.90153878 8381.98177286]
        labels=['txXmuMWO', 'txXmuMWO'],
        shape=(8, 8),
    )
SNAG:
    iter_times, elapsed_time, sqdiff: 300, 0.5651397705078125, 1.8868102913120879
    grad_by_real_M: Tensor(
        [ 5.38458167e-15 -2.62290190e-15 -2.14273044e-14 -2.91433544e-15  1.41553436e-14 -2.38697950e-15  2.46469511e-14  1.49880108e-15]
        labels=[('kl', 'GRdbFWNh')],
        shape=(8,),
    )
    hessian_by_real_M: Tensor(
        [[ 9.65944121e+01  5.76409424e+00  5.58520204e+00  5.57420546e+00 -4.54727800e+00 -6.39768377e+00  4.58879848e+00  1.98736106e+01]
         [ 5.76409424e+00  1.90912475e+01  3.77079694e+00  2.58676088e+00  4.99757643e+00 -1.95336784e+00  2.58843916e+00  3.71528162e+00]
         [ 5.58520204e+00  3.77079694e+00  7.41159359e+01  2.79047100e-02 -3.82050267e+00 -8.36976050e+00 -3.01654695e+00 -1.82183580e+00]
         [ 5.57420546e+00  2.58676088e+00  2.79047100e-02  2.24709292e+01  8.13182567e+00  9.32343110e+00  6.62263070e-02 -5.52428638e+00]
         [-4.54727800e+00  4.99757643e+00 -3.82050267e+00  8.13182567e+00  5.73489161e+01  2.09704682e+01  4.31191966e+00 -1.10412525e+01]
         [-6.39768377e+00 -1.95336784e+00 -8.36976050e+00  9.32343110e+00  2.09704682e+01  2.57330587e+01 -5.98683325e+00 -6.74805697e+00]
         [ 4.58879848e+00  2.58843916e+00 -3.01654695e+00  6.62263070e-02  4.31191966e+00 -5.98683325e+00  7.17040877e+01  8.57350889e+00]
         [ 1.98736106e+01  3.71528162e+00 -1.82183580e+00 -5.52428638e+00 -1.10412525e+01 -6.74805697e+00  8.57350889e+00  3.35665076e+01]]
        labels=[('kl', 'GRdbFWNh'), ('kl*', 'GRdbFWNh*')],
        shape=(8, 8),
    )
    hessian_by_real_M_ver2: Tensor(
        [[ 9.65944121e+01+0.00000000e+00j  5.76409424e+00+8.88178420e-16j  5.58520204e+00+2.22044605e-16j  5.57420546e+00-8.88178420e-16j -4.54727800e+00+1.77635684e-15j -6.39768377e+00+0.00000000e+00j
           4.58879848e+00+1.77635684e-15j  1.98736106e+01+1.33226763e-15j]
         [ 5.76409424e+00+8.88178420e-16j  1.90912475e+01+4.44089210e-16j  3.77079694e+00+0.00000000e+00j  2.58676088e+00+0.00000000e+00j  4.99757643e+00+4.44089210e-16j -1.95336784e+00+4.44089210e-16j
           2.58843916e+00-1.11022302e-16j  3.71528162e+00+8.88178420e-16j]
         [ 5.58520204e+00+2.22044605e-16j  3.77079694e+00+0.00000000e+00j  7.41159359e+01+7.10542736e-15j  2.79047100e-02+0.00000000e+00j -3.82050267e+00-8.88178420e-16j -8.36976050e+00-8.88178420e-16j
          -3.01654695e+00-2.22044605e-15j -1.82183580e+00+0.00000000e+00j]
         [ 5.57420546e+00-8.88178420e-16j  2.58676088e+00+0.00000000e+00j  2.79047100e-02+0.00000000e+00j  2.24709292e+01+5.82867088e-16j  8.13182567e+00+2.22044605e-16j  9.32343110e+00-2.22044605e-16j
           6.62263070e-02-2.22044605e-16j -5.52428638e+00-4.44089210e-16j]
         [-4.54727800e+00+1.77635684e-15j  4.99757643e+00+4.44089210e-16j -3.82050267e+00-8.88178420e-16j  8.13182567e+00+2.22044605e-16j  5.73489161e+01-8.88178420e-16j  2.09704682e+01-8.88178420e-16j
           4.31191966e+00-1.77635684e-15j -1.10412525e+01+0.00000000e+00j]
         [-6.39768377e+00+0.00000000e+00j -1.95336784e+00+4.44089210e-16j -8.36976050e+00-8.88178420e-16j  9.32343110e+00-2.22044605e-16j  2.09704682e+01-8.88178420e-16j  2.57330587e+01-8.88178420e-16j
          -5.98683325e+00-2.22044605e-16j -6.74805697e+00+4.44089210e-16j]
         [ 4.58879848e+00+1.77635684e-15j  2.58843916e+00-1.11022302e-16j -3.01654695e+00-2.22044605e-15j  6.62263070e-02-2.22044605e-16j  4.31191966e+00-1.77635684e-15j -5.98683325e+00-2.22044605e-16j
           7.17040877e+01+5.32907052e-15j  8.57350889e+00+0.00000000e+00j]
         [ 1.98736106e+01+1.33226763e-15j  3.71528162e+00+8.88178420e-16j -1.82183580e+00+0.00000000e+00j -5.52428638e+00-4.44089210e-16j -1.10412525e+01+0.00000000e+00j -6.74805697e+00+4.44089210e-16j
           8.57350889e+00+0.00000000e+00j  3.35665076e+01-1.52655666e-16j]]
        labels=[('kl', 'GRdbFWNh'), ('kl*', 'GRdbFWNh*')],
        shape=(8, 8),
    )
    S of eigh of hessian_by_real_M: DiagonalTensor(
        [  8.85640493  18.29094368  20.25080629  26.50532115  68.06369831  70.87766144  79.43461583 108.34564315]
        labels=['txXmuMWO', 'txXmuMWO'],
        shape=(8, 8),
    )
SSpiral(8):
    iter_times, elapsed_time, sqdiff: 300, 1.049264907836914, 1.8868102913120874
    grad_by_real_M: Tensor(
        [-4.94049246e-15 -3.26128013e-16  1.20459198e-14  8.70831185e-16 -7.79931675e-15 -3.12250226e-16 -1.40998324e-14 -4.48426019e-16]
        labels=[('kl', 'GRdbFWNh')],
        shape=(8,),
    )
    hessian_by_real_M: Tensor(
        [[ 8.71431877e+01  2.12048490e+00  2.84213236e+00 -4.25169044e-01 -2.91435751e+00  6.17189156e-03 -3.19641886e+00 -1.23943368e+00]
         [ 2.12048490e+00  1.49837259e-01  1.78870964e-02  1.07073723e-03 -4.68158720e-01 -5.09457673e-03  2.01508662e-01 -2.40113115e-02]
         [ 2.84213236e+00  1.78870964e-02  7.09326870e+01  2.05787431e+00 -2.33539157e+00  6.26179067e-01 -2.50766506e+00 -3.64313791e-01]
         [-4.25169044e-01  1.07073723e-03  2.05787431e+00  1.66137259e-01 -3.75292561e-01  3.68288668e-02  2.54082151e-02 -2.15980283e-02]
         [-2.91435751e+00 -4.68158720e-01 -2.33539157e+00 -3.75292561e-01  4.15586577e+01  4.24867130e-01  9.08262714e+00  5.75822901e-01]
         [ 6.17189156e-03 -5.09457673e-03  6.26179067e-01  3.68288668e-02  4.24867130e-01  8.34373323e-02  3.89354616e-01  8.44097889e-03]
         [-3.19641886e+00  2.01508662e-01 -2.50766506e+00  2.54082151e-02  9.08262714e+00  3.89354616e-01  6.56856755e+01  1.49410945e+00]
         [-1.23943368e+00 -2.40113115e-02 -3.64313791e-01 -2.15980283e-02  5.75822901e-01  8.44097889e-03  1.49410945e+00  1.85536998e-01]]
        labels=[('kl', 'GRdbFWNh'), ('kl*', 'GRdbFWNh*')],
        shape=(8, 8),
    )
    hessian_by_real_M_ver2: Tensor(
        [[ 8.71431877e+01-1.77635684e-15j  2.12048490e+00+0.00000000e+00j  2.84213236e+00-1.33226763e-15j -4.25169044e-01-5.55111512e-17j -2.91435751e+00-8.88178420e-16j  6.17189156e-03-5.55111512e-17j
          -3.19641886e+00-3.55271368e-15j -1.23943368e+00-2.77555756e-17j]
         [ 2.12048490e+00+0.00000000e+00j  1.49837259e-01-6.93889390e-18j  1.78870964e-02+0.00000000e+00j  1.07073723e-03-8.67361738e-19j -4.68158720e-01+1.56125113e-17j -5.09457673e-03+0.00000000e+00j
           2.01508662e-01-5.55111512e-17j -2.40113115e-02-1.73472348e-18j]
         [ 2.84213236e+00-1.33226763e-15j  1.78870964e-02+0.00000000e+00j  7.09326870e+01+0.00000000e+00j  2.05787431e+00+2.22044605e-16j -2.33539157e+00+3.33066907e-16j  6.26179067e-01-4.85722573e-17j
          -2.50766506e+00-2.66453526e-15j -3.64313791e-01+0.00000000e+00j]
         [-4.25169044e-01-5.55111512e-17j  1.07073723e-03-8.67361738e-19j  2.05787431e+00+2.22044605e-16j  1.66137259e-01+1.38777878e-17j -3.75292561e-01+2.08166817e-17j  3.68288668e-02+1.73472348e-18j
           2.54082151e-02+0.00000000e+00j -2.15980283e-02+3.46944695e-18j]
         [-2.91435751e+00-8.88178420e-16j -4.68158720e-01+1.56125113e-17j -2.33539157e+00+3.33066907e-16j -3.75292561e-01+2.08166817e-17j  4.15586577e+01+4.44089210e-16j  4.24867130e-01-5.55111512e-17j
           9.08262714e+00+0.00000000e+00j  5.75822901e-01+0.00000000e+00j]
         [ 6.17189156e-03-5.55111512e-17j -5.09457673e-03+0.00000000e+00j  6.26179067e-01-4.85722573e-17j  3.68288668e-02+1.73472348e-18j  4.24867130e-01-5.55111512e-17j  8.34373323e-02+3.46944695e-18j
           3.89354616e-01+5.55111512e-17j  8.44097889e-03-3.46944695e-18j]
         [-3.19641886e+00-3.55271368e-15j  2.01508662e-01-5.55111512e-17j -2.50766506e+00-2.66453526e-15j  2.54082151e-02+0.00000000e+00j  9.08262714e+00+0.00000000e+00j  3.89354616e-01+5.55111512e-17j
           6.56856755e+01+0.00000000e+00j  1.49410945e+00+4.44089210e-16j]
         [-1.23943368e+00-2.77555756e-17j -2.40113115e-02-1.73472348e-18j -3.64313791e-01+0.00000000e+00j -2.15980283e-02+3.46944695e-18j  5.75822901e-01+0.00000000e+00j  8.44097889e-03-3.46944695e-18j
           1.49410945e+00+4.44089210e-16j  1.85536998e-01+0.00000000e+00j]]
        labels=[('kl', 'GRdbFWNh'), ('kl*', 'GRdbFWNh*')],
        shape=(8, 8),
    )
    S of eigh of hessian_by_real_M: DiagonalTensor(
        [5.81239237e-02 8.99747199e-02 1.07201140e-01 1.41028320e-01 3.84126644e+01 6.64443099e+01 7.18740701e+01 8.87777842e+01]
        labels=['txXmuMWO', 'txXmuMWO'],
        shape=(8, 8),
    )
SSpiral(11):
    iter_times, elapsed_time, sqdiff: 300, 1.0427939891815186, 1.8868102913120874
    grad_by_real_M: Tensor(
        [-1.27287070e-13  3.37299633e-14  2.17881269e-13 -1.04860565e-13 -3.95239397e-14 -1.62647673e-14 -1.78856929e-13  7.24142968e-14]
        labels=[('kl', 'GRdbFWNh')],
        shape=(8,),
    )
    hessian_by_real_M: Tensor(
        [[ 82.21710145 -24.91020698   2.31118616  -1.73924363  -8.33674167 -10.15116891   4.8406054   15.35006805]
         [-24.91020698  23.40827259   3.25197748   0.81196298   5.77471272  -0.86782841   2.79285152  -2.60400713]
         [  2.31118616   3.25197748  63.27840951 -22.70942911  -2.25881054  -2.39412244  -4.40364631  -5.51701188]
         [ -1.73924363   0.81196298 -22.70942911  27.38582015   6.18841717   7.87541706   3.25719732  -4.39263148]
         [ -8.33674167   5.77471272  -2.25881054   6.18841717  49.55006323   1.28224729   2.60985765 -13.99204108]
         [-10.15116891  -0.86782841  -2.39412244   7.87541706   1.28224729  17.01944274  -5.2308858   -0.73184209]
         [  4.8406054    2.79285152  -4.40364631   3.25719732   2.60985765  -5.2308858   55.83068332 -17.8895783 ]
         [ 15.35006805  -2.60400713  -5.51701188  -4.39263148 -13.99204108  -0.73184209 -17.8895783   33.56710164]]
        labels=[('kl', 'GRdbFWNh'), ('kl*', 'GRdbFWNh*')],
        shape=(8, 8),
    )
    hessian_by_real_M_ver2: Tensor(
        [[ 82.21710145-1.55431223e-15j -24.91020698+4.44089210e-16j   2.31118616+4.44089210e-16j  -1.73924363+0.00000000e+00j  -8.33674167+0.00000000e+00j -10.15116891+8.88178420e-16j
            4.8406054 +1.77635684e-15j  15.35006805-8.88178420e-16j]
         [-24.91020698+4.44089210e-16j  23.40827259+8.88178420e-16j   3.25197748+4.44089210e-16j   0.81196298+2.22044605e-16j   5.77471272-6.66133815e-16j  -0.86782841+1.66533454e-16j
            2.79285152+8.88178420e-16j  -2.60400713+0.00000000e+00j]
         [  2.31118616+4.44089210e-16j   3.25197748+4.44089210e-16j  63.27840951+0.00000000e+00j -22.70942911+8.88178420e-16j  -2.25881054+8.88178420e-16j  -2.39412244+0.00000000e+00j
           -4.40364631+0.00000000e+00j  -5.51701188+8.88178420e-16j]
         [ -1.73924363+0.00000000e+00j   0.81196298+2.22044605e-16j -22.70942911+8.88178420e-16j  27.38582015-8.88178420e-16j   6.18841717+6.66133815e-16j   7.87541706+0.00000000e+00j
            3.25719732-2.22044605e-16j  -4.39263148+4.44089210e-16j]
         [ -8.33674167+0.00000000e+00j   5.77471272-6.66133815e-16j  -2.25881054+8.88178420e-16j   6.18841717+6.66133815e-16j  49.55006323+4.44089210e-16j   1.28224729+1.33226763e-15j
            2.60985765+4.44089210e-16j -13.99204108+1.11022302e-16j]
         [-10.15116891+8.88178420e-16j  -0.86782841+1.66533454e-16j  -2.39412244+0.00000000e+00j   7.87541706+0.00000000e+00j   1.28224729+1.33226763e-15j  17.01944274+8.88178420e-16j
           -5.2308858 -6.66133815e-16j  -0.73184209-4.44089210e-16j]
         [  4.8406054 +1.77635684e-15j   2.79285152+8.88178420e-16j  -4.40364631+0.00000000e+00j   3.25719732-2.22044605e-16j   2.60985765+4.44089210e-16j  -5.2308858 -6.66133815e-16j
           55.83068332+4.44089210e-16j -17.8895783 +1.77635684e-15j]
         [ 15.35006805-8.88178420e-16j  -2.60400713+0.00000000e+00j  -5.51701188+8.88178420e-16j  -4.39263148+4.44089210e-16j -13.99204108+1.11022302e-16j  -0.73184209-4.44089210e-16j
          -17.8895783 +1.77635684e-15j  33.56710164+8.88178420e-16j]]
        labels=[('kl', 'GRdbFWNh'), ('kl*', 'GRdbFWNh*')],
        shape=(8, 8),
    )
    S of eigh of hessian_by_real_M: DiagonalTensor(
        [  5.74883358  13.02894184  17.57857812  24.58582776  46.84346982  67.46957411  76.64213525 100.35953414]
        labels=['txXmuMWO', 'txXmuMWO'],
        shape=(8, 8),
    )
SSpiral(14):
    iter_times, elapsed_time, sqdiff: 300, 0.952930212020874, 1.8868102913120868
    grad_by_real_M: Tensor(
        [ 2.42583731e-14 -3.36883299e-14 -4.44089210e-15  2.30371278e-14  3.77475828e-15  1.87072580e-14 -2.33146835e-15 -2.02615702e-14]
        labels=[('kl', 'GRdbFWNh')],
        shape=(8,),
    )
    hessian_by_real_M: Tensor(
        [[ 81.98413418 -27.43579962   2.64942982  -1.11706977  -7.95523615 -10.3398075    5.11939999  17.25788928]
         [-27.43579962  28.37763788   3.3724243    0.97640464   6.61426423  -0.92951472   2.45090877  -3.29977156]
         [  2.64942982   3.3724243   62.88367217 -24.9843825   -2.38800741  -3.06312515  -4.23658951  -5.29993031]
         [ -1.11706977   0.97640464 -24.9843825   33.00923819   7.09288448   9.26053316   3.22129744  -5.15395192]
         [ -7.95523615   6.61426423  -2.38800741   7.09288448  49.88373092   1.33432495   2.42465333 -15.13057942]
         [-10.3398075   -0.92951472  -3.06312515   9.26053316   1.33432495  20.15841042  -5.79657494  -0.62521958]
         [  5.11939999   2.45090877  -4.23658951   3.22129744   2.42465333  -5.79657494  56.13947407 -18.98259846]
         [ 17.25788928  -3.29977156  -5.29993031  -5.15395192 -15.13057942  -0.62521958 -18.98259846  40.27058745]]
        labels=[('kl', 'GRdbFWNh'), ('kl*', 'GRdbFWNh*')],
        shape=(8, 8),
    )
    hessian_by_real_M_ver2: Tensor(
        [[ 81.98413418-2.22044605e-16j -27.43579962+0.00000000e+00j   2.64942982-1.11022302e-15j  -1.11706977+0.00000000e+00j  -7.95523615-8.88178420e-16j -10.3398075 +0.00000000e+00j
            5.11939999-1.77635684e-15j  17.25788928+4.44089210e-16j]
         [-27.43579962+0.00000000e+00j  28.37763788-8.88178420e-16j   3.3724243 +2.22044605e-16j   0.97640464+5.55111512e-16j   6.61426423+2.22044605e-16j  -0.92951472-5.55111512e-17j
            2.45090877-8.88178420e-16j  -3.29977156+4.44089210e-16j]
         [  2.64942982-1.11022302e-15j   3.3724243 +2.22044605e-16j  62.88367217+0.00000000e+00j -24.9843825 +0.00000000e+00j  -2.38800741-8.88178420e-16j  -3.06312515+8.88178420e-16j
           -4.23658951+4.44089210e-16j  -5.29993031-1.77635684e-15j]
         [ -1.11706977+0.00000000e+00j   0.97640464+5.55111512e-16j -24.9843825 +0.00000000e+00j  33.00923819+0.00000000e+00j   7.09288448+2.22044605e-16j   9.26053316-4.44089210e-16j
            3.22129744-2.22044605e-16j  -5.15395192+8.88178420e-16j]
         [ -7.95523615-8.88178420e-16j   6.61426423+2.22044605e-16j  -2.38800741-8.88178420e-16j   7.09288448+2.22044605e-16j  49.88373092-1.55431223e-15j   1.33432495+8.88178420e-16j
            2.42465333-4.44089210e-16j -15.13057942-1.22124533e-15j]
         [-10.3398075 +0.00000000e+00j  -0.92951472-5.55111512e-17j  -3.06312515+8.88178420e-16j   9.26053316-4.44089210e-16j   1.33432495+8.88178420e-16j  20.15841042+8.88178420e-16j
           -5.79657494+0.00000000e+00j  -0.62521958+0.00000000e+00j]
         [  5.11939999-1.77635684e-15j   2.45090877-8.88178420e-16j  -4.23658951+4.44089210e-16j   3.22129744-2.22044605e-16j   2.42465333-4.44089210e-16j  -5.79657494+0.00000000e+00j
           56.13947407-8.88178420e-16j -18.98259846+0.00000000e+00j]
         [ 17.25788928+4.44089210e-16j  -3.29977156+4.44089210e-16j  -5.29993031-1.77635684e-15j  -5.15395192+8.88178420e-16j -15.13057942-1.22124533e-15j  -0.62521958+0.00000000e+00j
          -18.98259846+0.00000000e+00j  40.27058745-8.88178420e-16j]]
        labels=[('kl', 'GRdbFWNh'), ('kl*', 'GRdbFWNh*')],
        shape=(8, 8),
    )
    S of eigh of hessian_by_real_M: DiagonalTensor(
        [  6.9677517   15.35144117  20.74403519  28.21115481  47.59507456  70.05532758  79.5608089  104.22129138]
        labels=['txXmuMWO', 'txXmuMWO'],
        shape=(8, 8),
    )
SSpiral(17):
    iter_times, elapsed_time, sqdiff: 300, 0.9498631954193115, 1.886810291312088
    grad_by_real_M: Tensor(
        [-2.54241073e-14  3.38548634e-14  1.87794225e-13 -1.52600155e-13 -5.05151476e-14 -3.04201109e-14 -7.32747196e-15  8.54039062e-14]
        labels=[('kl', 'GRdbFWNh')],
        shape=(8,),
    )
    hessian_by_real_M: Tensor(
        [[ 78.80962286 -24.92221685   2.51515083  -1.20444756  -7.83001817 -10.39135301   5.11785708  17.21112739]
         [-24.92221685  25.94104128   3.30486813   1.57955328   6.91986058   0.11781424   0.90399911  -2.72178141]
         [  2.51515083   3.30486813  60.40711465 -22.65145662  -2.23824092  -2.13029207  -4.16261018  -4.69110356]
         [ -1.20444756   1.57955328 -22.65145662  29.46351442   5.99193849   7.72973417   2.67715869  -4.10607831]
         [ -7.83001817   6.91986058  -2.23824092   5.99193849  48.25395537   1.46781867   2.15215021 -14.43297865]
         [-10.39135301   0.11781424  -2.13029207   7.72973417   1.46781867  18.53450751  -4.84960509  -0.45854366]
         [  5.11785708   0.90399911  -4.16261018   2.67715869   2.15215021  -4.84960509  53.85526612 -17.07196986]
         [ 17.21112739  -2.72178141  -4.69110356  -4.10607831 -14.43297865  -0.45854366 -17.07196986  37.12704533]]
        labels=[('kl', 'GRdbFWNh'), ('kl*', 'GRdbFWNh*')],
        shape=(8, 8),
    )
    hessian_by_real_M_ver2: Tensor(
