b=4, chi=2, seed=750, 
NOR:
    iter_times, elapsed_time, sqdiff: 300, 0.41194915771484375, 1.9049769514684063
    grad_by_real_M: Tensor(
        [ 5.55111512e-15 -4.77395901e-15  1.18238752e-14 -2.89525348e-15  6.93889390e-16  3.78169718e-15 -1.09912079e-14 -8.52096171e-15]
        labels=[('kl', 'nvucVjjW')],
        shape=(8,),
    )
    hessian_by_real_M: Tensor(
        [[ 67.18848776  16.00124201  28.71742167  -3.37572192  13.08874136   2.71960107  -5.06792006  -9.76737816]
         [ 16.00124201  41.3706729   15.73300849   7.30425166  -2.21329603  -2.99589816   3.30196689  -3.91148829]
         [ 28.71742167  15.73300849  57.30270395   3.61055731   9.77245978  14.73712339 -11.59637575  11.4939653 ]
         [ -3.37572192   7.30425166   3.61055731  31.97826507  -7.87767724   3.40690197   8.89145703  11.52214521]
         [ 13.08874136  -2.21329603   9.77245978  -7.87767724  66.24424227  12.39807943   2.0527678  -14.88966666]
         [  2.71960107  -2.99589816  14.73712339   3.40690197  12.39807943  31.18737181  -5.98158528   8.83885124]
         [ -5.06792006   3.30196689 -11.59637575   8.89145703   2.0527678   -5.98158528  30.61442514   4.43051817]
         [ -9.76737816  -3.91148829  11.4939653   11.52214521 -14.88966666   8.83885124   4.43051817  31.25175537]]
        labels=[('kl', 'nvucVjjW'), ('kl*', 'nvucVjjW*')],
        shape=(8, 8),
    )
    'Tensor' object has no attribute 'transpose'
WCOR:
    iter_times, elapsed_time, sqdiff: 300, 0.6429147720336914, 1.9049769514684076
    grad_by_real_M: Tensor(
        [-2.22044605e-15  2.77555756e-15 -1.87072580e-14  7.09848846e-15 -1.24622535e-14 -8.43075609e-16 -4.66293670e-15 -4.21884749e-15]
        labels=[('kl', 'nvucVjjW')],
        shape=(8,),
    )
    hessian_by_real_M: Tensor(
        [[ 65.80511747  11.0654295   28.43525824  -3.84543131  12.3849738    4.38418661  -4.84307588  -7.39561384]
         [ 11.0654295   31.91389868  14.38713796   5.50490558  -1.51608528  -1.62364834   2.7464245   -2.82704218]
         [ 28.43525824  14.38713796  57.92569012   1.46432663   9.58318203  12.91266958 -14.4839979    8.73025185]
         [ -3.84543131   5.50490558   1.46432663  24.77047049  -7.45185231   2.46942893   5.46994027   9.31936124]
         [ 12.3849738   -1.51608528   9.58318203  -7.45185231  64.23731726   9.72670431   5.26276884 -13.75298527]
         [  4.38418661  -1.62364834  12.91266958   2.46942893   9.72670431  24.96163261  -6.57037226   6.03347836]
         [ -4.84307588   2.7464245  -14.4839979    5.46994027   5.26276884  -6.57037226  31.32208084   0.90463551]
         [ -7.39561384  -2.82704218   8.73025185   9.31936124 -13.75298527   6.03347836   0.90463551  23.56680163]]
        labels=[('kl', 'nvucVjjW'), ('kl*', 'nvucVjjW*')],
        shape=(8, 8),
    )
    'Tensor' object has no attribute 'transpose'
WROR:
    iter_times, elapsed_time, sqdiff: 300, 0.5764048099517822, 1.904976951468406
    grad_by_real_M: Tensor(
        [ 2.35367281e-14 -1.40998324e-14  1.79301018e-14  3.89965837e-15 -1.78745907e-14  1.15185639e-15 -2.03170814e-14 -1.01307851e-14]
        labels=[('kl', 'nvucVjjW')],
        shape=(8,),
    )
    hessian_by_real_M: Tensor(
        [[59.30097808  8.8345265  24.50499603  1.39995655  3.7472286   5.82446481 -6.57408102 -2.6358192 ]
         [ 8.8345265  13.12768951  9.23217659  2.96933518  1.52851213  1.11855149  0.97931137 -0.87301593]
         [24.50499603  9.23217659 46.75498487  5.76418818  9.70249983  4.51119087 -7.31860788  0.53075374]
         [ 1.39995655  2.96933518  5.76418818 10.49596984 -0.80279353  1.0446376  -2.94851069  2.94080504]
         [ 3.7472286   1.52851213  9.70249983 -0.80279353 49.10379789 10.50366781  6.37292572 -4.53878165]
         [ 5.82446481  1.11855149  4.51119087  1.0446376  10.50366781 12.20265341 -4.55812724  0.72256487]
         [-6.57408102  0.97931137 -7.31860788 -2.94851069  6.37292572 -4.55812724 32.48926519  0.57898793]
         [-2.6358192  -0.87301593  0.53075374  2.94080504 -4.53878165  0.72256487  0.57898793  7.92208386]]
        labels=[('kl', 'nvucVjjW'), ('kl*', 'nvucVjjW*')],
        shape=(8, 8),
    )
    'Tensor' object has no attribute 'transpose'
IWROR:
    iter_times, elapsed_time, sqdiff: 300, 0.5456259250640869, 1.9049769514684067
    grad_by_real_M: Tensor(
        [-1.73194792e-14 -1.40998324e-14  1.22679644e-14 -2.40085729e-15 -1.23234756e-14 -1.48353552e-14 -2.24265051e-14  8.32667268e-15]
        labels=[('kl', 'nvucVjjW')],
        shape=(8,),
    )
    hessian_by_real_M: Tensor(
        [[51.51152842  3.39535269 21.13696202 -1.32199562  3.74393508  6.30015495 -5.20343388 -2.17227938]
         [ 3.39535269 17.52226388  8.78774739  3.30695769  1.08492071  0.85544877  1.43911702 -1.11783664]
         [21.13696202  8.78774739 43.03139845  0.926689    8.05789554  5.10308468 -8.99210856  1.12631015]
         [-1.32199562  3.30695769  0.926689   14.3483939  -2.59490289  1.16647638 -2.93755202  4.42213417]
         [ 3.74393508  1.08492071  8.05789554 -2.59490289 43.3410137   6.17653592  8.36735716 -6.84045   ]
         [ 6.30015495  0.85544877  5.10308468  1.16647638  6.17653592 15.76178431 -5.68528216  2.15700963]
         [-5.20343388  1.43911702 -8.99210856 -2.93755202  8.36735716 -5.68528216 29.2158287  -3.30685867]
         [-2.17227938 -1.11783664  1.12631015  4.42213417 -6.84045     2.15700963 -3.30685867 11.61738411]]
        labels=[('kl', 'nvucVjjW'), ('kl*', 'nvucVjjW*')],
        shape=(8, 8),
    )
    'Tensor' object has no attribute 'transpose'
WLBOR:
    iter_times, elapsed_time, sqdiff: 300, 1.5788171291351318, 1.9049769514684063
    grad_by_real_M: Tensor(
        [ 3.61909214e-09 -7.43975226e-09 -3.12721793e-09  2.30921469e-09 -9.14766664e-09 -5.78396090e-09 -1.92270067e-09 -1.86546401e-09]
        labels=[('kl', 'nvucVjjW')],
        shape=(8,),
    )
    hessian_by_real_M: Tensor(
        [[ 67.21263334  15.9133129   28.72521628  -3.43464002  13.10850077   2.71412954  -5.06158313  -9.78913031]
         [ 15.9133129   41.55815346  15.7285448    7.33103667  -2.22675555  -3.01716531   3.33060455  -3.9264805 ]
         [ 28.72521628  15.7285448   57.35192342   3.51179952   9.77000945  14.75789879 -11.62599971  11.53813238]
         [ -3.43464002   7.33103667   3.51179952  32.14345662  -7.91635014   3.41866965   8.92440472  11.55630248]
         [ 13.10850077  -2.22675555   9.77000945  -7.91635014  66.28795661  12.31831191   2.07466241 -14.95225099]
         [  2.71412954  -3.01716531  14.75789879   3.41866965  12.31831191  31.32188039  -6.01101742   8.91711002]
         [ -5.06158313   3.33060455 -11.62599971   8.92440472   2.07466241  -6.01101742  30.62873539   4.36725809]
         [ -9.78913031  -3.9264805   11.53813238  11.55630248 -14.95225099   8.91711002   4.36725809  31.41473784]]
        labels=[('kl', 'nvucVjjW'), ('kl*', 'nvucVjjW*')],
        shape=(8, 8),
    )
    'Tensor' object has no attribute 'transpose'
WNAG:
    iter_times, elapsed_time, sqdiff: 300, 0.5449650287628174, 1.9122097342528526
    grad_by_real_M: Tensor(
        [ 0.28959421  0.07619406  0.40518082  0.20334259 -1.09346389 -0.02533992 -0.30269701  0.14683638]
        labels=[('kl', 'nvucVjjW')],
        shape=(8,),
    )
    hessian_by_real_M: Tensor(
        [[172.93798354  28.07895923  73.6284086    0.71295049  25.20522604  21.92569021 -13.65061062  -1.34510118]
         [ 28.07895923  44.51966071  30.62343225   9.01124295   6.21441767   4.91112848  -1.31177647  -1.93739092]
         [ 73.6284086   30.62343225 155.09026368  21.83887485  25.42533908  15.55881288 -43.12889264   1.79708854]
         [  0.71295049   9.01124295  21.83887485  39.2895554   -6.16725051   2.57176407 -11.7920941    7.68066243]
         [ 25.20522604   6.21441767  25.42533908  -6.16725051 160.19194415  36.85621426  27.41816281 -17.03012742]
         [ 21.92569021   4.91112848  15.55881288   2.57176407  36.85621426  43.22080691  -8.4779394    6.11355532]
         [-13.65061062  -1.31177647 -43.12889264 -11.7920941   27.41816281  -8.4779394   91.31260907   2.08548886]
         [ -1.34510118  -1.93739092   1.79708854   7.68066243 -17.03012742   6.11355532   2.08548886  28.34598343]]
        labels=[('kl', 'nvucVjjW'), ('kl*', 'nvucVjjW*')],
        shape=(8, 8),
    )
