b=4, chi=2, seed=579, 
NOR:
    iter_times, elapsed_time, sqdiff: 300, 0.7113170623779297, 6.8974744740615925
    MSN: Tensor(
        [[ 0.76502443+0.41191376j  0.56611976-0.47765203j -0.36311443+0.46002974j -1.14979051+0.73498787j]
         [ 0.31948484-0.46714567j -0.49969469-0.44194254j  0.40377836+0.10071931j  0.59564134+1.16774832j]
         [-0.36052973+1.13366581j  0.07214792+0.4589974j  -0.26360621-0.86832907j -0.73187703-0.14526767j]
         [ 0.74174452+0.74035023j -0.29650268+0.41306685j -0.72504669-0.81424617j  0.76553413+1.16330704j]]
        labels=['kl', 'kr'],
        shape=(4, 4),
    )
    grad_by_reM_reM: Tensor(
        [-7.04991621e-15+2.10942375e-15j  1.14908083e-14-1.19348975e-15j -4.30211422e-16-1.13797860e-15j  1.07691633e-14+3.33066907e-16j  4.77395901e-15+1.66533454e-15j  1.06581410e-14+2.22044605e-16j -6.60582700e-15+1.11022302e-15j  1.45716772e-15+9.43689571e-16j]
        labels=[('kl', 'JZKoOvNN')],
        shape=(8,),
    )
    grad_by_imM_imM: Tensor(
        [-4.32986980e-15+5.55111512e-17j  2.19269047e-15-9.43689571e-16j  2.52575738e-15-1.22124533e-15j  8.54871729e-15+1.22124533e-15j -1.45439216e-14-2.33146835e-15j -6.88338275e-15+9.99200722e-16j -1.44328993e-15-1.66533454e-16j -6.16173779e-15-1.24900090e-16j]
        labels=[('kl', 'JZKoOvNN')],
        shape=(8,),
    )
    hessian_by_M_M: [[ 2.85100414e+01 -1.07256420e+01 -4.56668952e-01  4.09683276e+00 -1.74497062e+00 -9.40690740e-01 -1.66801714e+01  2.20127599e+00  0.00000000e+00 -4.83180941e+00 -5.29584564e+00  8.55173750e+00  1.43276167e+01 -9.75465378e-01  4.31050917e+00 -5.11306516e+00]
     [-1.07256420e+01  3.19464796e+01 -1.07070637e+00 -6.03552551e+00  4.96631772e+00  1.17737561e+00 -1.63934772e+00 -1.91648390e-02  4.83180941e+00  0.00000000e+00  1.28324260e+01  6.42570613e+00 -8.91303009e+00 -7.43766646e+00 -6.09696033e+00 -3.22408275e+00]
     [-4.56668952e-01 -1.07070637e+00  4.09931817e+01  6.93401196e-01 -1.03736132e+01 -1.04881474e+00 -1.21873809e+00 -1.11340378e+01  5.29584564e+00 -1.28324260e+01  0.00000000e+00  6.98670988e-01 -5.12571484e+00  1.04921453e+00 -4.23225443e+00  1.22241140e-01]
     [ 4.09683276e+00 -6.03552551e+00  6.93401196e-01  3.34734096e+01  3.87093991e+00 -6.44020132e+00 -5.90240945e+00 -5.30437903e+00 -8.55173750e+00 -6.42570613e+00 -6.98670988e-01  0.00000000e+00 -3.91592799e+00  4.83959144e-01  1.34746817e+00 -8.97305277e+00]
     [-1.74497062e+00  4.96631772e+00 -1.03736132e+01  3.87093991e+00  4.71077087e+01 -2.49174702e+00  2.85673522e+00 -4.44797649e+00 -1.43276167e+01  8.91303009e+00  5.12571484e+00  3.91592799e+00  0.00000000e+00 -2.72298972e-01  4.03437071e+00  1.77215087e-01]
     [-9.40690740e-01  1.17737561e+00 -1.04881474e+00 -6.44020132e+00 -2.49174702e+00  2.13548115e+01 -3.58933528e-01 -1.63737438e-01  9.75465378e-01  7.43766646e+00 -1.04921453e+00 -4.83959144e-01  2.72298972e-01  0.00000000e+00  5.78914018e-02  2.42312064e+00]
     [-1.66801714e+01 -1.63934772e+00 -1.21873809e+00 -5.90240945e+00  2.85673522e+00 -3.58933528e-01  5.31797808e+01  9.62027115e-01 -4.31050917e+00  6.09696033e+00  4.23225443e+00 -1.34746817e+00 -4.03437071e+00 -5.78914018e-02  0.00000000e+00 -3.69531357e+00]
     [ 2.20127599e+00 -1.91648390e-02 -1.11340378e+01 -5.30437903e+00 -4.44797649e+00 -1.63737438e-01  9.62027115e-01  2.17570691e+01  5.11306516e+00  3.22408275e+00 -1.22241140e-01  8.97305277e+00 -1.77215087e-01 -2.42312064e+00  3.69531357e+00  0.00000000e+00]
     [ 0.00000000e+00  4.83180941e+00  5.29584564e+00 -8.55173750e+00 -1.43276167e+01  9.75465378e-01 -4.31050917e+00  5.11306516e+00  2.85100414e+01 -1.07256420e+01 -4.56668952e-01  4.09683276e+00 -1.74497062e+00 -9.40690740e-01 -1.66801714e+01  2.20127599e+00]
     [-4.83180941e+00  0.00000000e+00 -1.28324260e+01 -6.42570613e+00  8.91303009e+00  7.43766646e+00  6.09696033e+00  3.22408275e+00 -1.07256420e+01  3.19464796e+01 -1.07070637e+00 -6.03552551e+00  4.96631772e+00  1.17737561e+00 -1.63934772e+00 -1.91648390e-02]
     [-5.29584564e+00  1.28324260e+01  0.00000000e+00 -6.98670988e-01  5.12571484e+00 -1.04921453e+00  4.23225443e+00 -1.22241140e-01 -4.56668952e-01 -1.07070637e+00  4.09931817e+01  6.93401196e-01 -1.03736132e+01 -1.04881474e+00 -1.21873809e+00 -1.11340378e+01]
     [ 8.55173750e+00  6.42570613e+00  6.98670988e-01  0.00000000e+00  3.91592799e+00 -4.83959144e-01 -1.34746817e+00  8.97305277e+00  4.09683276e+00 -6.03552551e+00  6.93401196e-01  3.34734096e+01  3.87093991e+00 -6.44020132e+00 -5.90240945e+00 -5.30437903e+00]
     [ 1.43276167e+01 -8.91303009e+00 -5.12571484e+00 -3.91592799e+00  0.00000000e+00  2.72298972e-01 -4.03437071e+00 -1.77215087e-01 -1.74497062e+00  4.96631772e+00 -1.03736132e+01  3.87093991e+00  4.71077087e+01 -2.49174702e+00  2.85673522e+00 -4.44797649e+00]
     [-9.75465378e-01 -7.43766646e+00  1.04921453e+00  4.83959144e-01 -2.72298972e-01  0.00000000e+00 -5.78914018e-02 -2.42312064e+00 -9.40690740e-01  1.17737561e+00 -1.04881474e+00 -6.44020132e+00 -2.49174702e+00  2.13548115e+01 -3.58933528e-01 -1.63737438e-01]
     [ 4.31050917e+00 -6.09696033e+00 -4.23225443e+00  1.34746817e+00  4.03437071e+00  5.78914018e-02  0.00000000e+00  3.69531357e+00 -1.66801714e+01 -1.63934772e+00 -1.21873809e+00 -5.90240945e+00  2.85673522e+00 -3.58933528e-01  5.31797808e+01  9.62027115e-01]
     [-5.11306516e+00 -3.22408275e+00  1.22241140e-01 -8.97305277e+00  1.77215087e-01  2.42312064e+00 -3.69531357e+00  0.00000000e+00  2.20127599e+00 -1.91648390e-02 -1.11340378e+01 -5.30437903e+00 -4.44797649e+00 -1.63737438e-01  9.62027115e-01  2.17570691e+01]]
    eigvals of hessian_by_M_M: [ 5.65489606  5.65489606 11.39835074 11.39835074 16.0263544  16.0263544  24.58344139 24.58344139 35.87208877 35.87208877 46.21219912 46.21219912 59.28753716 59.28753716 79.28761473 79.28761473]
WCOR:
    iter_times, elapsed_time, sqdiff: 300, 0.6965692043304443, 6.502392152511723
    MSN: Tensor(
        [[ 1.01101232+0.2242515j  -0.17128855-0.53517887j  0.86760126+1.47445434j -0.45219707+0.72313031j]
         [ 0.40979279-1.37021471j -0.35974737+0.21966579j  1.09579375+0.03701992j  0.43411916+1.16799726j]
         [ 1.64624491+0.93721811j -0.84995922-0.37615487j  0.72639509-0.95083395j -1.03867388-0.85294427j]
         [-0.15946543+0.16212661j  0.11380688+0.02789704j -0.35469927-0.02145776j -0.07182342-0.17296781j]]
        labels=['kl', 'kr'],
        shape=(4, 4),
    )
    grad_by_reM_reM: Tensor(
        [ 1.57235336e-14-3.67761377e-16j  8.04217803e-15+7.77156117e-16j -1.34753320e-14-1.19348975e-15j -1.62023173e-14+7.49400542e-16j -1.60982339e-15+1.36089057e-15j  1.62578284e-14-2.55351296e-15j -4.52415883e-15-3.33066907e-16j -6.79872825e-14+2.55351296e-15j]
        labels=[('kl', 'JZKoOvNN')],
        shape=(8,),
    )
    grad_by_imM_imM: Tensor(
        [-7.35522754e-16-1.52655666e-16j  2.70339306e-14-1.25593980e-15j  1.25177646e-14+7.21644966e-16j  4.95437025e-14-2.78249646e-15j -1.90559374e-15-1.36002321e-15j  1.72778458e-14+2.20656826e-15j  6.33937347e-14-6.10622664e-16j -2.32036612e-14-8.46545056e-16j]
        labels=[('kl', 'JZKoOvNN')],
        shape=(8,),
    )
    hessian_by_M_M: [[ 3.40735781e+01 -1.07409373e+01  8.83500433e+00  1.36521911e+01  3.05909807e+00  3.17924894e+00 -1.57599782e+01 -1.81764366e+01  0.00000000e+00  7.20593752e+00 -9.97073871e+00 -1.89529805e+00  2.75519112e+00  6.49207163e-02  1.13426705e+01 -1.20853812e+01]
     [-1.07409373e+01  5.49913168e+01 -2.22148153e+00 -4.48003897e+00  9.00105823e+00 -6.87805903e+00  3.63571900e+00 -1.59506115e+01 -7.20593752e+00  0.00000000e+00  7.78762744e+00  1.44576190e+01 -3.21614091e+00 -2.19262009e+00 -7.23044546e+00  3.37981160e+00]
     [ 8.83500433e+00 -2.22148153e+00  3.90535188e+01  6.46785599e+00  3.41201236e+00  1.23132536e+01  1.06964689e+01 -1.02866212e+01  9.97073871e+00 -7.78762744e+00  0.00000000e+00  7.29085903e+00  3.15279982e+00  9.04636928e+00  5.46692139e+00  5.16647400e+00]
     [ 1.36521911e+01 -4.48003897e+00  6.46785599e+00  7.96383382e+01  2.36366527e+00 -2.92502199e+01 -4.61445324e+00 -1.93493987e+01  1.89529805e+00 -1.44576190e+01 -7.29085903e+00  0.00000000e+00  1.25794536e+01 -7.69898969e+00 -9.36753989e+00 -1.78373663e+01]
     [ 3.05909807e+00  9.00105823e+00  3.41201236e+00  2.36366527e+00  3.55906901e+01  5.75322797e+00  2.15717745e+00 -1.96244385e+01 -2.75519112e+00  3.21614091e+00 -3.15279982e+00 -1.25794536e+01  0.00000000e+00  1.87084107e+01 -5.12051878e+00 -8.77506962e+00]
     [ 3.17924894e+00 -6.87805903e+00  1.23132536e+01 -2.92502199e+01  5.75322797e+00  9.12069899e+01  1.30020837e+01  2.88312013e+00 -6.49207163e-02  2.19262009e+00 -9.04636928e+00  7.69898969e+00 -1.87084107e+01  0.00000000e+00 -2.49003680e+00  2.02113418e+01]
     [-1.57599782e+01  3.63571900e+00  1.06964689e+01 -4.61445324e+00  2.15717745e+00  1.30020837e+01  5.75963685e+01  4.18926617e+00 -1.13426705e+01  7.23044546e+00 -5.46692139e+00  9.36753989e+00  5.12051878e+00  2.49003680e+00  0.00000000e+00  2.59419870e+01]
     [-1.81764366e+01 -1.59506115e+01 -1.02866212e+01 -1.93493987e+01 -1.96244385e+01  2.88312013e+00  4.18926617e+00  8.89878544e+01  1.20853812e+01 -3.37981160e+00 -5.16647400e+00  1.78373663e+01  8.77506962e+00 -2.02113418e+01 -2.59419870e+01  0.00000000e+00]
     [ 0.00000000e+00 -7.20593752e+00  9.97073871e+00  1.89529805e+00 -2.75519112e+00 -6.49207163e-02 -1.13426705e+01  1.20853812e+01  3.40735781e+01 -1.07409373e+01  8.83500433e+00  1.36521911e+01  3.05909807e+00  3.17924894e+00 -1.57599782e+01 -1.81764366e+01]
     [ 7.20593752e+00  0.00000000e+00 -7.78762744e+00 -1.44576190e+01  3.21614091e+00  2.19262009e+00  7.23044546e+00 -3.37981160e+00 -1.07409373e+01  5.49913168e+01 -2.22148153e+00 -4.48003897e+00  9.00105823e+00 -6.87805903e+00  3.63571900e+00 -1.59506115e+01]
     [-9.97073871e+00  7.78762744e+00  0.00000000e+00 -7.29085903e+00 -3.15279982e+00 -9.04636928e+00 -5.46692139e+00 -5.16647400e+00  8.83500433e+00 -2.22148153e+00  3.90535188e+01  6.46785599e+00  3.41201236e+00  1.23132536e+01  1.06964689e+01 -1.02866212e+01]
     [-1.89529805e+00  1.44576190e+01  7.29085903e+00  0.00000000e+00 -1.25794536e+01  7.69898969e+00  9.36753989e+00  1.78373663e+01  1.36521911e+01 -4.48003897e+00  6.46785599e+00  7.96383382e+01  2.36366527e+00 -2.92502199e+01 -4.61445324e+00 -1.93493987e+01]
     [ 2.75519112e+00 -3.21614091e+00  3.15279982e+00  1.25794536e+01  0.00000000e+00 -1.87084107e+01  5.12051878e+00  8.77506962e+00  3.05909807e+00  9.00105823e+00  3.41201236e+00  2.36366527e+00  3.55906901e+01  5.75322797e+00  2.15717745e+00 -1.96244385e+01]
     [ 6.49207163e-02 -2.19262009e+00  9.04636928e+00 -7.69898969e+00  1.87084107e+01  0.00000000e+00  2.49003680e+00 -2.02113418e+01  3.17924894e+00 -6.87805903e+00  1.23132536e+01 -2.92502199e+01  5.75322797e+00  9.12069899e+01  1.30020837e+01  2.88312013e+00]
     [ 1.13426705e+01 -7.23044546e+00  5.46692139e+00 -9.36753989e+00 -5.12051878e+00 -2.49003680e+00  0.00000000e+00 -2.59419870e+01 -1.57599782e+01  3.63571900e+00  1.06964689e+01 -4.61445324e+00  2.15717745e+00  1.30020837e+01  5.75963685e+01  4.18926617e+00]
     [-1.20853812e+01  3.37981160e+00  5.16647400e+00 -1.78373663e+01 -8.77506962e+00  2.02113418e+01  2.59419870e+01  0.00000000e+00 -1.81764366e+01 -1.59506115e+01 -1.02866212e+01 -1.93493987e+01 -1.96244385e+01  2.88312013e+00  4.18926617e+00  8.89878544e+01]]
    eigvals of hessian_by_M_M: [  7.71854377   7.71854377  14.75677028  14.75677028  24.45895594  24.45895594  31.57292259  31.57292259  68.58185082  68.58185082  84.11478748  84.11478748  95.8952632   95.8952632  154.03956078 154.03956078]
WROR:
    iter_times, elapsed_time, sqdiff: 300, 0.6663661003112793, 6.502392152511726
    MSN: Tensor(
        [[ 1.01101232+0.2242515j  -0.17128855-0.53517887j  0.86760126+1.47445434j -0.45219707+0.72313031j]
         [ 0.40979279-1.37021471j -0.35974737+0.21966579j  1.09579375+0.03701992j  0.43411916+1.16799726j]
         [ 1.64624491+0.93721811j -0.84995922-0.37615487j  0.72639509-0.95083395j -1.03867388-0.85294427j]
         [-0.15946543+0.16212661j  0.11380688+0.02789704j -0.35469927-0.02145776j -0.07182342-0.17296781j]]
        labels=['kl', 'kr'],
        shape=(4, 4),
    )
    grad_by_reM_reM: Tensor(
        [-3.95447564e-14-7.83227649e-16j  1.25819494e-14+9.92261828e-16j -4.51305660e-14-2.41126563e-15j -1.05172815e-13+9.71445147e-17j -1.74166237e-15-4.22405166e-16j -2.56340088e-14-1.76941795e-15j  3.41948692e-14+3.05311332e-16j  7.20951077e-14+2.22044605e-16j]
        labels=[('kl', 'JZKoOvNN')],
        shape=(8,),
    )
    grad_by_imM_imM: Tensor(
        [-2.21949195e-14-9.02056208e-16j  3.18009508e-14-9.61036806e-16j -1.20424504e-14-9.71445147e-16j -4.43950432e-14-1.78329573e-15j  5.05888734e-14+7.63278329e-17j  4.60673166e-14-9.00321484e-16j -1.43496326e-14-3.33066907e-16j -1.13242749e-14-1.45716772e-15j]
        labels=[('kl', 'JZKoOvNN')],
        shape=(8,),
    )
    hessian_by_M_M: [[ 11.72793854  -0.08142693   2.37706257   2.99463928   1.47454462   0.71797284  -6.01277703  -7.65954632   0.           6.56145985  -3.64276398  -1.03660069   1.0844872   -0.79080325   4.32848629  -3.3283206 ]
     [ -0.08142693  19.11009809  -0.76269337  -1.63783703   2.5513588   -2.47047584   1.22261515  -5.3651757   -6.56145985   0.           3.44183247   4.92056551  -0.04643907  -0.72650638  -0.90994694   1.33171466]
     [  2.37706257  -0.76269337  15.01644424   6.64678137   0.76685884   3.42731484   3.34614035  -2.92265877   3.64276398  -3.44183247   0.           6.76345428   0.92785211  -0.34516077   1.55874422   0.24984287]
     [  2.99463928  -1.63783703   6.64678137  27.29318344  -2.34956481 -10.18814923  -2.96280295  -6.52554304   1.03660069  -4.92056551  -6.76345428   0.           5.49653102  -2.83432303  -3.19028717  -6.09879454]
     [  1.47454462   2.5513588    0.76685884  -2.34956481  15.69438491   7.94309547   0.0443727   -7.97566211  -1.0844872    0.04643907  -0.92785211  -5.49653102   0.          11.14089892   0.64936181   0.0507681 ]
     [  0.71797284  -2.47047584   3.42731484 -10.18814923   7.94309547  31.284497     5.70541718   1.0493817    0.79080325   0.72650638   0.34516077   2.83432303 -11.14089892   0.           1.16305762   7.04893741]
     [ -6.01277703   1.22261515   3.34614035  -2.96280295   0.0443727    5.70541718  23.27322511   7.69917628  -4.32848629   0.90994694  -1.55874422   3.19028717  -0.64936181  -1.16305762   0.          13.46215565]
     [ -7.65954632  -5.3651757   -2.92265877  -6.52554304  -7.97566211   1.0493817    7.69917628  30.55283745   3.3283206   -1.33171466  -0.24984287   6.09879454  -0.0507681   -7.04893741 -13.46215565   0.        ]
     [  0.          -6.56145985   3.64276398   1.03660069  -1.0844872    0.79080325  -4.32848629   3.3283206   11.72793854  -0.08142693   2.37706257   2.99463928   1.47454462   0.71797284  -6.01277703  -7.65954632]
     [  6.56145985   0.          -3.44183247  -4.92056551   0.04643907   0.72650638   0.90994694  -1.33171466  -0.08142693  19.11009809  -0.76269337  -1.63783703   2.5513588   -2.47047584   1.22261515  -5.3651757 ]
     [ -3.64276398   3.44183247   0.          -6.76345428  -0.92785211   0.34516077  -1.55874422  -0.24984287   2.37706257  -0.76269337  15.01644424   6.64678137   0.76685884   3.42731484   3.34614035  -2.92265877]
     [ -1.03660069   4.92056551   6.76345428   0.          -5.49653102   2.83432303   3.19028717   6.09879454   2.99463928  -1.63783703   6.64678137  27.29318344  -2.34956481 -10.18814923  -2.96280295  -6.52554304]
     [  1.0844872   -0.04643907   0.92785211   5.49653102   0.         -11.14089892  -0.64936181  -0.0507681    1.47454462   2.5513588    0.76685884  -2.34956481  15.69438491   7.94309547   0.0443727   -7.97566211]
     [ -0.79080325  -0.72650638  -0.34516077  -2.83432303  11.14089892   0.          -1.16305762  -7.04893741   0.71797284  -2.47047584   3.42731484 -10.18814923   7.94309547  31.284497     5.70541718   1.0493817 ]
     [  4.32848629  -0.90994694   1.55874422  -3.19028717   0.64936181   1.16305762   0.         -13.46215565  -6.01277703   1.22261515   3.34614035  -2.96280295   0.0443727    5.70541718  23.27322511   7.69917628]
     [ -3.3283206    1.33171466   0.24984287  -6.09879454   0.0507681    7.04893741  13.46215565   0.          -7.65954632  -5.3651757   -2.92265877  -6.52554304  -7.97566211   1.0493817    7.69917628  30.55283745]]
    eigvals of hessian_by_M_M: [ 2.21464544  2.21464544  4.19016049  4.19016049  6.81169765  6.81169765  9.49000235  9.49000235 22.56741615 22.56741615 30.98794061 30.98794061 37.83341254 37.83341254 59.85733354 59.85733354]
IWROR:
    iter_times, elapsed_time, sqdiff: 300, 0.643927812576294, 6.502392152511723
    MSN: Tensor(
        [[ 1.01101232+0.2242515j  -0.17128855-0.53517887j  0.86760126+1.47445434j -0.45219707+0.72313031j]
         [ 0.40979279-1.37021471j -0.35974737+0.21966579j  1.09579375+0.03701992j  0.43411916+1.16799726j]
         [ 1.64624491+0.93721811j -0.84995922-0.37615487j  0.72639509-0.95083395j -1.03867388-0.85294427j]
         [-0.15946543+0.16212661j  0.11380688+0.02789704j -0.35469927-0.02145776j -0.07182342-0.17296781j]]
        labels=['kl', 'kr'],
        shape=(4, 4),
    )
    grad_by_reM_reM: Tensor(
        [-1.65735481e-14-5.34294831e-16j -8.13108261e-15-3.67761377e-16j  1.89431804e-14-2.08166817e-17j -1.00752739e-14+1.24900090e-15j  3.41740525e-14-7.35522754e-16j -6.63583771e-14-6.03683770e-16j  2.79221091e-14-5.55111512e-17j  7.14428516e-14-1.33226763e-15j]
        labels=[('kl', 'JZKoOvNN')],
        shape=(8,),
    )
    grad_by_imM_imM: Tensor(
        [ 2.45324594e-14+4.33680869e-16j -4.89955299e-14-8.24427332e-16j -2.09346429e-14-1.59594560e-15j -4.04953848e-14+2.77555756e-16j  6.83116758e-14+3.46944695e-17j  7.51967932e-14+1.02348685e-16j -6.23390228e-14+0.00000000e+00j -1.66533454e-14-1.33226763e-15j]
        labels=[('kl', 'JZKoOvNN')],
        shape=(8,),
    )
    hessian_by_M_M: [[ 13.04462655  -0.99479063   2.40724775   3.32920746   1.41164711   0.84968158  -6.25636633  -8.20161279   0.           7.75068648  -4.14562012  -1.40023317   1.25259955  -0.83109732   5.08247882  -3.7301499 ]
     [ -0.99479063  20.78980911  -0.89964855  -1.90263077   2.90459518  -2.67201922   1.83954566  -5.75931887  -7.75068648   0.           3.3859846    5.09457497   0.04980544  -0.70631706  -0.76840796   1.74201237]
     [  2.40724775  -0.89964855  15.91964318   5.7994375    0.66963781   4.25202767   4.00546317  -2.77275518   4.14562012  -3.3859846    0.           7.98185173   0.6425782   -0.44791115   1.84595682   0.70475728]
     [  3.32920746  -1.90263077   5.7994375   29.43721866  -2.16104404 -11.04368338  -2.79458408  -6.79317903   1.40023317  -5.09457497  -7.98185173   0.           6.12992664  -3.23807271  -3.22770369  -6.47380498]
     [  1.41164711   2.90459518   0.66963781  -2.16104404  16.64454911   7.10219234   0.16245683  -8.77414349  -1.25259955  -0.04980544  -0.6425782   -6.12992664   0.          12.73905738   0.84462819  -0.08058754]
     [  0.84968158  -2.67201922   4.25202767 -11.04368338   7.10219234  33.96158997   6.18176868   1.09349604   0.83109732   0.70631706   0.44791115   3.23807271 -12.73905738   0.           1.01089484   7.95054461]
     [ -6.25636633   1.83954566   4.00546317  -2.79458408   0.16245683   6.18176868  25.00556374   6.90784829  -5.08247882   0.76840796  -1.84595682   3.22770369  -0.84462819  -1.01089484   0.          15.49388626]
     [ -8.20161279  -5.75931887  -2.77275518  -6.79317903  -8.77414349   1.09349604   6.90784829  33.34791705   3.7301499   -1.74201237  -0.70475728   6.47380498   0.08058754  -7.95054461 -15.49388626   0.        ]
     [  0.          -7.75068648   4.14562012   1.40023317  -1.25259955   0.83109732  -5.08247882   3.7301499   13.04462655  -0.99479063   2.40724775   3.32920746   1.41164711   0.84968158  -6.25636633  -8.20161279]
     [  7.75068648   0.          -3.3859846   -5.09457497  -0.04980544   0.70631706   0.76840796  -1.74201237  -0.99479063  20.78980911  -0.89964855  -1.90263077   2.90459518  -2.67201922   1.83954566  -5.75931887]
     [ -4.14562012   3.3859846    0.          -7.98185173  -0.6425782    0.44791115  -1.84595682  -0.70475728   2.40724775  -0.89964855  15.91964318   5.7994375    0.66963781   4.25202767   4.00546317  -2.77275518]
     [ -1.40023317   5.09457497   7.98185173   0.          -6.12992664   3.23807271   3.22770369   6.47380498   3.32920746  -1.90263077   5.7994375   29.43721866  -2.16104404 -11.04368338  -2.79458408  -6.79317903]
     [  1.25259955   0.04980544   0.6425782    6.12992664   0.         -12.73905738  -0.84462819   0.08058754   1.41164711   2.90459518   0.66963781  -2.16104404  16.64454911   7.10219234   0.16245683  -8.77414349]
     [ -0.83109732  -0.70631706  -0.44791115  -3.23807271  12.73905738   0.          -1.01089484  -7.95054461   0.84968158  -2.67201922   4.25202767 -11.04368338   7.10219234  33.96158997   6.18176868   1.09349604]
     [  5.08247882  -0.76840796   1.84595682  -3.22770369   0.84462819   1.01089484   0.         -15.49388626  -6.25636633   1.83954566   4.00546317  -2.79458408   0.16245683   6.18176868  25.00556374   6.90784829]
     [ -3.7301499    1.74201237   0.70475728  -6.47380498  -0.08058754   7.95054461  15.49388626   0.          -8.20161279  -5.75931887  -2.77275518  -6.79317903  -8.77414349   1.09349604   6.90784829  33.34791705]]
    eigvals of hessian_by_M_M: [ 2.34521741  2.34521741  4.49561627  4.49561627  7.37956651  7.37956651 10.23276803 10.23276803 24.37016996 24.37016996 33.43698489 33.43698489 40.83055523 40.83055523 65.06003906 65.06003906]
WLBOR:
    iter_times, elapsed_time, sqdiff: 300, 1.5331380367279053, 6.897474474061594
    MSN: Tensor(
        [[ 0.76502442+0.41191376j  0.56611975-0.47765203j -0.36311443+0.46002972j -1.14979052+0.73498786j]
         [ 0.31948484-0.46714567j -0.4996947 -0.44194253j  0.40377836+0.10071931j  0.59564135+1.16774832j]
         [-0.36052973+1.13366581j  0.07214792+0.4589974j  -0.26360621-0.86832908j -0.73187703-0.14526766j]
         [ 0.74174452+0.74035024j -0.29650268+0.41306684j -0.72504669-0.81424617j  0.76553412+1.16330704j]]
        labels=['kl', 'kr'],
        shape=(4, 4),
    )
    grad_by_reM_reM: Tensor(
        [ 2.34085000e-08-3.33066907e-16j -2.83280478e-08-8.32667268e-17j  1.10283816e-08+1.66533454e-16j  1.26569284e-08+1.88737914e-15j -2.98913642e-08+3.33066907e-16j -1.74198550e-09-1.16573418e-15j  1.65811624e-08-7.77156117e-16j -8.43834408e-09+1.16573418e-15j]
        labels=[('kl', 'JZKoOvNN')],
        shape=(8,),
    )
    grad_by_imM_imM: Tensor(
        [-3.14610259e-08-3.33066907e-16j -1.10581878e-08+6.66133815e-16j  9.80974180e-09-3.78169718e-16j -1.32670220e-08+1.11022302e-16j -2.03857853e-08+7.77156117e-16j  2.29575275e-08+5.55111512e-17j -4.80744416e-09+1.44328993e-15j -6.07087675e-09-3.88578059e-16j]
        labels=[('kl', 'JZKoOvNN')],
        shape=(8,),
    )
    hessian_by_M_M: [[ 2.90853406e+01 -1.16696436e+01 -4.96905010e-01  4.33850712e+00 -1.85361989e+00 -1.37804145e+00 -1.67873318e+01  2.32832303e+00  0.00000000e+00 -4.45927598e+00 -5.67156792e+00  8.75574535e+00  1.45534617e+01 -1.05098401e+00  4.54091451e+00 -5.62725161e+00]
     [-1.16696436e+01  3.31445280e+01 -9.55766008e-01 -6.42058610e+00  5.35196404e+00  1.41469733e+00 -1.51004891e+00 -1.00520898e-02  4.45927598e+00  0.00000000e+00  1.30607238e+01  6.37619909e+00 -9.12380889e+00 -7.48675057e+00 -5.73105741e+00 -3.37378168e+00]
     [-4.96905010e-01 -9.55766008e-01  4.12048361e+01 -2.03280759e-01 -1.05011938e+01 -7.55444189e-01 -9.29828255e-01 -1.12084951e+01  5.67156792e+00 -1.30607238e+01  0.00000000e+00  1.70664577e+00 -5.12372901e+00  8.28253597e-01 -4.30385540e+00  1.28248382e-01]
     [ 4.33850712e+00 -6.42058610e+00 -2.03280759e-01  3.48810166e+01  3.94623604e+00 -6.59006559e+00 -5.99407917e+00 -5.42574944e+00 -8.75574535e+00 -6.37619909e+00 -1.70664577e+00  0.00000000e+00 -3.77837319e+00  6.57927704e-01  1.66770926e+00 -9.20233026e+00]
     [-1.85361989e+00  5.35196404e+00 -1.05011938e+01  3.94623604e+00  4.74668228e+01 -3.28183251e+00  2.95489785e+00 -4.67110750e+00 -1.45534617e+01  9.12380889e+00  5.12372901e+00  3.77837319e+00  0.00000000e+00  8.81462072e-01  4.03829127e+00  1.15725977e-01]
     [-1.37804145e+00  1.41469733e+00 -7.55444189e-01 -6.59006559e+00 -3.28183251e+00  2.22733304e+01 -2.86394994e-01 -1.28843546e-01  1.05098401e+00  7.48675057e+00 -8.28253597e-01 -6.57927704e-01 -8.81462072e-01  0.00000000e+00 -8.91823077e-02  2.63610182e+00]
     [-1.67873318e+01 -1.51004891e+00 -9.29828255e-01 -5.99407917e+00  2.95489785e+00 -2.86394994e-01  5.34803495e+01  2.52862150e-01 -4.54091451e+00  5.73105741e+00  4.30385540e+00 -1.66770926e+00 -4.03829127e+00  8.91823077e-02  0.00000000e+00 -2.40061140e+00]
     [ 2.32832303e+00 -1.00520898e-02 -1.12084951e+01 -5.42574944e+00 -4.67110750e+00 -1.28843546e-01  2.52862150e-01  2.24541412e+01  5.62725161e+00  3.37378168e+00 -1.28248382e-01  9.20233026e+00 -1.15725977e-01 -2.63610182e+00  2.40061140e+00  0.00000000e+00]
     [ 0.00000000e+00  4.45927598e+00  5.67156792e+00 -8.75574535e+00 -1.45534617e+01  1.05098401e+00 -4.54091451e+00  5.62725161e+00  2.90853406e+01 -1.16696436e+01 -4.96905010e-01  4.33850712e+00 -1.85361989e+00 -1.37804145e+00 -1.67873318e+01  2.32832303e+00]
     [-4.45927598e+00  0.00000000e+00 -1.30607238e+01 -6.37619909e+00  9.12380889e+00  7.48675057e+00  5.73105741e+00  3.37378168e+00 -1.16696436e+01  3.31445280e+01 -9.55766008e-01 -6.42058610e+00  5.35196404e+00  1.41469733e+00 -1.51004891e+00 -1.00520898e-02]
     [-5.67156792e+00  1.30607238e+01  0.00000000e+00 -1.70664577e+00  5.12372901e+00 -8.28253597e-01  4.30385540e+00 -1.28248382e-01 -4.96905010e-01 -9.55766008e-01  4.12048361e+01 -2.03280759e-01 -1.05011938e+01 -7.55444189e-01 -9.29828255e-01 -1.12084951e+01]
     [ 8.75574535e+00  6.37619909e+00  1.70664577e+00  0.00000000e+00  3.77837319e+00 -6.57927704e-01 -1.66770926e+00  9.20233026e+00  4.33850712e+00 -6.42058610e+00 -2.03280759e-01  3.48810166e+01  3.94623604e+00 -6.59006559e+00 -5.99407917e+00 -5.42574944e+00]
     [ 1.45534617e+01 -9.12380889e+00 -5.12372901e+00 -3.77837319e+00  0.00000000e+00 -8.81462072e-01 -4.03829127e+00 -1.15725977e-01 -1.85361989e+00  5.35196404e+00 -1.05011938e+01  3.94623604e+00  4.74668228e+01 -3.28183251e+00  2.95489785e+00 -4.67110750e+00]
     [-1.05098401e+00 -7.48675057e+00  8.28253597e-01  6.57927704e-01  8.81462072e-01  0.00000000e+00  8.91823077e-02 -2.63610182e+00 -1.37804145e+00  1.41469733e+00 -7.55444189e-01 -6.59006559e+00 -3.28183251e+00  2.22733304e+01 -2.86394994e-01 -1.28843546e-01]
     [ 4.54091451e+00 -5.73105741e+00 -4.30385540e+00  1.66770926e+00  4.03829127e+00 -8.91823077e-02  0.00000000e+00  2.40061140e+00 -1.67873318e+01 -1.51004891e+00 -9.29828255e-01 -5.99407917e+00  2.95489785e+00 -2.86394994e-01  5.34803495e+01  2.52862150e-01]
     [-5.62725161e+00 -3.37378168e+00  1.28248382e-01 -9.20233026e+00  1.15725977e-01  2.63610182e+00 -2.40061140e+00  0.00000000e+00  2.32832303e+00 -1.00520898e-02 -1.12084951e+01 -5.42574944e+00 -4.67110750e+00 -1.28843546e-01  2.52862150e-01  2.24541412e+01]]
    eigvals of hessian_by_M_M: [ 5.76844016  5.76844016 11.42964536 11.42964536 16.61433132 16.61433132 25.96784938 25.96784938 36.92424942 36.92424942 46.69434512 46.69434512 59.76262876 59.76262876 80.82887568 80.82887568]
WNAG:
    iter_times, elapsed_time, sqdiff: 300, 0.6599161624908447, 7.174427067540189
    MSN: Tensor(
        [[-0.35086645-0.3036629j   0.65851681+1.00844187j  0.89217588+0.07135369j -0.01261285+0.39755539j]
         [ 0.3434271 -0.47464352j -0.67648779+0.35605368j -1.16401997+0.93303484j -0.47290503+0.56613269j]
         [ 0.43587301-0.21656253j -0.52400959+1.41143242j  0.5109564 -1.04967656j -1.30652055-0.40383655j]
         [ 0.49553498+0.29324026j -0.53911101-1.44279515j -1.96052434-0.22908692j -0.13816417-0.07608315j]]
        labels=['kl', 'kr'],
        shape=(4, 4),
    )
    grad_by_reM_reM: Tensor(
        [ 0.20592999+8.88178420e-15j -0.41811839-1.90958360e-14j -0.03203678-1.44328993e-15j  1.72277981+4.66293670e-15j  0.82395222+0.00000000e+00j -1.85491335-8.88178420e-16j -0.0390421 -6.66133815e-16j  0.41198733+3.99680289e-15j]
        labels=[('kl', 'JZKoOvNN')],
        shape=(8,),
    )
    grad_by_imM_imM: Tensor(
        [ 0.06659514+6.88338275e-15j -0.55512152-8.88178420e-15j -0.12190033-8.88178420e-16j  0.07822796+7.99360578e-15j  0.93080476+2.05391260e-15j -1.38889029-7.99360578e-15j -0.04535467-5.82867088e-16j  0.43707299+6.66133815e-15j]
        labels=[('kl', 'JZKoOvNN')],
        shape=(8,),
    )
    hessian_by_M_M: [[  89.57746341 -225.42544255   12.12712195   -5.67751329   -4.52387383   34.11185898  -54.18877457  128.95243225    0.           21.40460209  -17.66539891   51.01512077   19.58211723  -63.97930554   35.34539923 -123.31772784]
     [-225.42544255  824.75081393  -38.45943644   75.64863589   88.63309216 -241.86236754  111.97467075 -341.38049347  -21.40460209    0.           52.92305114 -171.38795019  -70.43432951  199.68423749  -23.69477238  152.64939105]
     [  12.12712195  -38.45943644  116.53403271 -206.44020164  -19.73984564   84.21090947   33.87826345  -49.10620385   17.66539891  -52.92305114    0.           31.61912298  -27.64946694  105.52186018   -2.13615207  -25.08747128]
     [  -5.67751329   75.64863589 -206.44020164  727.85532685  127.12918023 -392.64338515   -8.19694513 -102.07091803  -51.01512077  171.38795019  -31.61912298    0.          123.02086044 -271.11358013   16.55617936  -56.04462815]
     [  -4.52387383   88.63309216  -19.73984564  127.12918023  164.48473997 -325.86076168  -11.45158081    4.47179584  -19.58211723   70.43432951   27.64946694 -123.02086044    0.           46.29806538   39.10114233 -137.68804232]
     [  34.11185898 -241.86236754   84.21090947 -392.64338515 -325.86076168  874.46879186   33.71191738    5.19031888   63.97930554 -199.68423749 -105.52186018  271.11358013  -46.29806538    0.         -135.59737806  374.35627793]
     [ -54.18877457  111.97467075   33.87826345   -8.19694513  -11.45158081   33.71191738  241.50665527 -526.51994396  -35.34539923   23.69477238    2.13615207  -16.55617936  -39.10114233  135.59737806    0.           56.571153  ]
     [ 128.95243225 -341.38049347  -49.10620385 -102.07091803    4.47179584    5.19031888 -526.51994396 1380.30379431  123.31772784 -152.64939105   25.08747128   56.04462815  137.68804232 -374.35627793  -56.571153      0.        ]
     [   0.          -21.40460209   17.66539891  -51.01512077  -19.58211723   63.97930554  -35.34539923  123.31772784   89.57746341 -225.42544255   12.12712195   -5.67751329   -4.52387383   34.11185898  -54.18877457  128.95243225]
     [  21.40460209    0.          -52.92305114  171.38795019   70.43432951 -199.68423749   23.69477238 -152.64939105 -225.42544255  824.75081393  -38.45943644   75.64863589   88.63309216 -241.86236754  111.97467075 -341.38049347]
     [ -17.66539891   52.92305114    0.          -31.61912298   27.64946694 -105.52186018    2.13615207   25.08747128   12.12712195  -38.45943644  116.53403271 -206.44020164  -19.73984564   84.21090947   33.87826345  -49.10620385]
     [  51.01512077 -171.38795019   31.61912298    0.         -123.02086044  271.11358013  -16.55617936   56.04462815   -5.67751329   75.64863589 -206.44020164  727.85532685  127.12918023 -392.64338515   -8.19694513 -102.07091803]
     [  19.58211723  -70.43432951  -27.64946694  123.02086044    0.          -46.29806538  -39.10114233  137.68804232   -4.52387383   88.63309216  -19.73984564  127.12918023  164.48473997 -325.86076168  -11.45158081    4.47179584]
     [ -63.97930554  199.68423749  105.52186018 -271.11358013   46.29806538    0.          135.59737806 -374.35627793   34.11185898 -241.86236754   84.21090947 -392.64338515 -325.86076168  874.46879186   33.71191738    5.19031888]
     [  35.34539923  -23.69477238   -2.13615207   16.55617936   39.10114233 -135.59737806    0.          -56.571153    -54.18877457  111.97467075   33.87826345   -8.19694513  -11.45158081   33.71191738  241.50665527 -526.51994396]
     [-123.31772784  152.64939105  -25.08747128  -56.04462815 -137.68804232  374.35627793   56.571153      0.          128.95243225 -341.38049347  -49.10620385 -102.07091803    4.47179584    5.19031888 -526.51994396 1380.30379431]]
    eigvals of hessian_by_M_M: [  10.96097455   10.96097455   18.71553161   18.71553161   33.44579535   33.44579535   53.97880291   53.97880291  285.10677012  285.10677012  589.92779087  589.92779087 1328.21655268 1328.21655268 2099.12940023 2099.12940023]
SNAG:
    iter_times, elapsed_time, sqdiff: 300, 0.6271517276763916, 6.502392152511721
    MSN: Tensor(
        [[ 1.01101232+0.2242515j  -0.17128855-0.53517887j  0.86760126+1.47445434j -0.45219707+0.72313031j]
         [ 0.40979279-1.37021471j -0.35974737+0.21966579j  1.09579375+0.03701992j  0.43411916+1.16799726j]
         [ 1.64624491+0.93721811j -0.84995922-0.37615487j  0.72639509-0.95083395j -1.03867388-0.85294427j]
         [-0.15946543+0.16212661j  0.11380688+0.02789704j -0.35469927-0.02145776j -0.07182342-0.17296781j]]
        labels=['kl', 'kr'],
        shape=(4, 4),
    )
    grad_by_reM_reM: Tensor(
        [-1.20268379e-14+6.20163643e-17j -1.83724563e-14+1.49186219e-16j  3.42781359e-15+2.25514052e-17j -2.77208811e-15-9.02056208e-17j -2.41993925e-15+1.47451495e-17j -4.18252672e-15+1.71737624e-16j  2.86298762e-14-1.38777878e-17j  3.11070614e-14-1.38777878e-16j]
        labels=[('kl', 'JZKoOvNN')],
        shape=(8,),
    )
    grad_by_imM_imM: Tensor(
        [ 4.56362378e-15+9.36750677e-17j  2.10213791e-14-2.60208521e-17j -2.18332297e-14+1.04083409e-16j -2.62220801e-14+1.19695920e-15j -6.06025646e-15+9.54097912e-17j -6.02122519e-15+2.62485346e-16j -5.99104100e-14+4.16333634e-17j -4.08006962e-15+1.45716772e-16j]
        labels=[('kl', 'JZKoOvNN')],
        shape=(8,),
    )
    hessian_by_M_M: [[ 1.85364641  0.25286267  0.22060424  0.03118171  0.19758883  0.04764045 -0.91595876 -1.17877967  0.          0.91150573 -0.48432551 -0.19800824  0.16199088 -0.41817982  0.6907854  -0.13393026]
     [ 0.25286267  4.18704376 -0.09865644  0.02079441  0.25041957 -0.62580029  0.16084155 -1.18053307 -0.91150573  0.          1.04854753  1.41099859  0.21071419 -0.29231836 -0.5682346  -0.18495982]
     [ 0.22060424 -0.09865644  2.48609271  1.53873436 -0.06907219  0.45361142  0.38825536 -0.62583677  0.48432551 -1.04854753  0.          0.51951248  0.04096755 -0.58888431  0.12706393 -0.36108493]
     [ 0.03118171  0.02079441  1.53873436  5.94111198 -1.09691937 -2.09681047 -0.91822657 -1.68910633  0.19800824 -1.41099859 -0.51951248  0.          1.05088517 -0.32520357 -0.62062514 -1.41814208]
     [ 0.19758883  0.25041957 -0.06907219 -1.09691937  2.81504709  2.02021687 -0.04196178 -1.44107758 -0.16199088 -0.21071419 -0.04096755 -1.05088517  0.          1.22713136  0.43095319  0.54305996]
     [ 0.04764045 -0.62580029  0.45361142 -2.09681047  2.02021687  6.07714527  1.04361433  0.46015411  0.41817982  0.29231836  0.58888431  0.32520357 -1.22713136  0.          0.53305193  0.50584615]
     [-0.91595876  0.16084155  0.38825536 -0.91822657 -0.04196178  1.04361433  3.85827262  1.72728823 -0.6907854   0.5682346  -0.12706393  0.62062514 -0.43095319 -0.53305193  0.          1.18370839]
     [-1.17877967 -1.18053307 -0.62583677 -1.68910633 -1.44107758  0.46015411  1.72728823  5.76159111  0.13393026  0.18495982  0.36108493  1.41814208 -0.54305996 -0.50584615 -1.18370839  0.        ]
     [ 0.         -0.91150573  0.48432551  0.19800824 -0.16199088  0.41817982 -0.6907854   0.13393026  1.85364641  0.25286267  0.22060424  0.03118171  0.19758883  0.04764045 -0.91595876 -1.17877967]
     [ 0.91150573  0.         -1.04854753 -1.41099859 -0.21071419  0.29231836  0.5682346   0.18495982  0.25286267  4.18704376 -0.09865644  0.02079441  0.25041957 -0.62580029  0.16084155 -1.18053307]
     [-0.48432551  1.04854753  0.         -0.51951248 -0.04096755  0.58888431 -0.12706393  0.36108493  0.22060424 -0.09865644  2.48609271  1.53873436 -0.06907219  0.45361142  0.38825536 -0.62583677]
     [-0.19800824  1.41099859  0.51951248  0.         -1.05088517  0.32520357  0.62062514  1.41814208  0.03118171  0.02079441  1.53873436  5.94111198 -1.09691937 -2.09681047 -0.91822657 -1.68910633]
     [ 0.16199088  0.21071419  0.04096755  1.05088517  0.         -1.22713136 -0.43095319 -0.54305996  0.19758883  0.25041957 -0.06907219 -1.09691937  2.81504709  2.02021687 -0.04196178 -1.44107758]
     [-0.41817982 -0.29231836 -0.58888431 -0.32520357  1.22713136  0.         -0.53305193 -0.50584615  0.04764045 -0.62580029  0.45361142 -2.09681047  2.02021687  6.07714527  1.04361433  0.46015411]
     [ 0.6907854  -0.5682346   0.12706393 -0.62062514  0.43095319  0.53305193  0.         -1.18370839 -0.91595876  0.16084155  0.38825536 -0.91822657 -0.04196178  1.04361433  3.85827262  1.72728823]
     [-0.13393026 -0.18495982 -0.36108493 -1.41814208  0.54305996  0.50584615  1.18370839  0.         -1.17877967 -1.18053307 -0.62583677 -1.68910633 -1.44107758  0.46015411  1.72728823  5.76159111]]
    eigvals of hessian_by_M_M: [ 0.41356266  0.41356266  0.8552957   0.8552957   1.7011267   1.7011267   1.79896622  1.79896622  3.80451058  3.80451058  5.86782543  5.86782543  7.12285936  7.12285936 11.41580429 11.41580429]
SSpiral(8):
    iter_times, elapsed_time, sqdiff: 300, 1.017958164215088, 6.897474474061591
    MSN: Tensor(
        [[ 0.76502443+0.41191376j  0.56611976-0.47765203j -0.36311443+0.46002974j -1.14979051+0.73498787j]
         [ 0.31948484-0.46714567j -0.49969469-0.44194254j  0.40377836+0.10071931j  0.59564134+1.16774832j]
         [-0.36052973+1.13366581j  0.07214792+0.4589974j  -0.26360621-0.86832907j -0.73187703-0.14526767j]
         [ 0.74174452+0.74035023j -0.29650268+0.41306685j -0.72504669-0.81424617j  0.76553413+1.16330704j]]
        labels=['kl', 'kr'],
        shape=(4, 4),
    )
    grad_by_reM_reM: Tensor(
        [-2.37587727e-14-2.77555756e-16j  1.62092562e-14+1.59594560e-15j  2.36477504e-14+3.33066907e-16j  2.03170814e-14-1.55431223e-15j -8.54871729e-15+1.44328993e-15j -1.74860126e-14-1.66533454e-16j -2.77555756e-15-1.19348975e-15j -2.59653410e-14+6.66133815e-16j]
        labels=[('kl', 'JZKoOvNN')],
        shape=(8,),
    )
    grad_by_imM_imM: Tensor(
        [ 3.49720253e-15-3.33066907e-16j -4.86694018e-14+7.77156117e-16j -1.55431223e-14+2.77555756e-16j  4.35207426e-14+0.00000000e+00j  1.45439216e-14-7.77156117e-16j  3.86912724e-14+1.16573418e-15j -1.15740750e-14-4.44089210e-16j -1.44328993e-14+4.02455846e-16j]
        labels=[('kl', 'JZKoOvNN')],
        shape=(8,),
    )
    hessian_by_M_M: [[ 2.85252043e+01 -1.58943629e+01 -1.45062479e-02  5.10816351e+00 -2.48413589e+00 -1.02927301e+00 -1.60597163e+01  4.67938662e+00  0.00000000e+00 -1.06339722e+01 -4.20837031e+00  1.09483032e+01  1.28682244e+01 -3.17845755e+00  4.39309141e+00 -5.67018364e+00]
     [-1.58943629e+01  4.60113548e+01 -1.89363298e+00 -8.08588962e+00  6.28204906e+00  3.86143192e-01  8.71236681e-01 -5.76407744e-01  1.06339722e+01  0.00000000e+00  1.41588592e+01  4.79341201e+00 -1.18810909e+01 -7.86544578e+00 -8.16510616e+00 -1.95381283e+00]
     [-1.45062479e-02 -1.89363298e+00  3.95002807e+01 -4.91377019e+00 -1.05214134e+01  2.04181247e-01 -1.26668698e+00 -1.35357067e+01  4.20837031e+00 -1.41588592e+01  0.00000000e+00 -5.19341773e+00 -5.46453277e+00  3.28179881e+00 -4.72075335e+00  1.49563241e+00]
     [ 5.10816351e+00 -8.08588962e+00 -4.91377019e+00  4.38443170e+01  6.00761474e+00 -9.28797405e+00 -5.05817187e+00 -3.91621500e+00 -1.09483032e+01 -4.79341201e+00  5.19341773e+00  0.00000000e+00 -4.76351144e+00  7.33274288e-01  1.38184529e+00 -1.21880987e+01]
     [-2.48413589e+00  6.28204906e+00 -1.05214134e+01  6.00761474e+00  4.53465229e+01 -9.47498821e+00  2.67040901e+00 -4.87847140e+00 -1.28682244e+01  1.18810909e+01  5.46453277e+00  4.76351144e+00  0.00000000e+00 -4.98451026e+00  3.44462045e+00 -3.96742750e-01]
