b=4, chi=2, seed=448, 
NOR:
    iter_times, elapsed_time, sqdiff: 300, 0.4334068298339844, 3.6845582885849257
    MSN: Tensor(
        [[-1.84919537+0.84534147j -0.2613491 +0.75321058j -0.13312483+0.18006909j -0.63265093-1.04907227j]
         [-0.33475367-0.31300637j -0.0846199 -0.67830078j  1.05228024+0.54482597j -1.218655  +0.3961505j ]
         [-0.58756096+0.7161749j   0.22146786+0.32426078j -0.06012526+0.41964436j -0.74087879-0.58952838j]
         [-0.56029198-0.83765507j -0.7970955 -0.85455744j  1.45780134-0.28113224j -0.52216308+1.2683601j ]]
        labels=['kl', 'kr'],
        shape=(4, 4),
    )
    grad_by_reM_reM: Tensor(
        [-2.13717932e-14-3.33066907e-16j -1.54459778e-14+4.92661467e-16j  6.88338275e-15+1.66533454e-16j -1.38777878e-15-2.19269047e-15j  2.61457522e-14+0.00000000e+00j -1.97064587e-15-3.60822483e-16j
         -2.94209102e-15-2.22044605e-16j -1.28785871e-14+1.14838694e-15j]
        labels=[('kl', 'GOYsLrXy')],
        shape=(8,),
    )
    grad_by_imM_imM: Tensor(
        [ 5.05151476e-15-3.88578059e-16j  3.62904151e-15+5.68989300e-16j  9.15933995e-15-1.99840144e-15j -1.40720768e-14+1.38777878e-15j  1.66533454e-14-9.99200722e-16j -8.40993941e-15-1.36002321e-15j
          1.02140518e-14-1.66533454e-16j -3.37577188e-15+2.77555756e-15j]
        labels=[('kl', 'GOYsLrXy')],
        shape=(8,),
    )
    hessian_by_M_M: [[ 70.05201354+0.00000000e+00j   7.48690145+8.88178420e-16j   7.41877659+8.88178420e-16j  32.00598119-8.88178420e-16j  11.6514631 +2.22044605e-16j  17.35255475+1.77635684e-15j
      -12.23842902+8.88178420e-16j  16.68304368+1.33226763e-15j   0.        +0.00000000e+00j  -4.80840268+0.00000000e+00j  14.54423855+8.88178420e-16j -12.74010336+0.00000000e+00j
       -3.17716551+8.88178420e-16j  28.57042534-1.77635684e-15j -13.92830783+8.88178420e-16j   0.56499353-1.77635684e-15j]
     [  7.48690145+8.88178420e-16j  48.19168943+0.00000000e+00j   8.0924525 +0.00000000e+00j  -3.46138566+0.00000000e+00j  -2.58691506+0.00000000e+00j -10.62628866-8.88178420e-16j
       22.49560717+3.55271368e-15j   3.11807137-1.33226763e-15j   4.80840268+0.00000000e+00j   0.        +0.00000000e+00j  -5.20289092-8.88178420e-16j  -1.07193908-2.22044605e-15j
      -14.24850016+2.22044605e-16j   2.87456402+0.00000000e+00j -16.38272182+0.00000000e+00j   2.547048  -8.88178420e-16j]
     [  7.41877659+8.88178420e-16j   8.0924525 +0.00000000e+00j  91.03357259-3.55271368e-15j   9.07657003+0.00000000e+00j -29.82003365+6.66133815e-16j   8.49498895+0.00000000e+00j
       -3.40531184+0.00000000e+00j  22.1848064 +0.00000000e+00j -14.54423855-8.88178420e-16j   5.20289092+8.88178420e-16j   0.        +0.00000000e+00j   3.60052517+1.77635684e-15j
        2.98569214+1.77635684e-15j  19.92025708+2.66453526e-15j  22.87960036-2.22044605e-16j  -4.67668423-1.77635684e-15j]
     [ 32.00598119-8.88178420e-16j  -3.46138566+0.00000000e+00j   9.07657003+0.00000000e+00j  72.70663897+0.00000000e+00j   1.95466868-1.77635684e-15j  10.85895147+1.77635684e-15j
        7.05316286-4.44089210e-16j   2.93142711-1.33226763e-15j  12.74010336+0.00000000e+00j   1.07193908+2.22044605e-15j  -3.60052517-1.77635684e-15j   0.        +0.00000000e+00j
       23.63221849+5.55111512e-16j  25.66502325-8.88178420e-16j   6.01634072+4.44089210e-16j   1.10776771+4.44089210e-16j]
     [ 11.6514631 +2.22044605e-16j  -2.58691506+0.00000000e+00j -29.82003365+6.66133815e-16j   1.95466868-1.77635684e-15j 127.45856583-7.10542736e-15j  25.9415722 +0.00000000e+00j
       20.35048047+4.44089210e-16j  -6.6773943 -8.88178420e-16j   3.17716551-8.88178420e-16j  14.24850016-2.22044605e-16j  -2.98569214-1.77635684e-15j -23.63221849-5.55111512e-16j
        0.        +0.00000000e+00j -41.27342922+5.32907052e-15j  -5.03834718+0.00000000e+00j  -1.21497574-4.44089210e-16j]
     [ 17.35255475+1.77635684e-15j -10.62628866-8.88178420e-16j   8.49498895+0.00000000e+00j  10.85895147+1.77635684e-15j  25.9415722 +0.00000000e+00j  88.6907809 +3.55271368e-15j
       -8.26094561-7.77156117e-16j  -7.74974489+0.00000000e+00j -28.57042534+1.77635684e-15j  -2.87456402+0.00000000e+00j -19.92025708-2.66453526e-15j -25.66502325+8.88178420e-16j
       41.27342922-5.32907052e-15j   0.        +0.00000000e+00j   1.75998878+8.88178420e-16j   4.967485  +1.33226763e-15j]
     [-12.23842902+8.88178420e-16j  22.49560717+3.55271368e-15j  -3.40531184+0.00000000e+00j   7.05316286-4.44089210e-16j  20.35048047+4.44089210e-16j  -8.26094561-7.77156117e-16j
       69.6455311 -1.77635684e-15j  -0.71756857+1.77635684e-15j  13.92830783-8.88178420e-16j  16.38272182+0.00000000e+00j -22.87960036+2.22044605e-16j  -6.01634072-4.44089210e-16j
        5.03834718+0.00000000e+00j  -1.75998878-8.88178420e-16j   0.        +0.00000000e+00j -15.80815778-1.11022302e-16j]
     [ 16.68304368+1.33226763e-15j   3.11807137-1.33226763e-15j  22.1848064 +0.00000000e+00j   2.93142711-1.33226763e-15j  -6.6773943 -8.88178420e-16j  -7.74974489+0.00000000e+00j
       -0.71756857+1.77635684e-15j  60.96119941+1.77635684e-15j  -0.56499353+1.77635684e-15j  -2.547048  +8.88178420e-16j   4.67668423+1.77635684e-15j  -1.10776771-4.44089210e-16j
        1.21497574+4.44089210e-16j  -4.967485  -1.33226763e-15j  15.80815778+1.11022302e-16j   0.        +0.00000000e+00j]
     [  0.        +0.00000000e+00j   4.80840268+0.00000000e+00j -14.54423855-8.88178420e-16j  12.74010336+0.00000000e+00j   3.17716551-8.88178420e-16j -28.57042534+1.77635684e-15j
       13.92830783-8.88178420e-16j  -0.56499353+1.77635684e-15j  70.05201354+0.00000000e+00j   7.48690145+8.88178420e-16j   7.41877659+8.88178420e-16j  32.00598119-8.88178420e-16j
       11.6514631 +2.22044605e-16j  17.35255475+1.77635684e-15j -12.23842902+8.88178420e-16j  16.68304368+1.33226763e-15j]
     [ -4.80840268+0.00000000e+00j   0.        +0.00000000e+00j   5.20289092+8.88178420e-16j   1.07193908+2.22044605e-15j  14.24850016-2.22044605e-16j  -2.87456402+0.00000000e+00j
       16.38272182+0.00000000e+00j  -2.547048  +8.88178420e-16j   7.48690145+8.88178420e-16j  48.19168943+0.00000000e+00j   8.0924525 +0.00000000e+00j  -3.46138566+0.00000000e+00j
       -2.58691506+0.00000000e+00j -10.62628866-8.88178420e-16j  22.49560717+3.55271368e-15j   3.11807137-1.33226763e-15j]
     [ 14.54423855+8.88178420e-16j  -5.20289092-8.88178420e-16j   0.        +0.00000000e+00j  -3.60052517-1.77635684e-15j  -2.98569214-1.77635684e-15j -19.92025708-2.66453526e-15j
      -22.87960036+2.22044605e-16j   4.67668423+1.77635684e-15j   7.41877659+8.88178420e-16j   8.0924525 +0.00000000e+00j  91.03357259-3.55271368e-15j   9.07657003+0.00000000e+00j
      -29.82003365+6.66133815e-16j   8.49498895+0.00000000e+00j  -3.40531184+0.00000000e+00j  22.1848064 +0.00000000e+00j]
     [-12.74010336+0.00000000e+00j  -1.07193908-2.22044605e-15j   3.60052517+1.77635684e-15j   0.        +0.00000000e+00j -23.63221849-5.55111512e-16j -25.66502325+8.88178420e-16j
       -6.01634072-4.44089210e-16j  -1.10776771-4.44089210e-16j  32.00598119-8.88178420e-16j  -3.46138566+0.00000000e+00j   9.07657003+0.00000000e+00j  72.70663897+0.00000000e+00j
        1.95466868-1.77635684e-15j  10.85895147+1.77635684e-15j   7.05316286-4.44089210e-16j   2.93142711-1.33226763e-15j]
     [ -3.17716551+8.88178420e-16j -14.24850016+2.22044605e-16j   2.98569214+1.77635684e-15j  23.63221849+5.55111512e-16j   0.        +0.00000000e+00j  41.27342922-5.32907052e-15j
        5.03834718+0.00000000e+00j   1.21497574+4.44089210e-16j  11.6514631 +2.22044605e-16j  -2.58691506+0.00000000e+00j -29.82003365+6.66133815e-16j   1.95466868-1.77635684e-15j
      127.45856583-7.10542736e-15j  25.9415722 +0.00000000e+00j  20.35048047+4.44089210e-16j  -6.6773943 -8.88178420e-16j]
     [ 28.57042534-1.77635684e-15j   2.87456402+0.00000000e+00j  19.92025708+2.66453526e-15j  25.66502325-8.88178420e-16j -41.27342922+5.32907052e-15j   0.        +0.00000000e+00j
       -1.75998878-8.88178420e-16j  -4.967485  -1.33226763e-15j  17.35255475+1.77635684e-15j -10.62628866-8.88178420e-16j   8.49498895+0.00000000e+00j  10.85895147+1.77635684e-15j
       25.9415722 +0.00000000e+00j  88.6907809 +3.55271368e-15j  -8.26094561-7.77156117e-16j  -7.74974489+0.00000000e+00j]
     [-13.92830783+8.88178420e-16j -16.38272182+0.00000000e+00j  22.87960036-2.22044605e-16j   6.01634072+4.44089210e-16j  -5.03834718+0.00000000e+00j   1.75998878+8.88178420e-16j
        0.        +0.00000000e+00j  15.80815778+1.11022302e-16j -12.23842902+8.88178420e-16j  22.49560717+3.55271368e-15j  -3.40531184+0.00000000e+00j   7.05316286-4.44089210e-16j
       20.35048047+4.44089210e-16j  -8.26094561-7.77156117e-16j  69.6455311 -1.77635684e-15j  -0.71756857+1.77635684e-15j]
     [  0.56499353-1.77635684e-15j   2.547048  -8.88178420e-16j  -4.67668423-1.77635684e-15j   1.10776771+4.44089210e-16j  -1.21497574-4.44089210e-16j   4.967485  +1.33226763e-15j
      -15.80815778-1.11022302e-16j   0.        +0.00000000e+00j  16.68304368+1.33226763e-15j   3.11807137-1.33226763e-15j  22.1848064 +0.00000000e+00j   2.93142711-1.33226763e-15j
       -6.6773943 -8.88178420e-16j  -7.74974489+0.00000000e+00j  -0.71756857+1.77635684e-15j  60.96119941+1.77635684e-15j]]
