b=4, chi=2, seed=497, 
NOR:
    iter_times, elapsed_time, sqdiff: 300, 0.6890091896057129, 1.3821651274579858
    MSN: Tensor(
        [[ 0.02037051-0.3030545j  -0.50429401-0.49182521j -0.3848579 +1.63603127j  0.74597554+0.12461406j]
         [ 0.45501214+0.07849192j  0.96322925-1.06870094j -0.9677925 -1.58385865j -0.50688795+0.1475698j ]
         [-0.06796606+0.22810154j  0.27108092+0.96151387j -0.85341061+0.19589537j  0.02458032+0.82990249j]
         [ 0.05689146-0.16403049j -0.34790804-0.76112431j  0.23673503-0.75587275j -0.42686529-0.48065486j]]
        labels=['kl', 'kr'],
        shape=(4, 4),
    )
    grad_by_reM_reM: Tensor(
        [-2.56739074e-16-1.59941504e-15j -7.96585020e-15+1.24900090e-16j  3.04617442e-15+2.91433544e-16j  9.91220994e-15-3.19189120e-16j -6.39245601e-15-1.22124533e-15j  3.21964677e-15-3.88578059e-16j -7.66053887e-15-2.77555756e-15j  5.82867088e-16-1.58206781e-15j]
        labels=[('kl', 'ALqfLoRc')],
        shape=(8,),
    )
    grad_by_imM_imM: Tensor(
        [-1.00752739e-14-9.50628465e-16j  3.26128013e-15-1.94289029e-16j  1.36418654e-14+2.07039247e-15j  6.20337115e-15+3.27862737e-15j  5.66213743e-15-3.45209972e-16j  4.99600361e-16-8.32667268e-17j  6.66133815e-16-2.05391260e-15j  8.32667268e-17+1.58206781e-15j]
        labels=[('kl', 'ALqfLoRc')],
        shape=(8,),
    )
    hessian_by_M_M: [[ 2.91738756e+01  3.68904062e+00  5.90041131e+00  2.59200326e-01 -7.45988097e+00 -1.78481459e+00 -5.47609281e+00  4.60831055e+00  0.00000000e+00 -3.04845547e+00  2.86926786e+00  1.39407497e-01 -1.92150435e+00  1.16298859e+01 -8.91921197e+00  1.40806792e+01]
     [ 3.68904062e+00  3.52887368e+01 -1.34002692e+00 -1.77484531e+00  4.60434084e+00 -1.06292150e+00 -4.51930007e+00  1.37407494e+01  3.04845547e+00  0.00000000e+00 -4.75499685e+00 -1.28733143e+01 -7.22508585e+00  2.07925107e+00  1.57862019e+00 -6.64192140e+00]
     [ 5.90041131e+00 -1.34002692e+00  3.49145097e+01  1.15862027e+01  1.60082916e+00 -2.62608421e+00 -4.23962109e-01  1.25887730e+01 -2.86926786e+00  4.75499685e+00  0.00000000e+00 -3.61188632e+00  5.03807625e+00  3.82244512e+00 -4.16056337e+00 -6.70725930e-01]
     [ 2.59200326e-01 -1.77484531e+00  1.15862027e+01  5.42959235e+01  9.14583826e-01 -4.91100807e+00 -1.20235811e+01 -5.41259057e+00 -1.39407497e-01  1.28733143e+01  3.61188632e+00  0.00000000e+00  9.09070081e+00  5.64758234e+00 -4.99145057e-02  1.09510535e+01]
     [-7.45988097e+00  4.60434084e+00  1.60082916e+00  9.14583826e-01  3.99563743e+01 -5.46943674e-01  5.10300393e+00 -7.30416280e+00  1.92150435e+00  7.22508585e+00 -5.03807625e+00 -9.09070081e+00  0.00000000e+00  2.54019057e+00  5.90700310e-01 -5.37594241e+00]
     [-1.78481459e+00 -1.06292150e+00 -2.62608421e+00 -4.91100807e+00 -5.46943674e-01  2.13617951e+01 -3.83061421e+00  5.78983412e+00 -1.16298859e+01 -2.07925107e+00 -3.82244512e+00 -5.64758234e+00 -2.54019057e+00  0.00000000e+00  3.31195026e+00 -7.26817943e+00]
     [-5.47609281e+00 -4.51930007e+00 -4.23962109e-01 -1.20235811e+01  5.10300393e+00 -3.83061421e+00  3.25231358e+01 -3.49232756e+00  8.91921197e+00 -1.57862019e+00  4.16056337e+00  4.99145057e-02 -5.90700310e-01 -3.31195026e+00  0.00000000e+00  4.78995527e-02]
     [ 4.60831055e+00  1.37407494e+01  1.25887730e+01 -5.41259057e+00 -7.30416280e+00  5.78983412e+00 -3.49232756e+00  3.74947650e+01 -1.40806792e+01  6.64192140e+00  6.70725930e-01 -1.09510535e+01  5.37594241e+00  7.26817943e+00 -4.78995527e-02  0.00000000e+00]
     [ 0.00000000e+00  3.04845547e+00 -2.86926786e+00 -1.39407497e-01  1.92150435e+00 -1.16298859e+01  8.91921197e+00 -1.40806792e+01  2.91738756e+01  3.68904062e+00  5.90041131e+00  2.59200326e-01 -7.45988097e+00 -1.78481459e+00 -5.47609281e+00  4.60831055e+00]
     [-3.04845547e+00  0.00000000e+00  4.75499685e+00  1.28733143e+01  7.22508585e+00 -2.07925107e+00 -1.57862019e+00  6.64192140e+00  3.68904062e+00  3.52887368e+01 -1.34002692e+00 -1.77484531e+00  4.60434084e+00 -1.06292150e+00 -4.51930007e+00  1.37407494e+01]
     [ 2.86926786e+00 -4.75499685e+00  0.00000000e+00  3.61188632e+00 -5.03807625e+00 -3.82244512e+00  4.16056337e+00  6.70725930e-01  5.90041131e+00 -1.34002692e+00  3.49145097e+01  1.15862027e+01  1.60082916e+00 -2.62608421e+00 -4.23962109e-01  1.25887730e+01]
     [ 1.39407497e-01 -1.28733143e+01 -3.61188632e+00  0.00000000e+00 -9.09070081e+00 -5.64758234e+00  4.99145057e-02 -1.09510535e+01  2.59200326e-01 -1.77484531e+00  1.15862027e+01  5.42959235e+01  9.14583826e-01 -4.91100807e+00 -1.20235811e+01 -5.41259057e+00]
     [-1.92150435e+00 -7.22508585e+00  5.03807625e+00  9.09070081e+00  0.00000000e+00 -2.54019057e+00 -5.90700310e-01  5.37594241e+00 -7.45988097e+00  4.60434084e+00  1.60082916e+00  9.14583826e-01  3.99563743e+01 -5.46943674e-01  5.10300393e+00 -7.30416280e+00]
     [ 1.16298859e+01  2.07925107e+00  3.82244512e+00  5.64758234e+00  2.54019057e+00  0.00000000e+00 -3.31195026e+00  7.26817943e+00 -1.78481459e+00 -1.06292150e+00 -2.62608421e+00 -4.91100807e+00 -5.46943674e-01  2.13617951e+01 -3.83061421e+00  5.78983412e+00]
     [-8.91921197e+00  1.57862019e+00 -4.16056337e+00 -4.99145057e-02  5.90700310e-01  3.31195026e+00  0.00000000e+00 -4.78995527e-02 -5.47609281e+00 -4.51930007e+00 -4.23962109e-01 -1.20235811e+01  5.10300393e+00 -3.83061421e+00  3.25231358e+01 -3.49232756e+00]
     [ 1.40806792e+01 -6.64192140e+00 -6.70725930e-01  1.09510535e+01 -5.37594241e+00 -7.26817943e+00  4.78995527e-02  0.00000000e+00  4.60831055e+00  1.37407494e+01  1.25887730e+01 -5.41259057e+00 -7.30416280e+00  5.78983412e+00 -3.49232756e+00  3.74947650e+01]]
    eigvals of hessian_by_M_M: [ 2.69642707  2.69642707 12.3895909  12.3895909  18.09727516 18.09727516 28.03932848 28.03932848 34.82226907 34.82226907 44.50646107 44.50646107 61.94037274 61.94037274 82.51739124 82.51739124]
WCOR:
    iter_times, elapsed_time, sqdiff: 300, 0.7432100772857666, 2.0242732963973262
    MSN: Tensor(
        [[-0.03617721-0.51565317j  0.00812545-0.60393886j -0.43112012+0.06099542j -0.29677499-0.37069205j]
         [ 0.31796312-0.34819289j  0.50292354-0.83713249j -0.88387839-0.3126755j   0.20190444-0.27788001j]
         [ 0.48498808+0.82778573j  0.92193271+0.0745969j  -0.51948224-0.87911989j  1.03027615+0.76485933j]
         [ 0.21558363+0.03005335j -0.10718028+0.90483948j  1.08281492+0.14955301j -0.04145255-0.43088042j]]
        labels=['kl', 'kr'],
        shape=(4, 4),
    )
    grad_by_reM_reM: Tensor(
        [ 1.37667655e-14-2.22044605e-15j  8.65973959e-15-8.18789481e-16j -1.06581410e-14+5.96744876e-16j -1.08246745e-14+2.77555756e-16j -2.15383267e-14-9.22872889e-16j  6.75848266e-15-4.44089210e-16j  1.55431223e-14-5.48172618e-16j  5.82867088e-15-2.22044605e-16j]
        labels=[('kl', 'ALqfLoRc')],
        shape=(8,),
    )
    grad_by_imM_imM: Tensor(
        [ 1.42108547e-14+7.21644966e-16j -1.50018886e-14+7.21644966e-16j  1.13659082e-14-1.11022302e-15j  4.82947016e-15+2.77555756e-16j -1.21361254e-14+3.33066907e-16j -6.16173779e-15+6.24500451e-16j  1.06095688e-14-2.22044605e-16j -1.66533454e-15-8.88178420e-16j]
        labels=[('kl', 'ALqfLoRc')],
        shape=(8,),
    )
    hessian_by_M_M: [[ 4.94333105e+01  3.51200758e+00  5.46004454e+00 -1.37527583e+00 -1.65045980e+01  3.68196031e+00 -1.37577974e+01 -7.20921480e+00  0.00000000e+00 -1.13742711e+01 -1.23531802e+00 -3.49565209e+00 -1.33773164e-01  5.90330515e+00 -8.58963505e+00  8.86108892e-01]
     [ 3.51200758e+00  1.85969207e+01 -2.44326365e+00 -1.16206219e+00  2.40728744e+00  2.20677354e+00 -5.11329311e-01  3.73705619e+00  1.13742711e+01  0.00000000e+00  7.40176886e+00  2.27291620e-02 -1.91427291e-02  5.54783919e+00  1.05896452e+01 -4.94786608e+00]
     [ 5.46004454e+00 -2.44326365e+00  5.07450716e+01  6.31864676e+00  3.04234741e+00 -2.79034351e-01  3.63001200e-01 -9.40044561e-01  1.23531802e+00 -7.40176886e+00  0.00000000e+00 -1.36689709e+01 -5.64141700e-01  2.58361834e+00 -8.91757886e-02 -7.79074617e-01]
     [-1.37527583e+00 -1.16206219e+00  6.31864676e+00  2.70135754e+01 -7.20468664e+00 -7.36707742e+00 -1.01875047e+01 -9.54609870e+00  3.49565209e+00 -2.27291620e-02  1.36689709e+01  0.00000000e+00  5.23164705e+00  4.06174842e-01 -5.05492741e+00 -5.64179312e-01]
     [-1.65045980e+01  2.40728744e+00  3.04234741e+00 -7.20468664e+00  5.65517043e+01  6.81996543e+00  2.28898324e+01 -6.92186903e-01  1.33773164e-01  1.91427291e-02  5.64141700e-01 -5.23164705e+00  0.00000000e+00  3.26314352e+00 -3.61947117e+00 -1.74420258e+00]
     [ 3.68196031e+00  2.20677354e+00 -2.79034351e-01 -7.36707742e+00  6.81996543e+00  1.94751464e+01  6.35577002e+00  2.94281575e+00 -5.90330515e+00 -5.54783919e+00 -2.58361834e+00 -4.06174842e-01 -3.26314352e+00  0.00000000e+00  6.58306950e-01 -1.17897114e+00]
     [-1.37577974e+01 -5.11329311e-01  3.63001200e-01 -1.01875047e+01  2.28898324e+01  6.35577002e+00  6.88112591e+01  9.31150661e+00  8.58963505e+00 -1.05896452e+01  8.91757886e-02  5.05492741e+00  3.61947117e+00 -6.58306950e-01  0.00000000e+00 -8.82860204e+00]
     [-7.20921480e+00  3.73705619e+00 -9.40044561e-01 -9.54609870e+00 -6.92186903e-01  2.94281575e+00  9.31150661e+00  2.05721275e+01 -8.86108892e-01  4.94786608e+00  7.79074617e-01  5.64179312e-01  1.74420258e+00  1.17897114e+00  8.82860204e+00  0.00000000e+00]
     [ 0.00000000e+00  1.13742711e+01  1.23531802e+00  3.49565209e+00  1.33773164e-01 -5.90330515e+00  8.58963505e+00 -8.86108892e-01  4.94333105e+01  3.51200758e+00  5.46004454e+00 -1.37527583e+00 -1.65045980e+01  3.68196031e+00 -1.37577974e+01 -7.20921480e+00]
     [-1.13742711e+01  0.00000000e+00 -7.40176886e+00 -2.27291620e-02  1.91427291e-02 -5.54783919e+00 -1.05896452e+01  4.94786608e+00  3.51200758e+00  1.85969207e+01 -2.44326365e+00 -1.16206219e+00  2.40728744e+00  2.20677354e+00 -5.11329311e-01  3.73705619e+00]
     [-1.23531802e+00  7.40176886e+00  0.00000000e+00  1.36689709e+01  5.64141700e-01 -2.58361834e+00  8.91757886e-02  7.79074617e-01  5.46004454e+00 -2.44326365e+00  5.07450716e+01  6.31864676e+00  3.04234741e+00 -2.79034351e-01  3.63001200e-01 -9.40044561e-01]
     [-3.49565209e+00  2.27291620e-02 -1.36689709e+01  0.00000000e+00 -5.23164705e+00 -4.06174842e-01  5.05492741e+00  5.64179312e-01 -1.37527583e+00 -1.16206219e+00  6.31864676e+00  2.70135754e+01 -7.20468664e+00 -7.36707742e+00 -1.01875047e+01 -9.54609870e+00]
     [-1.33773164e-01 -1.91427291e-02 -5.64141700e-01  5.23164705e+00  0.00000000e+00 -3.26314352e+00  3.61947117e+00  1.74420258e+00 -1.65045980e+01  2.40728744e+00  3.04234741e+00 -7.20468664e+00  5.65517043e+01  6.81996543e+00  2.28898324e+01 -6.92186903e-01]
     [ 5.90330515e+00  5.54783919e+00  2.58361834e+00  4.06174842e-01  3.26314352e+00  0.00000000e+00 -6.58306950e-01  1.17897114e+00  3.68196031e+00  2.20677354e+00 -2.79034351e-01 -7.36707742e+00  6.81996543e+00  1.94751464e+01  6.35577002e+00  2.94281575e+00]
     [-8.58963505e+00  1.05896452e+01 -8.91757886e-02 -5.05492741e+00 -3.61947117e+00  6.58306950e-01  0.00000000e+00  8.82860204e+00 -1.37577974e+01 -5.11329311e-01  3.63001200e-01 -1.01875047e+01  2.28898324e+01  6.35577002e+00  6.88112591e+01  9.31150661e+00]
     [ 8.86108892e-01 -4.94786608e+00 -7.79074617e-01 -5.64179312e-01 -1.74420258e+00 -1.17897114e+00 -8.82860204e+00  0.00000000e+00 -7.20921480e+00  3.73705619e+00 -9.40044561e-01 -9.54609870e+00 -6.92186903e-01  2.94281575e+00  9.31150661e+00  2.05721275e+01]]
    eigvals of hessian_by_M_M: [  5.08932483   5.08932483   8.00805845   8.00805845  13.96377948  13.96377948  24.46719808  24.46719808  40.72999014  40.72999014  52.96144388  52.96144388  64.42692749  64.42692749 101.55239317 101.55239317]
WROR:
    iter_times, elapsed_time, sqdiff: 300, 0.6606709957122803, 2.0242732963973253
    MSN: Tensor(
        [[-0.03617721-0.51565317j  0.00812545-0.60393886j -0.43112012+0.06099542j -0.29677499-0.37069205j]
         [ 0.31796312-0.34819289j  0.50292354-0.83713249j -0.88387839-0.3126755j   0.20190444-0.27788001j]
         [ 0.48498808+0.82778573j  0.92193271+0.0745969j  -0.51948224-0.87911989j  1.03027615+0.76485933j]
         [ 0.21558363+0.03005335j -0.10718028+0.90483948j  1.08281492+0.14955301j -0.04145255-0.43088042j]]
        labels=['kl', 'kr'],
        shape=(4, 4),
    )
    grad_by_reM_reM: Tensor(
        [ 1.69864123e-14+2.22044605e-16j -9.82547377e-15+4.99600361e-16j -1.67643677e-14+6.10622664e-16j -1.97897254e-14-3.60822483e-16j -8.32112157e-14-5.55111512e-16j -1.63480340e-14+3.05311332e-16j  4.80726570e-14+8.88178420e-16j  1.98382977e-14+2.77555756e-16j]
        labels=[('kl', 'ALqfLoRc')],
        shape=(8,),
    )
    grad_by_imM_imM: Tensor(
        [ 3.48610030e-14+1.11022302e-16j -1.40443213e-14+0.00000000e+00j -3.60822483e-15-9.99200722e-16j  3.62210262e-14-4.16333634e-16j -6.10622664e-15-1.16573418e-15j  4.46864767e-15-5.82867088e-16j -2.97539771e-14+7.77156117e-16j -1.39332990e-14+1.73472348e-16j]
        labels=[('kl', 'ALqfLoRc')],
        shape=(8,),
    )
    hessian_by_M_M: [[ 65.42216972  18.18298517   8.36267679   0.84381634 -19.62601422   0.11046869 -14.55794896  -6.91160138   0.          -1.96862482  -0.60800976  -2.49005456   1.39454947   5.1005689  -10.29240161  -6.94066519]
     [ 18.18298517  17.6953915    1.30458365  -2.46949432   0.25095004   2.90348356   2.52721386   0.75702367   1.96862482   0.           6.49855162   0.49258973   3.50560835   5.83893718  10.86888563  -2.37031461]
     [  8.36267679   1.30458365  69.46109149  23.90266053   2.5857912   -2.89419483  -2.89564179  -3.05882805   0.60800976  -6.49855162   0.          -3.51860646   2.19050256   4.03158194   1.24218904  -0.20866293]
     [  0.84381634  -2.46949432  23.90266053  25.83907136  -5.54029682  -7.99934773 -13.66584994 -10.00664907   2.49005456  -0.49258973   3.51860646   0.           6.81364041   0.93772314  -1.34678386  -2.29769042]
     [-19.62601422   0.25095004   2.5857912   -5.54029682  67.65997925  15.48960612  28.28877096   4.15905143  -1.39454947  -3.50560835  -2.19050256  -6.81364041   0.          13.37196811  -6.1641608    1.08168235]
     [  0.11046869   2.90348356  -2.89419483  -7.99934773  15.48960612  22.52632397   8.78839617   4.18940454  -5.1005689   -5.83893718  -4.03158194  -0.93772314 -13.37196811   0.          -6.74444087  -0.71922707]
     [-14.55794896   2.52721386  -2.89564179 -13.66584994  28.28877096   8.78839617  88.60615493  25.16858266  10.29240161 -10.86888563  -1.24218904   1.34678386   6.1641608    6.74444087   0.           6.08252287]
     [ -6.91160138   0.75702367  -3.05882805 -10.00664907   4.15905143   4.18940454  25.16858266  22.51219035   6.94066519   2.37031461   0.20866293   2.29769042  -1.08168235   0.71922707  -6.08252287   0.        ]
     [  0.           1.96862482   0.60800976   2.49005456  -1.39454947  -5.1005689   10.29240161   6.94066519  65.42216972  18.18298517   8.36267679   0.84381634 -19.62601422   0.11046869 -14.55794896  -6.91160138]
     [ -1.96862482   0.          -6.49855162  -0.49258973  -3.50560835  -5.83893718 -10.86888563   2.37031461  18.18298517  17.6953915    1.30458365  -2.46949432   0.25095004   2.90348356   2.52721386   0.75702367]
     [ -0.60800976   6.49855162   0.           3.51860646  -2.19050256  -4.03158194  -1.24218904   0.20866293   8.36267679   1.30458365  69.46109149  23.90266053   2.5857912   -2.89419483  -2.89564179  -3.05882805]
     [ -2.49005456   0.49258973  -3.51860646   0.          -6.81364041  -0.93772314   1.34678386   2.29769042   0.84381634  -2.46949432  23.90266053  25.83907136  -5.54029682  -7.99934773 -13.66584994 -10.00664907]
     [  1.39454947   3.50560835   2.19050256   6.81364041   0.         -13.37196811   6.1641608   -1.08168235 -19.62601422   0.25095004   2.5857912   -5.54029682  67.65997925  15.48960612  28.28877096   4.15905143]
     [  5.1005689    5.83893718   4.03158194   0.93772314  13.37196811   0.           6.74444087   0.71922707   0.11046869   2.90348356  -2.89419483  -7.99934773  15.48960612  22.52632397   8.78839617   4.18940454]
     [-10.29240161  10.86888563   1.24218904  -1.34678386  -6.1641608   -6.74444087   0.          -6.08252287 -14.55794896   2.52721386  -2.89564179 -13.66584994  28.28877096   8.78839617  88.60615493  25.16858266]
     [ -6.94066519  -2.37031461  -0.20866293  -2.29769042   1.08168235  -0.71922707   6.08252287   0.          -6.91160138   0.75702367  -3.05882805 -10.00664907   4.15905143   4.18940454  25.16858266  22.51219035]]
    eigvals of hessian_by_M_M: [  3.92806938   3.92806938   7.31354712   7.31354712  11.19042242  11.19042242  19.1719181   19.1719181   51.30396493  51.30396493  69.98717563  69.98717563  83.89274832  83.89274832 132.93452669 132.93452669]
IWROR:
    iter_times, elapsed_time, sqdiff: 300, 0.6541187763214111, 2.0242732963973262
    MSN: Tensor(
        [[-0.03617721-0.51565317j  0.00812545-0.60393886j -0.43112012+0.06099542j -0.29677499-0.37069205j]
         [ 0.31796312-0.34819289j  0.50292354-0.83713249j -0.88387839-0.3126755j   0.20190444-0.27788001j]
         [ 0.48498808+0.82778573j  0.92193271+0.0745969j  -0.51948224-0.87911989j  1.03027615+0.76485933j]
         [ 0.21558363+0.03005335j -0.10718028+0.90483948j  1.08281492+0.14955301j -0.04145255-0.43088042j]]
        labels=['kl', 'kr'],
        shape=(4, 4),
    )
    grad_by_reM_reM: Tensor(
        [-3.95794508e-14-1.77635684e-15j -2.66453526e-14-1.66533454e-16j  3.90798505e-14-1.66533454e-16j  2.72559753e-14-3.33066907e-16j  8.71525074e-15-4.44089210e-16j -3.83026943e-15+6.38378239e-16j  1.23234756e-14-1.22124533e-15j  7.22338855e-15+7.21644966e-16j]
        labels=[('kl', 'ALqfLoRc')],
        shape=(8,),
    )
    grad_by_imM_imM: Tensor(
        [-1.95399252e-14+3.16413562e-15j -2.42583731e-14-3.05311332e-16j  1.36002321e-14+6.66133815e-16j  7.49400542e-15+2.22044605e-16j  1.21014310e-14-1.83186799e-15j -1.17406085e-14-1.44328993e-15j  6.77236045e-15-3.33066907e-16j  4.99600361e-16-3.12250226e-16j]
        labels=[('kl', 'ALqfLoRc')],
        shape=(8,),
    )
    hessian_by_M_M: [[ 6.56875902e+01  1.67367269e+01  8.08782852e+00  8.12343514e-01 -2.01465176e+01 -8.36455482e-02 -1.56396169e+01 -6.93040866e+00  0.00000000e+00 -2.72308065e+00 -7.78107419e-01 -2.73707584e+00  1.08993655e+00  5.27291098e+00 -1.03398574e+01 -6.18555434e+00]
     [ 1.67367269e+01  1.63541062e+01  1.27303071e+00 -2.11737972e+00  3.99640946e-01  2.64874282e+00  2.42772638e+00  1.05890320e+00  2.72308065e+00  0.00000000e+00  6.62931528e+00  4.31412897e-01  2.65605329e+00  5.37298338e+00  1.04614388e+01 -2.39915770e+00]
     [ 8.08782852e+00  1.27303071e+00  6.92343628e+01  2.19549230e+01  2.86988108e+00 -2.45898245e+00 -2.23750369e+00 -2.45473820e+00  7.78107419e-01 -6.62931528e+00  0.00000000e+00 -4.03255435e+00  1.66113007e+00  3.52283815e+00  8.39429028e-01 -4.73270522e-01]
     [ 8.12343514e-01 -2.11737972e+00  2.19549230e+01  2.39151715e+01 -5.20307953e+00 -7.32176661e+00 -1.30392086e+01 -9.22745215e+00  2.73707584e+00 -4.31412897e-01  4.03255435e+00  0.00000000e+00  6.94421730e+00  8.78728401e-01 -1.03970008e+00 -1.91529172e+00]
     [-2.01465176e+01  3.99640946e-01  2.86988108e+00 -5.20307953e+00  6.96914710e+01  1.41395739e+01  2.89595257e+01  3.70303636e+00 -1.08993655e+00 -2.65605329e+00 -1.66113007e+00 -6.94421730e+00  0.00000000e+00  1.24553273e+01 -5.88714417e+00  6.58915572e-01]
     [-8.36455482e-02  2.64874282e+00 -2.45898245e+00 -7.32176661e+00  1.41395739e+01  2.02537683e+01  8.48902147e+00  3.68984901e+00 -5.27291098e+00 -5.37298338e+00 -3.52283815e+00 -8.78728401e-01 -1.24553273e+01  0.00000000e+00 -6.00934960e+00 -7.36872378e-01]
     [-1.56396169e+01  2.42772638e+00 -2.23750369e+00 -1.30392086e+01  2.89595257e+01  8.48902147e+00  8.97356133e+01  2.33960620e+01  1.03398574e+01 -1.04614388e+01 -8.39429028e-01  1.03970008e+00  5.88714417e+00  6.00934960e+00  0.00000000e+00  4.77361016e+00]
     [-6.93040866e+00  1.05890320e+00 -2.45473820e+00 -9.22745215e+00  3.70303636e+00  3.68984901e+00  2.33960620e+01  2.04578265e+01  6.18555434e+00  2.39915770e+00  4.73270522e-01  1.91529172e+00 -6.58915572e-01  7.36872378e-01 -4.77361016e+00  0.00000000e+00]
     [ 0.00000000e+00  2.72308065e+00  7.78107419e-01  2.73707584e+00 -1.08993655e+00 -5.27291098e+00  1.03398574e+01  6.18555434e+00  6.56875902e+01  1.67367269e+01  8.08782852e+00  8.12343514e-01 -2.01465176e+01 -8.36455482e-02 -1.56396169e+01 -6.93040866e+00]
     [-2.72308065e+00  0.00000000e+00 -6.62931528e+00 -4.31412897e-01 -2.65605329e+00 -5.37298338e+00 -1.04614388e+01  2.39915770e+00  1.67367269e+01  1.63541062e+01  1.27303071e+00 -2.11737972e+00  3.99640946e-01  2.64874282e+00  2.42772638e+00  1.05890320e+00]
     [-7.78107419e-01  6.62931528e+00  0.00000000e+00  4.03255435e+00 -1.66113007e+00 -3.52283815e+00 -8.39429028e-01  4.73270522e-01  8.08782852e+00  1.27303071e+00  6.92343628e+01  2.19549230e+01  2.86988108e+00 -2.45898245e+00 -2.23750369e+00 -2.45473820e+00]
     [-2.73707584e+00  4.31412897e-01 -4.03255435e+00  0.00000000e+00 -6.94421730e+00 -8.78728401e-01  1.03970008e+00  1.91529172e+00  8.12343514e-01 -2.11737972e+00  2.19549230e+01  2.39151715e+01 -5.20307953e+00 -7.32176661e+00 -1.30392086e+01 -9.22745215e+00]
     [ 1.08993655e+00  2.65605329e+00  1.66113007e+00  6.94421730e+00  0.00000000e+00 -1.24553273e+01  5.88714417e+00 -6.58915572e-01 -2.01465176e+01  3.99640946e-01  2.86988108e+00 -5.20307953e+00  6.96914710e+01  1.41395739e+01  2.89595257e+01  3.70303636e+00]
     [ 5.27291098e+00  5.37298338e+00  3.52283815e+00  8.78728401e-01  1.24553273e+01  0.00000000e+00  6.00934960e+00  7.36872378e-01 -8.36455482e-02  2.64874282e+00 -2.45898245e+00 -7.32176661e+00  1.41395739e+01  2.02537683e+01  8.48902147e+00  3.68984901e+00]
     [-1.03398574e+01  1.04614388e+01  8.39429028e-01 -1.03970008e+00 -5.88714417e+00 -6.00934960e+00  0.00000000e+00 -4.77361016e+00 -1.56396169e+01  2.42772638e+00 -2.23750369e+00 -1.30392086e+01  2.89595257e+01  8.48902147e+00  8.97356133e+01  2.33960620e+01]
     [-6.18555434e+00 -2.39915770e+00 -4.73270522e-01 -1.91529172e+00  6.58915572e-01 -7.36872378e-01  4.77361016e+00  0.00000000e+00 -6.93040866e+00  1.05890320e+00 -2.45473820e+00 -9.22745215e+00  3.70303636e+00  3.68984901e+00  2.33960620e+01  2.04578265e+01]]
    eigvals of hessian_by_M_M: [  3.80948865   3.80948865   6.97345924   6.97345924  10.77468388  10.77468388  18.74645077  18.74645077  51.1158442   51.1158442   68.36543832  68.36543832  82.60093598  82.60093598 132.94360873 132.94360873]
WLBOR:
    iter_times, elapsed_time, sqdiff: 300, 1.6157300472259521, 1.3821651274579827
    MSN: Tensor(
        [[ 0.02037051-0.3030545j  -0.50429401-0.49182521j -0.3848579 +1.63603127j  0.74597554+0.12461406j]
         [ 0.45501214+0.07849192j  0.96322925-1.06870094j -0.9677925 -1.58385865j -0.50688795+0.1475698j ]
         [-0.06796606+0.22810154j  0.27108093+0.96151387j -0.85341061+0.19589537j  0.02458032+0.82990249j]
         [ 0.05689146-0.16403049j -0.34790804-0.76112431j  0.23673503-0.75587274j -0.42686529-0.48065486j]]
        labels=['kl', 'kr'],
        shape=(4, 4),
    )
    grad_by_reM_reM: Tensor(
        [-2.48250644e-09-1.58120045e-15j  5.28798919e-09-2.67841305e-15j -4.45825128e-09-2.49800181e-16j -7.98983405e-09+7.21644966e-16j -8.12940157e-09-4.44089210e-16j  1.85705049e-10-1.33226763e-15j -2.98480407e-11-7.21644966e-16j  1.45268542e-09-6.10622664e-16j]
        labels=[('kl', 'ALqfLoRc')],
        shape=(8,),
    )
    grad_by_imM_imM: Tensor(
        [-1.72574051e-09-5.96744876e-16j -1.28906271e-08+2.30371278e-15j -2.00814954e-09-5.69422981e-16j -4.26370872e-09-1.74860126e-15j  1.10525699e-08+1.17961196e-16j -9.46170953e-09+2.35922393e-16j  1.70690977e-08+2.77555756e-17j -8.19493701e-09+2.05391260e-15j]
        labels=[('kl', 'ALqfLoRc')],
        shape=(8,),
    )
    hessian_by_M_M: [[ 2.94378300e+01  4.03077479e+00  5.91758884e+00  2.27210529e-01 -7.58484639e+00 -1.83073884e+00 -5.56879424e+00  4.66090157e+00  0.00000000e+00 -3.12911892e+00  2.87954560e+00  1.38566187e-01 -1.94683086e+00  1.16896625e+01 -8.88680712e+00  1.40224889e+01]
     [ 4.03077479e+00  3.55744890e+01 -1.25186303e+00 -1.77840198e+00  4.57247989e+00 -9.91379181e-01 -4.53780391e+00  1.38818995e+01  3.12911892e+00  0.00000000e+00 -4.84527114e+00 -1.30016844e+01 -7.26058023e+00  2.14339221e+00  1.58532268e+00 -6.62016981e+00]
     [ 5.91758884e+00 -1.25186303e+00  3.52828088e+01  1.20913151e+01  1.62873683e+00 -2.64343308e+00 -4.22428280e-01  1.27177062e+01 -2.87954560e+00  4.84527114e+00  0.00000000e+00 -3.76258736e+00  5.10622459e+00  3.93055875e+00 -4.08614235e+00 -6.43666135e-01]
     [ 2.27210529e-01 -1.77840198e+00  1.20913151e+01  5.48178875e+01  9.02756561e-01 -4.97485374e+00 -1.21935014e+01 -5.45041721e+00 -1.38566187e-01  1.30016844e+01  3.76258736e+00  0.00000000e+00  9.18319303e+00  5.78328853e+00 -6.23403097e-02  1.09455395e+01]
     [-7.58484639e+00  4.57247989e+00  1.62873683e+00  9.02756561e-01  4.02180010e+01 -2.16161197e-01  5.13682442e+00 -7.33818633e+00  1.94683086e+00  7.26058023e+00 -5.10622459e+00 -9.18319303e+00  0.00000000e+00  2.59653593e+00  5.72137520e-01 -5.44367719e+00]
     [-1.83073884e+00 -9.91379181e-01 -2.64343308e+00 -4.97485374e+00 -2.16161197e-01  2.15289300e+01 -3.77220448e+00  5.73249066e+00 -1.16896625e+01 -2.14339221e+00 -3.93055875e+00 -5.78328853e+00 -2.59653593e+00  0.00000000e+00  3.32017299e+00 -7.32293961e+00]
     [-5.56879424e+00 -4.53780391e+00 -4.22428280e-01 -1.21935014e+01  5.13682442e+00 -3.77220448e+00  3.27319851e+01 -3.17242490e+00  8.88680712e+00 -1.58532268e+00  4.08614235e+00  6.23403097e-02 -5.72137520e-01 -3.32017299e+00  0.00000000e+00 -6.93705374e-03]
     [ 4.66090157e+00  1.38818995e+01  1.27177062e+01 -5.45041721e+00 -7.33818633e+00  5.73249066e+00 -3.17242490e+00  3.77249131e+01 -1.40224889e+01  6.62016981e+00  6.43666135e-01 -1.09455395e+01  5.44367719e+00  7.32293961e+00  6.93705374e-03  0.00000000e+00]
     [ 0.00000000e+00  3.12911892e+00 -2.87954560e+00 -1.38566187e-01  1.94683086e+00 -1.16896625e+01  8.88680712e+00 -1.40224889e+01  2.94378300e+01  4.03077479e+00  5.91758884e+00  2.27210529e-01 -7.58484639e+00 -1.83073884e+00 -5.56879424e+00  4.66090157e+00]
     [-3.12911892e+00  0.00000000e+00  4.84527114e+00  1.30016844e+01  7.26058023e+00 -2.14339221e+00 -1.58532268e+00  6.62016981e+00  4.03077479e+00  3.55744890e+01 -1.25186303e+00 -1.77840198e+00  4.57247989e+00 -9.91379181e-01 -4.53780391e+00  1.38818995e+01]
     [ 2.87954560e+00 -4.84527114e+00  0.00000000e+00  3.76258736e+00 -5.10622459e+00 -3.93055875e+00  4.08614235e+00  6.43666135e-01  5.91758884e+00 -1.25186303e+00  3.52828088e+01  1.20913151e+01  1.62873683e+00 -2.64343308e+00 -4.22428280e-01  1.27177062e+01]
     [ 1.38566187e-01 -1.30016844e+01 -3.76258736e+00  0.00000000e+00 -9.18319303e+00 -5.78328853e+00  6.23403097e-02 -1.09455395e+01  2.27210529e-01 -1.77840198e+00  1.20913151e+01  5.48178875e+01  9.02756561e-01 -4.97485374e+00 -1.21935014e+01 -5.45041721e+00]
     [-1.94683086e+00 -7.26058023e+00  5.10622459e+00  9.18319303e+00  0.00000000e+00 -2.59653593e+00 -5.72137520e-01  5.44367719e+00 -7.58484639e+00  4.57247989e+00  1.62873683e+00  9.02756561e-01  4.02180010e+01 -2.16161197e-01  5.13682442e+00 -7.33818633e+00]
     [ 1.16896625e+01  2.14339221e+00  3.93055875e+00  5.78328853e+00  2.59653593e+00  0.00000000e+00 -3.32017299e+00  7.32293961e+00 -1.83073884e+00 -9.91379181e-01 -2.64343308e+00 -4.97485374e+00 -2.16161197e-01  2.15289300e+01 -3.77220448e+00  5.73249066e+00]
     [-8.88680712e+00  1.58532268e+00 -4.08614235e+00 -6.23403097e-02  5.72137520e-01  3.32017299e+00  0.00000000e+00  6.93705374e-03 -5.56879424e+00 -4.53780391e+00 -4.22428280e-01 -1.21935014e+01  5.13682442e+00 -3.77220448e+00  3.27319851e+01 -3.17242490e+00]
     [ 1.40224889e+01 -6.62016981e+00 -6.43666135e-01  1.09455395e+01 -5.44367719e+00 -7.32293961e+00 -6.93705374e-03  0.00000000e+00  4.66090157e+00  1.38818995e+01  1.27177062e+01 -5.45041721e+00 -7.33818633e+00  5.73249066e+00 -3.17242490e+00  3.77249131e+01]]
    eigvals of hessian_by_M_M: [ 2.7042265   2.7042265  12.48025417 12.48025417 18.19211295 18.19211295 28.38624532 28.38624532 35.01844775 35.01844775 44.87192301 44.87192301 62.31735777 62.31735777 83.346277   83.346277  ]
WNAG:
    iter_times, elapsed_time, sqdiff: 300, 0.7063009738922119, 2.0317585103844498
    MSN: Tensor(
        [[-0.03158522-0.51623645j  0.0136958 -0.60433894j -0.43210618+0.05698907j -0.2935907 -0.37342954j]
         [ 0.32124159-0.34548255j  0.51091535-0.83325671j -0.88182404-0.32101913j  0.2045448 -0.27603122j]
         [ 0.47782153+0.83263309j  0.92177228+0.08288078j -0.51193902-0.88426852j  1.02402114+0.77458143j]
         [ 0.21542909+0.03191181j -0.11541463+0.90479504j  1.08263789+0.15937296j -0.03783657-0.43171137j]]
        labels=['kl', 'kr'],
        shape=(4, 4),
    )
    grad_by_reM_reM: Tensor(
        [-0.40578517+1.33226763e-15j  0.19593492-1.11022302e-15j -0.16577128-2.77555756e-16j -0.25973234-6.66133815e-16j  0.10442374+5.55111512e-17j -0.01874477-3.05311332e-16j  0.34315743-4.16333634e-16j -0.0781949 -1.11022302e-16j]
        labels=[('kl', 'ALqfLoRc')],
        shape=(8,),
    )
    grad_by_imM_imM: Tensor(
        [ 0.12309346+6.38378239e-16j  0.02769473-6.10622664e-16j -0.47992726-2.22044605e-15j  0.18157196+8.32667268e-16j -0.51484685+4.99600361e-16j  0.24015933-5.96744876e-16j -0.01598868+3.33066907e-16j -0.11968688+1.66533454e-16j]
        labels=[('kl', 'ALqfLoRc')],
        shape=(8,),
    )
    hessian_by_M_M: [[ 6.85264618e+01 -2.96578859e+01  5.21832824e+00 -9.94375034e-01 -2.52764536e+01  8.84127980e+00 -1.55599957e+01 -3.98612117e+00  0.00000000e+00 -2.39699080e+01 -5.83329488e+00  1.33297700e-01 -2.15318792e+00  8.27300220e+00 -2.31221487e+01  9.64103390e+00]
     [-2.96578859e+01  2.84870661e+01  4.68257220e+00 -2.01425031e+00  9.74319802e+00 -4.76694895e+00  2.16539059e+01 -1.48618581e+00  2.39699080e+01  0.00000000e+00  6.91513554e+00 -3.05722529e+00 -8.34290911e+00  2.82092267e+00  1.28845879e+01 -1.25487690e+01]
     [ 5.21832824e+00  4.68257220e+00  6.91370102e+01 -3.08270355e+01  4.62813612e+00 -3.95187265e+00  5.83523253e+00  1.13528717e+00  5.83329488e+00 -6.91513554e+00  0.00000000e+00 -2.57930289e+01 -1.09857035e+01  7.10551755e+00  8.30762964e-02  1.69382302e+00]
     [-9.94375034e-01 -2.01425031e+00 -3.08270355e+01  3.39647989e+01  5.81931141e+00 -4.70363794e+00 -4.82203409e+00 -3.32025127e+00 -1.33297700e-01  3.05722529e+00  2.57930289e+01  0.00000000e+00  9.78995521e+00 -7.06635179e+00  4.65866153e+00 -1.76765760e+00]
     [-2.52764536e+01  9.74319802e+00  4.62813612e+00  5.81931141e+00  8.83085077e+01 -4.99267302e+01  2.95920314e+01 -1.46486707e+01  2.15318792e+00  8.34290911e+00  1.09857035e+01 -9.78995521e+00  0.00000000e+00 -2.37191833e+01 -1.69586177e+00 -8.13604512e+00]
     [ 8.84127980e+00 -4.76694895e+00 -3.95187265e+00 -4.70363794e+00 -4.99267302e+01  4.21700546e+01 -1.22929632e+01  8.83121115e+00 -8.27300220e+00 -2.82092267e+00 -7.10551755e+00  7.06635179e+00  2.37191833e+01  0.00000000e+00  4.94716761e+00  8.72232141e-01]
     [-1.55599957e+01  2.16539059e+01  5.83523253e+00 -4.82203409e+00  2.95920314e+01 -1.22929632e+01  9.06705190e+01 -4.15840203e+01  2.31221487e+01 -1.28845879e+01 -8.30762964e-02 -4.65866153e+00  1.69586177e+00 -4.94716761e+00  0.00000000e+00 -2.52328554e+01]
     [-3.98612117e+00 -1.48618581e+00  1.13528717e+00 -3.32025127e+00 -1.46486707e+01  8.83121115e+00 -4.15840203e+01  3.49289716e+01 -9.64103390e+00  1.25487690e+01 -1.69382302e+00  1.76765760e+00  8.13604512e+00 -8.72232141e-01  2.52328554e+01  0.00000000e+00]
     [ 0.00000000e+00  2.39699080e+01  5.83329488e+00 -1.33297700e-01  2.15318792e+00 -8.27300220e+00  2.31221487e+01 -9.64103390e+00  6.85264618e+01 -2.96578859e+01  5.21832824e+00 -9.94375034e-01 -2.52764536e+01  8.84127980e+00 -1.55599957e+01 -3.98612117e+00]
     [-2.39699080e+01  0.00000000e+00 -6.91513554e+00  3.05722529e+00  8.34290911e+00 -2.82092267e+00 -1.28845879e+01  1.25487690e+01 -2.96578859e+01  2.84870661e+01  4.68257220e+00 -2.01425031e+00  9.74319802e+00 -4.76694895e+00  2.16539059e+01 -1.48618581e+00]
     [-5.83329488e+00  6.91513554e+00  0.00000000e+00  2.57930289e+01  1.09857035e+01 -7.10551755e+00 -8.30762964e-02 -1.69382302e+00  5.21832824e+00  4.68257220e+00  6.91370102e+01 -3.08270355e+01  4.62813612e+00 -3.95187265e+00  5.83523253e+00  1.13528717e+00]
     [ 1.33297700e-01 -3.05722529e+00 -2.57930289e+01  0.00000000e+00 -9.78995521e+00  7.06635179e+00 -4.65866153e+00  1.76765760e+00 -9.94375034e-01 -2.01425031e+00 -3.08270355e+01  3.39647989e+01  5.81931141e+00 -4.70363794e+00 -4.82203409e+00 -3.32025127e+00]
     [-2.15318792e+00 -8.34290911e+00 -1.09857035e+01  9.78995521e+00  0.00000000e+00  2.37191833e+01  1.69586177e+00  8.13604512e+00 -2.52764536e+01  9.74319802e+00  4.62813612e+00  5.81931141e+00  8.83085077e+01 -4.99267302e+01  2.95920314e+01 -1.46486707e+01]
     [ 8.27300220e+00  2.82092267e+00  7.10551755e+00 -7.06635179e+00 -2.37191833e+01  0.00000000e+00 -4.94716761e+00 -8.72232141e-01  8.84127980e+00 -4.76694895e+00 -3.95187265e+00 -4.70363794e+00 -4.99267302e+01  4.21700546e+01 -1.22929632e+01  8.83121115e+00]
     [-2.31221487e+01  1.28845879e+01  8.30762964e-02  4.65866153e+00 -1.69586177e+00  4.94716761e+00  0.00000000e+00  2.52328554e+01 -1.55599957e+01  2.16539059e+01  5.83523253e+00 -4.82203409e+00  2.95920314e+01 -1.22929632e+01  9.06705190e+01 -4.15840203e+01]
     [ 9.64103390e+00 -1.25487690e+01  1.69382302e+00 -1.76765760e+00 -8.13604512e+00  8.72232141e-01 -2.52328554e+01  0.00000000e+00 -3.98612117e+00 -1.48618581e+00  1.13528717e+00 -3.32025127e+00 -1.46486707e+01  8.83121115e+00 -4.15840203e+01  3.49289716e+01]]
    eigvals of hessian_by_M_M: [  2.31288001   2.31288001   2.94682459   2.94682459   5.56281286   5.56281286   9.02283292   9.02283292  54.43417251  54.43417251  88.56384658  88.56384658 108.30578491 108.30578491 185.04423555 185.04423555]
SNAG:
    iter_times, elapsed_time, sqdiff: 300, 0.6712813377380371, 2.0242732963973267
    MSN: Tensor(
        [[-0.03617721-0.51565317j  0.00812545-0.60393886j -0.43112012+0.06099542j -0.29677499-0.37069205j]
         [ 0.31796312-0.34819289j  0.50292354-0.83713249j -0.88387839-0.3126755j   0.20190444-0.27788001j]
         [ 0.48498808+0.82778573j  0.92193271+0.0745969j  -0.51948224-0.87911989j  1.03027615+0.76485933j]
         [ 0.21558363+0.03005335j -0.10718028+0.90483948j  1.08281492+0.14955301j -0.04145255-0.43088042j]]
        labels=['kl', 'kr'],
        shape=(4, 4),
    )
    grad_by_reM_reM: Tensor(
        [ 3.66373598e-15-9.43689571e-16j  3.91353616e-15+6.24500451e-17j -1.11022302e-16+1.11022302e-16j -3.49720253e-15-2.77555756e-17j -5.34294831e-15-4.71844785e-16j  1.34094125e-15-2.22044605e-16j -1.94289029e-16+3.33066907e-16j  2.46330734e-15+0.00000000e+00j]
        labels=[('kl', 'ALqfLoRc')],
        shape=(8,),
    )
    grad_by_imM_imM: Tensor(
        [-2.38697950e-15+3.33066907e-16j -5.03069808e-15-2.49800181e-16j -6.10622664e-15-4.44089210e-16j -2.74780199e-15-1.11022302e-16j -4.71844785e-16+1.38777878e-16j -9.43689571e-16-1.82145965e-16j -2.44249065e-15+2.77555756e-17j -2.66453526e-15-9.02056208e-17j]
        labels=[('kl', 'ALqfLoRc')],
        shape=(8,),
    )
    hessian_by_M_M: [[13.85799899  4.5332298   0.57821879  0.45020492 -3.79933548 -1.35775597 -4.94925573 -1.60531467  0.         -0.34087364 -0.11272991 -0.92022501  0.52230706  2.01973748 -1.32717331 -0.79726835]
     [ 4.5332298   4.54494961  0.96922978  0.0779178   0.28692617  0.23355573  0.76248979  0.78587809  0.34087364  0.          1.6879915   0.08797674 -0.65589777  1.16350698  1.01698498 -0.99801322]
     [ 0.57821879  0.96922978 14.66976489  5.53870286 -0.10974356 -0.58473875 -0.81558179 -0.19301285  0.11272991 -1.6879915   0.          0.41153053  0.04652788 -0.21107512 -1.03634015 -1.14880599]
     [ 0.45020492  0.0779178   5.53870286  6.34680295 -0.26692764 -1.39521027 -2.64755458 -2.07790938  0.92022501 -0.08797674 -0.41153053  0.          2.6517202   0.39582156  1.53406558  0.07765561]
     [-3.79933548  0.28692617 -0.10974356 -0.26692764 18.13965231  3.12201558  6.89354794  1.21358571 -0.52230706  0.65589777 -0.04652788 -2.6517202   0.          2.40566034 -0.7359962  -0.58263607]
     [-1.35775597  0.23355573 -0.58473875 -1.39521027  3.12201558  3.98904829  2.01493513  0.84202254 -2.01973748 -1.16350698  0.21107512 -0.39582156 -2.40566034  0.         -1.01992384 -0.46597242]
     [-4.94925573  0.76248979 -0.81558179 -2.64755458  6.89354794  2.01493513 20.61904162  5.94372289  1.32717331 -1.01698498  1.03634015 -1.53406558  0.7359962   1.01992384  0.          0.90775773]
     [-1.60531467  0.78587809 -0.19301285 -2.07790938  1.21358571  0.84202254  5.94372289  5.05500147  0.79726835  0.99801322  1.14880599 -0.07765561  0.58263607  0.46597242 -0.90775773  0.        ]
     [ 0.          0.34087364  0.11272991  0.92022501 -0.52230706 -2.01973748  1.32717331  0.79726835 13.85799899  4.5332298   0.57821879  0.45020492 -3.79933548 -1.35775597 -4.94925573 -1.60531467]
     [-0.34087364  0.         -1.6879915  -0.08797674  0.65589777 -1.16350698 -1.01698498  0.99801322  4.5332298   4.54494961  0.96922978  0.0779178   0.28692617  0.23355573  0.76248979  0.78587809]
     [-0.11272991  1.6879915   0.         -0.41153053 -0.04652788  0.21107512  1.03634015  1.14880599  0.57821879  0.96922978 14.66976489  5.53870286 -0.10974356 -0.58473875 -0.81558179 -0.19301285]
     [-0.92022501  0.08797674  0.41153053  0.         -2.6517202  -0.39582156 -1.53406558 -0.07765561  0.45020492  0.0779178   5.53870286  6.34680295 -0.26692764 -1.39521027 -2.64755458 -2.07790938]
     [ 0.52230706 -0.65589777  0.04652788  2.6517202   0.         -2.40566034  0.7359962   0.58263607 -3.79933548  0.28692617 -0.10974356 -0.26692764 18.13965231  3.12201558  6.89354794  1.21358571]
     [ 2.01973748  1.16350698 -0.21107512  0.39582156  2.40566034  0.          1.01992384  0.46597242 -1.35775597  0.23355573 -0.58473875 -1.39521027  3.12201558  3.98904829  2.01493513  0.84202254]
     [-1.32717331  1.01698498 -1.03634015  1.53406558 -0.7359962  -1.01992384  0.         -0.90775773 -4.94925573  0.76248979 -0.81558179 -2.64755458  6.89354794  2.01493513 20.61904162  5.94372289]
     [-0.79726835 -0.99801322 -1.14880599  0.07765561 -0.58263607 -0.46597242  0.90775773  0.         -1.60531467  0.78587809 -0.19301285 -2.07790938  1.21358571  0.84202254  5.94372289  5.05500147]]
    eigvals of hessian_by_M_M: [ 0.84796681  0.84796681  1.72960003  1.72960003  2.38412092  2.38412092  4.3759379   4.3759379  12.97701535 12.97701535 15.06437809 15.06437809 18.22596163 18.22596163 31.61727939 31.61727939]
SSpiral(8):
    iter_times, elapsed_time, sqdiff: 300, 1.1464970111846924, 1.382165127457984
    MSN: Tensor(
        [[ 0.02037051-0.3030545j  -0.50429401-0.49182521j -0.3848579 +1.63603127j  0.74597554+0.12461406j]
         [ 0.45501214+0.07849192j  0.96322925-1.06870094j -0.9677925 -1.58385865j -0.50688795+0.1475698j ]
         [-0.06796606+0.22810154j  0.27108092+0.96151387j -0.85341061+0.19589537j  0.02458032+0.82990249j]
         [ 0.05689146-0.16403049j -0.34790804-0.76112431j  0.23673503-0.75587275j -0.42686529-0.48065486j]]
        labels=['kl', 'kr'],
        shape=(4, 4),
    )
    grad_by_reM_reM: Tensor(
        [ 1.13381526e-14-1.85615412e-16j -6.10622664e-16+4.23272528e-16j  3.87537225e-15-9.71445147e-16j  9.78384040e-15+2.01227923e-16j -3.82333054e-15-6.10622664e-16j  3.57699981e-15+2.49800181e-16j  1.77635684e-15+6.10622664e-16j  1.11022302e-16-2.77555756e-16j]
        labels=[('kl', 'ALqfLoRc')],
        shape=(8,),
    )
    grad_by_imM_imM: Tensor(
        [ 3.92567923e-15-8.25728375e-16j  9.65200142e-15-7.49400542e-16j  3.71924713e-15+8.98586761e-16j -1.39471767e-15+3.46944695e-16j -9.71445147e-15+7.07767178e-16j -4.30211422e-15-3.08780779e-16j -1.75970349e-14+8.88178420e-16j  1.52100554e-14+2.49800181e-16j]
        labels=[('kl', 'ALqfLoRc')],
        shape=(8,),
    )
