b=4, chi=2, seed=625, 
NOR:
    iter_times, elapsed_time, sqdiff: 300, 0.42699122428894043, 0.3279635520953019
    MSN: Tensor(
        [[-0.27959388-0.44990466j -0.8749141 -0.75909468j -0.75584383-0.48730314j -0.64670997-0.79807216j]
         [ 0.06227606-0.07172363j  0.27170742+0.63914608j  0.20645077+0.36558713j -0.20937072+0.19083787j]
         [-0.43931839-0.90352681j  0.29139734-0.32517964j -0.11725548-0.34186999j -1.07329759-0.42994429j]
         [ 0.34045805-0.21234051j  0.11251417+0.4486565j   0.13026212+0.16231919j -0.03818302-0.34861227j]]
        labels=['kl', 'kr'],
        shape=(4, 4),
    )
    grad_by_real_M: Tensor(
        [-5.24580379e-15+1.73472348e-16j -1.35308431e-15+4.85722573e-16j -3.41393580e-15-7.56339436e-16j  2.16840434e-15+1.80411242e-16j -7.63278329e-15+1.66533454e-16j  2.94209102e-15+4.71844785e-16j
          0.00000000e+00+2.25514052e-17j -1.94289029e-16+1.11022302e-16j]
        labels=[('kl', 'ZZMPEdmX')],
        shape=(8,),
    )
    grad_by_imag_M: Tensor(
        [-8.23646706e-15+0.00000000e+00j  4.14945855e-15+3.81639165e-16j  6.73072709e-16+1.38777878e-17j -9.02056208e-16+2.32452946e-16j -5.19029264e-15+3.78169718e-16j  5.02375919e-15+7.49400542e-16j
         -4.92487995e-15-2.77555756e-16j  2.27595720e-15+2.49800181e-16j]
        labels=[('kl', 'ZZMPEdmX')],
        shape=(8,),
    )
    hessian_by_M: Tensor(
        [[52.58723255-5.55111512e-16j -1.85387875-1.33226763e-15j 11.6685755 +1.11022302e-16j -1.41128276+4.44089210e-16j -3.7291915 -4.44089210e-16j -1.3565364 +2.22044605e-16j  6.78795966-8.88178420e-16j
          -7.63053638-6.66133815e-16j]
         [-1.85387875-1.33226763e-15j 48.20437689-1.77635684e-15j  5.7990706 -4.44089210e-16j  9.01863861+4.44089210e-16j  7.04855031+8.88178420e-16j -3.34905512+0.00000000e+00j 23.68352883+8.88178420e-16j
           5.310113  +6.66133815e-16j]
         [11.6685755 +1.11022302e-16j  5.7990706 -4.44089210e-16j 39.17776783+6.66133815e-16j  1.36614818+8.88178420e-16j -8.21524591-8.88178420e-16j -1.75820306+1.11022302e-16j 12.61018301+0.00000000e+00j
          -9.75278231-1.33226763e-15j]
         [-1.41128276+4.44089210e-16j  9.01863861+4.44089210e-16j  1.36614818+8.88178420e-16j 39.92661665-1.77635684e-15j  5.86966371+8.88178420e-16j  0.43398481+4.44089210e-16j -3.57020504+8.88178420e-16j
          -6.59258783-2.22044605e-16j]
         [-3.7291915 -4.44089210e-16j  7.04855031+8.88178420e-16j -8.21524591-8.88178420e-16j  5.86966371+8.88178420e-16j 58.94778843+4.44089210e-16j  0.46081645-4.44089210e-16j  5.11611075-1.33226763e-15j
           2.35539532+0.00000000e+00j]
         [-1.3565364 +2.22044605e-16j -3.34905512+0.00000000e+00j -1.75820306+1.11022302e-16j  0.43398481+4.44089210e-16j  0.46081645-4.44089210e-16j 22.54988995+1.77635684e-15j -3.87042257+2.22044605e-16j
          -4.2505443 +2.22044605e-16j]
         [ 6.78795966-8.88178420e-16j 23.68352883+8.88178420e-16j 12.61018301+0.00000000e+00j -3.57020504+8.88178420e-16j  5.11611075-1.33226763e-15j -3.87042257+2.22044605e-16j 53.66407279-4.99600361e-16j
          -7.65587063-4.44089210e-16j]
         [-7.63053638-6.66133815e-16j  5.310113  +6.66133815e-16j -9.75278231-1.33226763e-15j -6.59258783-2.22044605e-16j  2.35539532+0.00000000e+00j -4.2505443 +2.22044605e-16j -7.65587063-4.44089210e-16j
          36.53637545+1.77635684e-15j]]
        labels=[('kl', 'ZZMPEdmX'), ('kl*', 'ZZMPEdmX*')],
        shape=(8, 8),
    )
    eigvals of hessian_by_M: DiagonalTensor(
        [15.43272324 21.44380008 26.29598543 36.87500369 44.69500715 51.33115154 71.58118374 83.93926568]
        labels=['lizxWzie', 'lizxWzie'],
        shape=(8, 8),
    )
WCOR:
    iter_times, elapsed_time, sqdiff: 300, 0.5342240333557129, 0.32796355209530204
    MSN: Tensor(
        [[-0.27959388-0.44990466j -0.8749141 -0.75909468j -0.75584383-0.48730314j -0.64670997-0.79807216j]
         [ 0.06227606-0.07172363j  0.27170742+0.63914608j  0.20645077+0.36558713j -0.20937072+0.19083787j]
         [-0.43931839-0.90352681j  0.29139734-0.32517964j -0.11725548-0.34186999j -1.07329759-0.42994429j]
         [ 0.34045805-0.21234051j  0.11251417+0.4486565j   0.13026212+0.16231919j -0.03818302-0.34861227j]]
        labels=['kl', 'kr'],
        shape=(4, 4),
    )
    grad_by_real_M: Tensor(
        [ 9.73179870e-15+3.95516953e-16j  5.60662627e-15-2.35922393e-16j  3.95170008e-15-2.01227923e-16j  1.12410081e-14-1.94289029e-16j -1.81434728e-14-1.80411242e-16j  7.35522754e-16+2.22044605e-16j
         -6.63358257e-15+1.04430353e-15j  6.82787160e-15-9.57567359e-16j]
        labels=[('kl', 'ZZMPEdmX')],
        shape=(8,),
    )
    grad_by_imag_M: Tensor(
        [ 3.98986399e-15-3.08780779e-16j -1.10050857e-14+1.52655666e-16j  5.11396481e-15-7.59808882e-16j -2.35644837e-14+3.57353036e-16j -1.78607129e-14-2.09901541e-16j  8.32667268e-16-6.93889390e-17j
          6.48786580e-16-5.82867088e-16j -1.17544863e-14+4.44089210e-16j]
        labels=[('kl', 'ZZMPEdmX')],
        shape=(8,),
    )
    hessian_by_M: Tensor(
        [[ 54.93323512+2.88657986e-15j  -7.92802183-4.44089210e-16j  11.73531994+0.00000000e+00j  -2.80135024+0.00000000e+00j  -4.81166724+8.88178420e-16j  -0.24140081-4.44089210e-16j
            6.0061318 +9.99200722e-16j  -8.57803374+0.00000000e+00j]
         [ -7.92802183-4.44089210e-16j  52.82058614+0.00000000e+00j   5.26658792+0.00000000e+00j   9.7919567 -4.44089210e-16j   6.75819741+8.88178420e-16j  -3.68233066+8.88178420e-16j
           24.92700232+0.00000000e+00j   5.45936058+0.00000000e+00j]
         [ 11.73531994+0.00000000e+00j   5.26658792+0.00000000e+00j  40.04589861+2.77555756e-16j  -3.57824022+0.00000000e+00j  -9.18045409+0.00000000e+00j  -1.60920705+5.55111512e-17j
           13.5830293 -1.77635684e-15j -10.24879167-8.88178420e-16j]
         [ -2.80135024+0.00000000e+00j   9.7919567 -4.44089210e-16j  -3.57824022+0.00000000e+00j  43.72351977+0.00000000e+00j   5.88626302-4.44089210e-16j   0.45803107+4.44089210e-16j
           -3.74461347-8.88178420e-16j  -6.85358582+4.44089210e-16j]
         [ -4.81166724+8.88178420e-16j   6.75819741+8.88178420e-16j  -9.18045409+0.00000000e+00j   5.88626302-4.44089210e-16j  60.90351401-4.44089210e-16j  -2.87475145-1.55431223e-15j
            4.94510205+0.00000000e+00j   2.56431525-8.88178420e-16j]
         [ -0.24140081-4.44089210e-16j  -3.68233066+8.88178420e-16j  -1.60920705+5.55111512e-17j   0.45803107+4.44089210e-16j  -2.87475145-1.55431223e-15j  24.70226036+1.77635684e-15j
           -3.93525845-4.44089210e-16j  -4.53148178-4.44089210e-16j]
         [  6.0061318 +9.99200722e-16j  24.92700232+0.00000000e+00j  13.5830293 -1.77635684e-15j  -3.74461347-8.88178420e-16j   4.94510205+0.00000000e+00j  -3.93525845-4.44089210e-16j
           58.14081179+0.00000000e+00j -12.3986162 +0.00000000e+00j]
         [ -8.57803374+0.00000000e+00j   5.45936058+0.00000000e+00j -10.24879167-8.88178420e-16j  -6.85358582+4.44089210e-16j   2.56431525-8.88178420e-16j  -4.53148178-4.44089210e-16j
          -12.3986162 +0.00000000e+00j  40.05145107+1.77635684e-15j]]
        labels=[('kl', 'ZZMPEdmX'), ('kl*', 'ZZMPEdmX*')],
        shape=(8, 8),
    )
    eigvals of hessian_by_M: DiagonalTensor(
        [15.34407388 23.32974241 28.01037445 38.43605827 47.75747843 55.10319194 78.89303569 88.44732181]
        labels=['lizxWzie', 'lizxWzie'],
        shape=(8, 8),
    )
WROR:
    iter_times, elapsed_time, sqdiff: 300, 0.5782060623168945, 0.3279635520953015
    MSN: Tensor(
        [[-0.27959388-0.44990466j -0.8749141 -0.75909468j -0.75584383-0.48730314j -0.64670997-0.79807216j]
         [ 0.06227606-0.07172363j  0.27170742+0.63914608j  0.20645077+0.36558713j -0.20937072+0.19083787j]
         [-0.43931839-0.90352681j  0.29139734-0.32517964j -0.11725548-0.34186999j -1.07329759-0.42994429j]
         [ 0.34045805-0.21234051j  0.11251417+0.4486565j   0.13026212+0.16231919j -0.03818302-0.34861227j]]
        labels=['kl', 'kr'],
        shape=(4, 4),
    )
    grad_by_real_M: Tensor(
        [-7.20951077e-15+4.02455846e-16j -1.09218190e-14+5.27355937e-16j -1.27467481e-14-5.55111512e-17j -5.66525993e-14-1.94289029e-16j -3.88716836e-14-7.21644966e-16j  2.77555756e-15-7.49400542e-16j
          2.53408405e-14+0.00000000e+00j  1.73194792e-14+2.77555756e-17j]
        labels=[('kl', 'ZZMPEdmX')],
        shape=(8,),
    )
    grad_by_imag_M: Tensor(
        [-1.71113124e-14+1.59594560e-16j -2.47302179e-14+1.38777878e-17j  1.27120536e-14-3.60822483e-16j  1.44606549e-14+1.42247325e-16j -3.69704267e-14+2.08166817e-16j -1.76247905e-14-9.43689571e-16j
         -1.17683641e-14+5.82867088e-16j -1.31283873e-14-3.33066907e-16j]
        labels=[('kl', 'ZZMPEdmX')],
        shape=(8,),
    )
    hessian_by_M: Tensor(
        [[ 67.09789853+3.55271368e-15j -22.22708966+0.00000000e+00j  12.82872783-4.44089210e-16j  -4.88081341+4.44089210e-16j  -8.6403308 -4.44089210e-16j   2.77263841+0.00000000e+00j
            4.3145998 -4.44089210e-16j -10.39434447-4.44089210e-16j]
         [-22.22708966+0.00000000e+00j  76.29873406+0.00000000e+00j   3.74558325+8.88178420e-16j  14.45747109+2.22044605e-16j   5.62230682+1.77635684e-15j  -2.9977126 +0.00000000e+00j
           29.77957401-8.88178420e-16j   7.12902362+8.88178420e-16j]
         [ 12.82872783-4.44089210e-16j   3.74558325+8.88178420e-16j  46.80784108+0.00000000e+00j -15.69572203+4.44089210e-16j -11.94364781+8.88178420e-16j  -3.23861389-4.44089210e-16j
           14.98468857-1.77635684e-15j  -8.26728277-8.88178420e-16j]
         [ -4.88081341+4.44089210e-16j  14.45747109+2.22044605e-16j -15.69572203+4.44089210e-16j  65.18661802-3.55271368e-15j   5.94363658+0.00000000e+00j   1.97945631+0.00000000e+00j
           -5.0417242 +0.00000000e+00j  -6.97518052-8.88178420e-16j]
         [ -8.6403308 -4.44089210e-16j   5.62230682+1.77635684e-15j -11.94364781+8.88178420e-16j   5.94363658+0.00000000e+00j  68.11294078+0.00000000e+00j  -6.81689074+8.88178420e-16j
            3.48276269+8.88178420e-16j   3.81598123-8.88178420e-16j]
         [  2.77263841+0.00000000e+00j  -2.9977126 +0.00000000e+00j  -3.23861389-4.44089210e-16j   1.97945631+0.00000000e+00j  -6.81689074+8.88178420e-16j  37.82708691+0.00000000e+00j
           -3.46141902+8.88178420e-16j  -4.07168702+4.44089210e-16j]
         [  4.3145998 -4.44089210e-16j  29.77957401-8.88178420e-16j  14.98468857-1.77635684e-15j  -5.0417242 +0.00000000e+00j   3.48276269+8.88178420e-16j  -3.46141902+8.88178420e-16j
           75.63022581+0.00000000e+00j -21.89109276+0.00000000e+00j]
         [-10.39434447-4.44089210e-16j   7.12902362+8.88178420e-16j  -8.26728277-8.88178420e-16j  -6.97518052-8.88178420e-16j   3.81598123-8.88178420e-16j  -4.07168702+4.44089210e-16j
          -21.89109276+0.00000000e+00j  52.61500404+0.00000000e+00j]]
        labels=[('kl', 'ZZMPEdmX'), ('kl*', 'ZZMPEdmX*')],
        shape=(8, 8),
    )
    eigvals of hessian_by_M: DiagonalTensor(
        [ 20.03577378  30.83633764  36.57882365  46.33811747  65.5005033   70.82130127 104.48347226 114.98201986]
        labels=['Bjrwhkev', 'Bjrwhkev'],
        shape=(8, 8),
    )
IWROR:
    iter_times, elapsed_time, sqdiff: 300, 0.5307209491729736, 0.32796355209530237
    MSN: Tensor(
        [[-0.27959388-0.44990466j -0.8749141 -0.75909468j -0.75584383-0.48730314j -0.64670997-0.79807216j]
         [ 0.06227606-0.07172363j  0.27170742+0.63914608j  0.20645077+0.36558713j -0.20937072+0.19083787j]
         [-0.43931839-0.90352681j  0.29139734-0.32517964j -0.11725548-0.34186999j -1.07329759-0.42994429j]
         [ 0.34045805-0.21234051j  0.11251417+0.4486565j   0.13026212+0.16231919j -0.03818302-0.34861227j]]
        labels=['kl', 'kr'],
        shape=(4, 4),
    )
    grad_by_real_M: Tensor(
        [-3.58740815e-15-1.66533454e-16j -2.03448369e-14-2.22044605e-16j -2.19546603e-14-5.82867088e-16j  5.54417623e-15-2.77555756e-17j  1.36002321e-15+1.38777878e-16j  1.17128529e-14-8.60422844e-16j
          3.08086889e-14+6.38378239e-16j -4.82669460e-14-3.33066907e-16j]
        labels=[('kl', 'ZZMPEdmX')],
        shape=(8,),
    )
    grad_by_imag_M: Tensor(
        [ 4.66848782e-14-1.45716772e-16j  6.93889390e-15-3.33066907e-16j  1.55431223e-14-4.57966998e-16j -3.21132010e-14+7.28583860e-16j  2.53408405e-14-1.66533454e-16j -8.96505092e-15-5.55111512e-16j
          3.23352456e-14-1.16573418e-15j -1.72084569e-14+1.38777878e-16j]
        labels=[('kl', 'ZZMPEdmX')],
        shape=(8,),
    )
    hessian_by_M: Tensor(
        [[ 90.89876448+1.77635684e-15j -44.42791708-6.66133815e-16j  16.15437889-1.77635684e-15j  -9.4467966 +4.44089210e-16j -12.30586571+2.66453526e-15j   5.99112413+0.00000000e+00j
            2.53105943-8.88178420e-16j -13.38556432+1.77635684e-15j]
         [-44.42791708-6.66133815e-16j 101.89088382+0.00000000e+00j   1.92830473+8.88178420e-16j  19.00053411-1.33226763e-15j   5.49708226+0.00000000e+00j  -4.12345112+0.00000000e+00j
           36.3391479 -8.88178420e-16j   8.36073067+0.00000000e+00j]
         [ 16.15437889-1.77635684e-15j   1.92830473+8.88178420e-16j  63.51696379+1.77635684e-15j -33.70625705+8.88178420e-16j -15.06537128+0.00000000e+00j  -3.38158914+4.44089210e-16j
           19.51825399-1.77635684e-15j -10.84316196-1.77635684e-15j]
         [ -9.4467966 +4.44089210e-16j  19.00053411-1.33226763e-15j -33.70625705+8.88178420e-16j  86.88844843+3.55271368e-15j   6.69943989-8.88178420e-16j   2.52801085+0.00000000e+00j
           -7.2241093 +0.00000000e+00j  -8.16131382-4.44089210e-16j]
         [-12.30586571+2.66453526e-15j   5.49708226+0.00000000e+00j -15.06537128+0.00000000e+00j   6.69943989-8.88178420e-16j  85.58519259+0.00000000e+00j -18.77145656+8.88178420e-16j
            3.59424403-8.88178420e-16j   4.37782966+0.00000000e+00j]
         [  5.99112413+0.00000000e+00j  -4.12345112+0.00000000e+00j  -3.38158914+4.44089210e-16j   2.52801085+0.00000000e+00j -18.77145656+8.88178420e-16j  50.46999432-1.77635684e-15j
           -4.24907196+1.77635684e-15j  -5.09022568-8.88178420e-16j]
         [  2.53105943-8.88178420e-16j  36.3391479 -8.88178420e-16j  19.51825399-1.77635684e-15j  -7.2241093 +0.00000000e+00j   3.59424403-8.88178420e-16j  -4.24907196+1.77635684e-15j
          101.25562804+3.55271368e-15j -39.18725415-8.88178420e-16j]
         [-13.38556432+1.77635684e-15j   8.36073067+0.00000000e+00j -10.84316196-1.77635684e-15j  -8.16131382-4.44089210e-16j   4.37782966+0.00000000e+00j  -5.09022568-8.88178420e-16j
          -39.18725415-8.88178420e-16j  70.51475766+3.55271368e-15j]]
        labels=[('kl', 'ZZMPEdmX'), ('kl*', 'ZZMPEdmX*')],
        shape=(8, 8),
    )
    eigvals of hessian_by_M: DiagonalTensor(
        [ 20.61313936  35.51097047  42.81367665  52.93484612  90.34011798  99.66258724 146.26439772 162.88089759]
        labels=['mVXGgMSQ', 'mVXGgMSQ'],
        shape=(8, 8),
    )
WLBOR:
    iter_times, elapsed_time, sqdiff: 300, 1.4508719444274902, 0.32796355209530165
    MSN: Tensor(
        [[-0.27959388-0.44990466j -0.8749141 -0.75909468j -0.75584383-0.48730314j -0.64670997-0.79807215j]
         [ 0.06227606-0.07172363j  0.27170742+0.63914608j  0.20645077+0.36558713j -0.20937072+0.19083787j]
         [-0.43931839-0.90352681j  0.29139734-0.32517964j -0.11725548-0.34186999j -1.07329759-0.42994429j]
         [ 0.34045805-0.21234051j  0.11251417+0.4486565j   0.13026212+0.16231919j -0.03818302-0.34861227j]]
        labels=['kl', 'kr'],
        shape=(4, 4),
    )
    grad_by_real_M: Tensor(
        [-2.93354024e-09+9.71445147e-17j -1.47448852e-09-1.94289029e-16j -2.77967643e-09+6.38378239e-16j -3.16713635e-09+6.93889390e-17j  3.03404160e-09+8.74300632e-16j  3.64547781e-10+4.16333634e-16j
         -2.54763308e-09+6.08887940e-16j  2.32146044e-09-4.02455846e-16j]
        labels=[('kl', 'ZZMPEdmX')],
        shape=(8,),
    )
    grad_by_imag_M: Tensor(
        [ 3.84514406e-10-2.35922393e-16j  1.18571086e-09+2.35922393e-16j -1.89815920e-09+3.60822483e-16j  4.13783188e-10-4.09394740e-16j -2.58701491e-10+2.48065457e-16j  1.25775976e-09+8.18789481e-16j
         -1.74353562e-09-8.04911693e-16j  1.88086426e-09+5.27355937e-16j]
        labels=[('kl', 'ZZMPEdmX')],
        shape=(8,),
    )
    hessian_by_M: Tensor(
        [[52.65173068-2.22044605e-16j -1.89765888+4.44089210e-16j 11.68107751-3.33066907e-16j -1.41795511+8.88178420e-16j -3.74306319+1.11022302e-16j -1.34782683+4.44089210e-16j  6.79538955-8.88178420e-16j
          -7.64678508+2.22044605e-16j]
         [-1.89765888+4.44089210e-16j 48.2914946 +0.00000000e+00j  5.79503419+0.00000000e+00j  9.03490172-3.33066907e-16j  7.06328521+0.00000000e+00j -3.36419129-8.88178420e-16j 23.7037597 -1.77635684e-15j
           5.32656624+0.00000000e+00j]
         [11.68107751-3.33066907e-16j  5.79503419+0.00000000e+00j 39.21643197+2.22044605e-16j  1.33975216+0.00000000e+00j -8.23289075-4.44089210e-16j -1.74638127+1.11022302e-16j 12.62336464-1.77635684e-15j
          -9.77931073+0.00000000e+00j]
         [-1.41795511+8.88178420e-16j  9.03490172-3.33066907e-16j  1.33975216+0.00000000e+00j 39.99035459+1.77635684e-15j  5.87489379+4.44089210e-16j  0.4284297 +0.00000000e+00j -3.54826235+0.00000000e+00j
          -6.61696328+4.44089210e-16j]
         [-3.74306319+1.11022302e-16j  7.06328521+0.00000000e+00j -8.23289075-4.44089210e-16j  5.87489379+4.44089210e-16j 59.02019214+1.33226763e-15j  0.4334841 -1.33226763e-15j  5.11654747+0.00000000e+00j
           2.3761613 -8.88178420e-16j]
         [-1.34782683+4.44089210e-16j -3.36419129-8.88178420e-16j -1.74638127+1.11022302e-16j  0.4284297 +0.00000000e+00j  0.4334841 -1.33226763e-15j 22.58733831+0.00000000e+00j -3.88111677-8.88178420e-16j
          -4.26787926+2.22044605e-16j]
         [ 6.79538955-8.88178420e-16j 23.7037597 -1.77635684e-15j 12.62336464-1.77635684e-15j -3.54826235+0.00000000e+00j  5.11654747+0.00000000e+00j -3.88111677-8.88178420e-16j 53.75416029+2.77555756e-15j
          -7.71415116+0.00000000e+00j]
         [-7.64678508+2.22044605e-16j  5.32656624+0.00000000e+00j -9.77931073+0.00000000e+00j -6.61696328+4.44089210e-16j  2.3761613 -8.88178420e-16j -4.26787926+2.22044605e-16j -7.71415116+0.00000000e+00j
          36.62506503+0.00000000e+00j]]
        labels=[('kl', 'ZZMPEdmX'), ('kl*', 'ZZMPEdmX*')],
        shape=(8, 8),
    )
    eigvals of hessian_by_M: DiagonalTensor(
        [15.45016075 21.48739188 26.33528265 36.93985751 44.76129751 51.39775517 71.71514079 84.04988135]
        labels=['lizxWzie', 'lizxWzie'],
        shape=(8, 8),
    )
WNAG:
    iter_times, elapsed_time, sqdiff: 300, 0.6027019023895264, 0.33382401150207586
    MSN: Tensor(
        [[-0.28393957-0.44743251j -0.8825689 -0.75193431j -0.76087051-0.48086429j -0.65416508-0.79259815j]
         [ 0.06170106-0.07237831j  0.27764699+0.63712171j  0.20987953+0.36395255j -0.20780526+0.19277688j]
         [-0.44791972-0.89992934j  0.28830208-0.32833823j -0.12064952-0.34113504j -1.07778751-0.42042044j]
         [ 0.33870459-0.21561239j  0.11672634+0.44780171j  0.13183644+0.16115847j -0.04138415-0.34849832j]]
        labels=['kl', 'kr'],
        shape=(4, 4),
    )
    grad_by_real_M: Tensor(
        [ 1.79665032+1.33226763e-15j -0.61812631-4.99600361e-16j -0.26283772-2.22044605e-16j  0.0538189 +3.29597460e-17j  0.56324454-5.55111512e-17j -0.55617246+2.08166817e-16j -0.2283303 -6.66133815e-16j
          0.03280768+6.10622664e-16j]
        labels=[('kl', 'ZZMPEdmX')],
        shape=(8,),
    )
    grad_by_imag_M: Tensor(
        [ 0.5316595 +2.22044605e-16j  0.34873587+4.99600361e-16j -0.06230591+4.44089210e-16j -0.02614184-1.38777878e-16j  0.86267549+2.22044605e-16j -0.22749448-3.33066907e-16j  0.54082922+0.00000000e+00j
         -0.36843744+3.12250226e-17j]
        labels=[('kl', 'ZZMPEdmX')],
        shape=(8,),
    )
    hessian_by_M: Tensor(
        [[ 655.42529836+2.84217094e-14j -177.12936993-1.42108547e-14j  126.76412691+7.10542736e-15j  -41.10240151+3.55271368e-15j    7.11938682+0.00000000e+00j  -70.34517514-3.55271368e-15j
            17.61895138-1.42108547e-14j  -52.25893513-1.06581410e-14j]
         [-177.12936993-1.42108547e-14j  158.05644708+3.55271368e-15j  -18.54223264+0.00000000e+00j   24.87715449+4.44089210e-16j   73.84259389-3.55271368e-15j   -8.0638038 +0.00000000e+00j
            81.60108876+3.55271368e-15j   -9.69105964+7.10542736e-15j]
         [ 126.76412691+7.10542736e-15j  -18.54223264+0.00000000e+00j  570.53717873-2.84217094e-14j -147.12511377+0.00000000e+00j    1.38114315+7.10542736e-15j  -35.02299026+3.55271368e-15j
            96.91747812+1.42108547e-14j  -47.33646666+0.00000000e+00j]
         [ -41.10240151+3.55271368e-15j   24.87715449+4.44089210e-16j -147.12511377+0.00000000e+00j  128.82990244+4.44089210e-16j   51.44304335-7.10542736e-15j   -4.65804099-1.77635684e-15j
           -68.15643183-4.66293670e-15j   26.71687194+8.88178420e-16j]
         [   7.11938682+0.00000000e+00j   73.84259389-3.55271368e-15j    1.38114315+7.10542736e-15j   51.44304335-7.10542736e-15j  488.08232434+0.00000000e+00j -152.22280503+1.42108547e-14j
            51.92136044+3.55271368e-15j  -24.24125919+2.66453526e-15j]
         [ -70.34517514-3.55271368e-15j   -8.0638038 +0.00000000e+00j  -35.02299026+3.55271368e-15j   -4.65804099-1.77635684e-15j -152.22280503+1.42108547e-14j  104.70608179+8.88178420e-16j
           -25.73955521-2.22044605e-15j    7.43651638+1.77635684e-15j]
         [  17.61895138-1.42108547e-14j   81.60108876+3.55271368e-15j   96.91747812+1.42108547e-14j  -68.15643183-4.66293670e-15j   51.92136044+3.55271368e-15j  -25.73955521-2.22044605e-15j
           428.98976982+0.00000000e+00j -132.80264495-1.42108547e-14j]
         [ -52.25893513-1.06581410e-14j   -9.69105964+7.10542736e-15j  -47.33646666+0.00000000e+00j   26.71687194+8.88178420e-16j  -24.24125919+2.66453526e-15j    7.43651638+1.77635684e-15j
          -132.80264495-1.42108547e-14j  123.30526497+2.66453526e-15j]]
        labels=[('kl', 'ZZMPEdmX'), ('kl*', 'ZZMPEdmX*')],
        shape=(8, 8),
    )
    eigvals of hessian_by_M: DiagonalTensor(
        [ 41.78107059  54.97168046  74.17590316  90.14338962 385.59300967 548.36106757 624.73530493 838.17084153]
        labels=['lizxWzie', 'lizxWzie'],
        shape=(8, 8),
    )
SNAG:
    iter_times, elapsed_time, sqdiff: 300, 0.5497739315032959, 0.3279635520953016
    MSN: Tensor(
        [[-0.27959388-0.44990466j -0.8749141 -0.75909468j -0.75584383-0.48730314j -0.64670997-0.79807216j]
         [ 0.06227606-0.07172363j  0.27170742+0.63914608j  0.20645077+0.36558713j -0.20937072+0.19083787j]
         [-0.43931839-0.90352681j  0.29139734-0.32517964j -0.11725548-0.34186999j -1.07329759-0.42994429j]
         [ 0.34045805-0.21234051j  0.11251417+0.4486565j   0.13026212+0.16231919j -0.03818302-0.34861227j]]
        labels=['kl', 'kr'],
        shape=(4, 4),
    )
    grad_by_real_M: Tensor(
        [ 1.54598556e-14+2.28983499e-16j -1.39610545e-14+2.98372438e-16j -6.27276009e-15-7.35522754e-16j  7.57727214e-15+6.93889390e-16j  2.02615702e-14-1.11022302e-16j -2.30371278e-14-2.77555756e-16j
          9.40914013e-15-1.22124533e-15j -1.75345849e-14+9.71445147e-16j]
        labels=[('kl', 'ZZMPEdmX')],
        shape=(8,),
    )
    grad_by_imag_M: Tensor(
        [-2.38628561e-14-1.41553436e-15j  4.47558657e-15+5.82867088e-16j  8.20177259e-15-4.44089210e-16j -2.71727085e-14-1.38777878e-16j  6.51978471e-14+3.88578059e-16j -1.65145675e-14-3.33066907e-16j
          2.07611706e-14-7.49400542e-16j -2.19269047e-15-4.85722573e-17j]
        labels=[('kl', 'ZZMPEdmX')],
        shape=(8,),
    )
    hessian_by_M: Tensor(
        [[188.53992393+4.88498131e-15j -93.63612496+0.00000000e+00j  30.51645006+0.00000000e+00j -20.34267203+0.00000000e+00j  -9.73325077+0.00000000e+00j  -2.42391704+3.55271368e-15j
          -12.78414723-3.55271368e-15j -14.9219369 +0.00000000e+00j]
         [-93.63612496+0.00000000e+00j  72.500853  -1.77635684e-15j  -7.40092359+0.00000000e+00j  12.77581071+2.22044605e-16j  11.70389751+0.00000000e+00j  -2.214436  -1.77635684e-15j
           31.01533022-1.77635684e-15j   1.81239103+1.77635684e-15j]
         [ 30.51645006+0.00000000e+00j  -7.40092359+0.00000000e+00j 150.35998363-8.88178420e-16j -77.24862517+0.00000000e+00j -11.95635746+0.00000000e+00j  -7.65713253+0.00000000e+00j
           48.26541314+3.55271368e-15j -10.67813435+1.77635684e-15j]
         [-20.34267203+0.00000000e+00j  12.77581071+2.22044605e-16j -77.24862517+0.00000000e+00j  61.98602867-1.77635684e-15j   9.54738086+1.77635684e-15j   1.49670191-1.77635684e-15j
          -17.43593881+0.00000000e+00j   0.6919461 -8.88178420e-16j]
         [ -9.73325077+0.00000000e+00j  11.70389751+0.00000000e+00j -11.95635746+0.00000000e+00j   9.54738086+1.77635684e-15j 149.81456073+3.55271368e-15j -55.03547813-3.55271368e-15j
           16.64543969+8.88178420e-16j  -3.46444173-1.77635684e-15j]
         [ -2.42391704+3.55271368e-15j  -2.214436  -1.77635684e-15j  -7.65713253+0.00000000e+00j   1.49670191-1.77635684e-15j -55.03547813-3.55271368e-15j  39.00389349+1.77635684e-15j
           -3.13603462+0.00000000e+00j  -0.65203989+1.33226763e-15j]
         [-12.78414723-3.55271368e-15j  31.01533022-1.77635684e-15j  48.26541314+3.55271368e-15j -17.43593881+0.00000000e+00j  16.64543969+8.88178420e-16j  -3.13603462+0.00000000e+00j
          157.18107986+3.55271368e-15j -69.83908474+0.00000000e+00j]
         [-14.9219369 +0.00000000e+00j   1.81239103+1.77635684e-15j -10.67813435+1.77635684e-15j   0.6919461 -8.88178420e-16j  -3.46444173-1.77635684e-15j  -0.65203989+1.33226763e-15j
          -69.83908474+0.00000000e+00j  49.36057864+1.77635684e-15j]]
        labels=[('kl', 'ZZMPEdmX'), ('kl*', 'ZZMPEdmX*')],
        shape=(8, 8),
    )
    eigvals of hessian_by_M: DiagonalTensor(
        [  7.87808132  13.30816092  15.99801551  22.26650291 129.1825961  172.60342172 239.80173797 267.70838548]
        labels=['lizxWzie', 'lizxWzie'],
        shape=(8, 8),
    )
SSpiral(8):
    array must not contain infs or NaNs
SSpiral(11):
    iter_times, elapsed_time, sqdiff: 300, 0.9463610649108887, 0.32796355209530176
    MSN: Tensor(
        [[-0.27959388-0.44990466j -0.8749141 -0.75909468j -0.75584383-0.48730314j -0.64670997-0.79807216j]
         [ 0.06227606-0.07172363j  0.27170742+0.63914608j  0.20645077+0.36558713j -0.20937072+0.19083787j]
         [-0.43931839-0.90352681j  0.29139734-0.32517964j -0.11725548-0.34186999j -1.07329759-0.42994429j]
         [ 0.34045805-0.21234051j  0.11251417+0.4486565j   0.13026212+0.16231919j -0.03818302-0.34861227j]]
        labels=['kl', 'kr'],
        shape=(4, 4),
    )
    grad_by_real_M: Tensor(
        [ 3.64222541e-14-4.51028104e-17j -2.84910984e-14-1.11022302e-16j  1.22540866e-14-3.20056481e-16j -3.16829896e-14-2.35922393e-16j -6.17769724e-14+6.14092110e-16j  1.48769885e-14+1.38777878e-16j
          5.14345511e-14+1.59594560e-16j -4.31321645e-14-4.71844785e-16j]
        labels=[('kl', 'ZZMPEdmX')],
        shape=(8,),
    )
    grad_by_imag_M: Tensor(
        [ 4.51375048e-15+3.26128013e-16j  2.05946371e-14+2.35922393e-16j  3.62531186e-14-5.68989300e-16j -3.03923553e-15+1.04083409e-16j  2.73392420e-15-4.09394740e-16j -3.15580895e-14+3.05311332e-16j
          6.93681224e-14+4.05925293e-16j  4.74620343e-15+5.55111512e-17j]
        labels=[('kl', 'ZZMPEdmX')],
        shape=(8,),
    )
    hessian_by_M: Tensor(
        [[ 57.03032778-8.88178420e-16j  -1.68057773-3.55271368e-15j  12.90802653+0.00000000e+00j  -1.94564938+4.44089210e-16j   0.34890132+4.44089210e-16j  -7.87072699+3.33066907e-16j
            6.82815334+0.00000000e+00j  -5.7365238 -2.22044605e-16j]
         [ -1.68057773-3.55271368e-15j  48.18473659+0.00000000e+00j   5.40198444-2.22044605e-16j   8.2020016 +4.44089210e-16j  10.68716794+0.00000000e+00j  -5.44130763+0.00000000e+00j
           22.38943688+4.44089210e-16j   3.20639134+4.44089210e-16j]
         [ 12.90802653+0.00000000e+00j   5.40198444-2.22044605e-16j  47.88184163+1.77635684e-15j   0.96462503-3.55271368e-15j  -3.36943315+8.88178420e-16j  -2.20588789-3.33066907e-16j
           10.96736662+0.00000000e+00j -15.03507075+0.00000000e+00j]
         [ -1.94564938+4.44089210e-16j   8.2020016 +4.44089210e-16j   0.96462503-3.55271368e-15j  37.5574495 +1.77635684e-15j   7.51432828+4.44089210e-16j  -1.6383498 +0.00000000e+00j
           -8.34896137+2.22044605e-16j  -4.3286614 +0.00000000e+00j]
         [  0.34890132+4.44089210e-16j  10.68716794+0.00000000e+00j  -3.36943315+8.88178420e-16j   7.51432828+4.44089210e-16j  55.98752266+4.44089210e-16j  -6.37651449+4.44089210e-16j
            6.33119379+0.00000000e+00j  -1.80980801+8.88178420e-16j]
         [ -7.87072699+3.33066907e-16j  -5.44130763+0.00000000e+00j  -2.20588789-3.33066907e-16j  -1.6383498 +0.00000000e+00j  -6.37651449+4.44089210e-16j  23.8325577 +0.00000000e+00j
           -5.95550205+7.77156117e-16j  -4.46506264+0.00000000e+00j]
         [  6.82815334+0.00000000e+00j  22.38943688+4.44089210e-16j  10.96736662+0.00000000e+00j  -8.34896137+2.22044605e-16j   6.33119379+0.00000000e+00j  -5.95550205+7.77156117e-16j
           43.5769795 -1.77635684e-15j  -6.52682861-2.22044605e-16j]
         [ -5.7365238 -2.22044605e-16j   3.20639134+4.44089210e-16j -15.03507075+0.00000000e+00j  -4.3286614 +0.00000000e+00j  -1.80980801+8.88178420e-16j  -4.46506264+0.00000000e+00j
           -6.52682861-2.22044605e-16j  42.41455616+1.77635684e-15j]]
        labels=[('kl', 'ZZMPEdmX'), ('kl*', 'ZZMPEdmX*')],
        shape=(8, 8),
    )
    eigvals of hessian_by_M: DiagonalTensor(
        [13.47422113 19.50699094 27.86109921 38.87043551 49.16038088 51.89299372 70.18586963 85.5139805 ]
        labels=['lizxWzie', 'lizxWzie'],
        shape=(8, 8),
    )
SSpiral(14):
    iter_times, elapsed_time, sqdiff: 300, 0.9437522888183594, 0.3279635520953019
    MSN: Tensor(
        [[-0.27959388-0.44990466j -0.8749141 -0.75909468j -0.75584383-0.48730314j -0.64670997-0.79807216j]
         [ 0.06227606-0.07172363j  0.27170742+0.63914608j  0.20645077+0.36558713j -0.20937072+0.19083787j]
         [-0.43931839-0.90352681j  0.29139734-0.32517964j -0.11725548-0.34186999j -1.07329759-0.42994429j]
         [ 0.34045805-0.21234051j  0.11251417+0.4486565j   0.13026212+0.16231919j -0.03818302-0.34861227j]]
        labels=['kl', 'kr'],
        shape=(4, 4),
    )
    grad_by_real_M: Tensor(
        [ 1.23512311e-15-3.12250226e-17j -7.20257187e-15+4.57966998e-16j -1.84158244e-14+6.17561557e-16j -9.50628465e-16-3.19189120e-16j  1.66533454e-15-5.34294831e-16j  7.03603842e-15+6.93889390e-17j
         -1.07275300e-14+1.24900090e-16j  1.16573418e-14-2.49800181e-16j]
        labels=[('kl', 'ZZMPEdmX')],
        shape=(8,),
    )
    grad_by_imag_M: Tensor(
        [ 1.42143242e-14-1.94289029e-16j  2.35922393e-16+2.63677968e-16j  7.90340016e-15-3.74700271e-16j -1.26704203e-14+1.59594560e-16j -1.34128819e-14-5.27355937e-16j  9.33975119e-15+1.38777878e-17j
          9.71445147e-17-1.24900090e-16j -4.96824804e-15+2.22044605e-16j]
        labels=[('kl', 'ZZMPEdmX')],
        shape=(8,),
    )
    hessian_by_M: Tensor(
        [[ 54.21227806-2.22044605e-15j  -8.99536043-3.55271368e-15j  11.21941657+2.22044605e-16j  -3.70486766+4.44089210e-16j  -1.12166795+0.00000000e+00j  -4.53447552+0.00000000e+00j
            2.76961947-2.66453526e-15j  -5.81424319-4.44089210e-16j]
         [ -8.99536043-3.55271368e-15j  45.98170532-1.77635684e-15j   5.25268127-6.66133815e-16j   8.43409331-2.22044605e-16j   9.02714828+8.88178420e-16j  -4.93688092+0.00000000e+00j
           22.02916782-2.22044605e-16j   5.51260802+4.44089210e-16j]
         [ 11.21941657+2.22044605e-16j   5.25268127-6.66133815e-16j  43.60751555-2.22044605e-15j  -5.32012038-8.88178420e-16j  -5.06001072+0.00000000e+00j  -2.02050113+0.00000000e+00j
           15.25347609-8.88178420e-16j -12.0659709 -6.10622664e-16j]
         [ -3.70486766+4.44089210e-16j   8.43409331-2.22044605e-16j  -5.32012038-8.88178420e-16j  36.29794513-1.77635684e-15j   5.4435896 +0.00000000e+00j  -1.0965062 +4.44089210e-16j
           -4.73072718+4.44089210e-16j  -7.10553794+4.44089210e-16j]
         [ -1.12166795+0.00000000e+00j   9.02714828+8.88178420e-16j  -5.06001072+0.00000000e+00j   5.4435896 +0.00000000e+00j  55.55110318+3.33066907e-16j  -5.19937646-3.33066907e-16j
            7.15326728+1.33226763e-15j  -0.17859828-4.44089210e-16j]
         [ -4.53447552+0.00000000e+00j  -4.93688092+0.00000000e+00j  -2.02050113+0.00000000e+00j  -1.0965062 +4.44089210e-16j  -5.19937646-3.33066907e-16j  21.95784319+0.00000000e+00j
           -3.57561985+4.44089210e-16j  -5.25548514+2.22044605e-16j]
         [  2.76961947-2.66453526e-15j  22.02916782-2.22044605e-16j  15.25347609-8.88178420e-16j  -4.73072718+4.44089210e-16j   7.15326728+1.33226763e-15j  -3.57561985+4.44089210e-16j
           45.99426411-8.88178420e-16j -11.09247621+1.33226763e-15j]
         [ -5.81424319-4.44089210e-16j   5.51260802+4.44089210e-16j -12.0659709 -6.10622664e-16j  -7.10553794+4.44089210e-16j  -0.17859828-4.44089210e-16j  -5.25548514+2.22044605e-16j
          -11.09247621+1.33226763e-15j  39.59189979+1.77635684e-15j]]
        labels=[('kl', 'ZZMPEdmX'), ('kl*', 'ZZMPEdmX*')],
        shape=(8, 8),
    )
    eigvals of hessian_by_M: DiagonalTensor(
        [11.23549557 18.37537945 25.80228111 36.4641736  44.86967767 52.91076061 72.52424857 81.01253774]
        labels=['lizxWzie', 'lizxWzie'],
        shape=(8, 8),
    )
SSpiral(17):
    iter_times, elapsed_time, sqdiff: 300, 0.9466180801391602, 0.32796355209530137
    MSN: Tensor(
        [[-0.27959388-0.44990466j -0.8749141 -0.75909468j -0.75584383-0.48730314j -0.64670997-0.79807216j]
         [ 0.06227606-0.07172363j  0.27170742+0.63914608j  0.20645077+0.36558713j -0.20937072+0.19083787j]
         [-0.43931839-0.90352681j  0.29139734-0.32517964j -0.11725548-0.34186999j -1.07329759-0.42994429j]
         [ 0.34045805-0.21234051j  0.11251417+0.4486565j   0.13026212+0.16231919j -0.03818302-0.34861227j]]
        labels=['kl', 'kr'],
        shape=(4, 4),
    )
    grad_by_real_M: Tensor(
        [-2.79537678e-14-1.35308431e-16j -1.45196355e-15+1.59594560e-16j -7.86801180e-14+3.81639165e-16j -3.41740525e-14-3.12250226e-16j  4.12864187e-16-1.87350135e-16j  4.15813217e-15+1.38777878e-17j
          1.43496326e-14-2.42861287e-16j  2.23987495e-14+1.80411242e-16j]
        labels=[('kl', 'ZZMPEdmX')],
        shape=(8,),
    )
    grad_by_imag_M: Tensor(
        [ 2.86194679e-14-1.07119175e-16j  1.61329283e-14-1.21430643e-17j -2.84494650e-16-3.05311332e-16j  2.91919267e-14-8.32667268e-17j -2.79568035e-14-3.22658567e-16j -2.70616862e-15-1.64798730e-16j
          2.08374984e-14+1.66533454e-16j -6.91113833e-15-8.32667268e-17j]
        labels=[('kl', 'ZZMPEdmX')],
        shape=(8,),
    )
    hessian_by_M: Tensor(
        [[51.65573872+0.00000000e+00j  1.5453482 +6.66133815e-16j 12.45170078-5.55111512e-17j  0.06087951-3.33066907e-16j -3.52867636-5.55111512e-16j -0.28682881+2.77555756e-17j 10.59708654-1.11022302e-15j
          -3.20213303-4.44089210e-16j]
         [ 1.5453482 +6.66133815e-16j  9.77896625-2.22044605e-16j  2.51734363-4.44089210e-16j  1.84715493+2.77555756e-17j  2.96854193-2.22044605e-16j -0.94209331+0.00000000e+00j  9.75508753+0.00000000e+00j
           1.32658197-1.66533454e-16j]
         [12.45170078-5.55111512e-17j  2.51734363-4.44089210e-16j 38.76561252-4.44089210e-16j  2.88491642+3.33066907e-16j -7.89289311+4.44089210e-16j  0.22564653+1.11022302e-16j  8.36526349-1.77635684e-15j
          -5.73617271-4.44089210e-16j]
         [ 0.06087951-3.33066907e-16j  1.84715493+2.77555756e-17j  2.88491642+3.33066907e-16j  7.84164295+2.22044605e-16j  2.3901189 +2.22044605e-16j -0.12721906-1.11022302e-16j -0.42656367-4.44089210e-16j
          -1.67146589+1.66533454e-16j]
         [-3.52867636-5.55111512e-16j  2.96854193-2.22044605e-16j -7.89289311+4.44089210e-16j  2.3901189 +2.22044605e-16j 58.03017214+0.00000000e+00j  0.5495596 +2.22044605e-16j  3.6588302 +0.00000000e+00j
           1.75717714+2.22044605e-16j]
         [-0.28682881+2.77555756e-17j -0.94209331+0.00000000e+00j  0.22564653+1.11022302e-16j -0.12721906-1.11022302e-16j  0.5495596 +2.22044605e-16j  4.61089477+2.22044605e-16j -2.56010747+4.44089210e-16j
          -1.12176027+0.00000000e+00j]
         [10.59708654-1.11022302e-15j  9.75508753+0.00000000e+00j  8.36526349-1.77635684e-15j -0.42656367-4.44089210e-16j  3.6588302 +0.00000000e+00j -2.56010747+4.44089210e-16j 52.56293672+1.77635684e-15j
          -2.55735453+8.88178420e-16j]
         [-3.20213303-4.44089210e-16j  1.32658197-1.66533454e-16j -5.73617271-4.44089210e-16j -1.67146589+1.66533454e-16j  1.75717714+2.22044605e-16j -1.12176027+0.00000000e+00j -2.55735453+8.88178420e-16j
           8.12128133-4.44089210e-16j]]
        labels=[('kl', 'ZZMPEdmX'), ('kl*', 'ZZMPEdmX*')],
        shape=(8, 8),
    )
    eigvals of hessian_by_M: DiagonalTensor(
        [ 3.60588004  4.68525727  8.39524869  9.57449755 30.63186527 40.87985056 61.32001714 72.2746289 ]
        labels=['lizxWzie', 'lizxWzie'],
        shape=(8, 8),
    )
SSpiral(20):
    iter_times, elapsed_time, sqdiff: 300, 0.9418909549713135, 0.32796355209530165
    MSN: Tensor(
        [[-0.27959388-0.44990466j -0.8749141 -0.75909468j -0.75584383-0.48730314j -0.64670997-0.79807216j]
         [ 0.06227606-0.07172363j  0.27170742+0.63914608j  0.20645077+0.36558713j -0.20937072+0.19083787j]
         [-0.43931839-0.90352681j  0.29139734-0.32517964j -0.11725548-0.34186999j -1.07329759-0.42994429j]
         [ 0.34045805-0.21234051j  0.11251417+0.4486565j   0.13026212+0.16231919j -0.03818302-0.34861227j]]
        labels=['kl', 'kr'],
        shape=(4, 4),
    )
    grad_by_real_M: Tensor(
        [ 2.11219930e-14+3.46944695e-18j  2.59514632e-15+1.38777878e-17j -4.37714101e-14+7.97972799e-17j  6.50521303e-16-1.04083409e-16j -2.58473798e-14-6.52256027e-16j  7.41073869e-15-2.77555756e-17j
         -1.41137102e-14-2.63677968e-16j  3.35842465e-15-1.87350135e-16j]
        labels=[('kl', 'ZZMPEdmX')],
        shape=(8,),
    )
    grad_by_imag_M: Tensor(
        [ 4.64524252e-14+2.49800181e-16j -1.90125693e-15+1.31838984e-16j  5.49942036e-14-5.85469173e-16j  3.43475248e-15+7.80625564e-17j -4.42840209e-14+4.78783679e-16j -5.82867088e-16+3.81639165e-17j
          4.02317069e-14-2.35922393e-16j -1.33990041e-14+3.60822483e-16j]
        labels=[('kl', 'ZZMPEdmX')],
        shape=(8,),
    )
    hessian_by_M: Tensor(
        [[54.7648991 -8.88178420e-16j  1.18812831-4.44089210e-16j 13.41253932+1.11022302e-16j -0.30598218-2.22044605e-16j -4.81062727-4.44089210e-16j  0.37891912+1.11022302e-16j 12.9835045 -6.66133815e-16j
          -3.16117146+1.11022302e-16j]
         [ 1.18812831-4.44089210e-16j  8.30905623+0.00000000e+00j  2.64535097+0.00000000e+00j  1.58151188+1.38777878e-17j  1.75712495-4.44089210e-16j -0.91043867+2.22044605e-16j  9.69086457-4.44089210e-16j
           1.23442247+1.66533454e-16j]
         [13.41253932+1.11022302e-16j  2.64535097+0.00000000e+00j 40.18608251+2.66453526e-15j  2.31382397-4.44089210e-16j -9.01166137-8.88178420e-16j  0.5768034 -1.11022302e-16j  6.21821077-1.77635684e-15j
          -6.41816464+0.00000000e+00j]
         [-0.30598218-2.22044605e-16j  1.58151188+1.38777878e-17j  2.31382397-4.44089210e-16j  6.54433176-2.22044605e-16j  1.64227699+2.22044605e-16j -0.21945569+1.11022302e-16j -0.13288877+0.00000000e+00j
          -1.51161446-2.22044605e-16j]
         [-4.81062727-4.44089210e-16j  1.75712495-4.44089210e-16j -9.01166137-8.88178420e-16j  1.64227699+2.22044605e-16j 60.82102204+0.00000000e+00j  0.20422118+0.00000000e+00j  2.29182811-8.88178420e-16j
           1.60069722+6.66133815e-16j]
         [ 0.37891912+1.11022302e-16j -0.91043867+2.22044605e-16j  0.5768034 -1.11022302e-16j -0.21945569+1.11022302e-16j  0.20422118+0.00000000e+00j  4.0176887 -2.22044605e-16j -2.86495572+3.88578059e-16j
          -1.03774669+1.11022302e-16j]
         [12.9835045 -6.66133815e-16j  9.69086457-4.44089210e-16j  6.21821077-1.77635684e-15j -0.13288877+0.00000000e+00j  2.29182811-8.88178420e-16j -2.86495572+3.88578059e-16j 58.30712739+0.00000000e+00j
          -2.12077473+0.00000000e+00j]
