b=4, chi=2, seed=431, 
NOR:
    iter_times, elapsed_time, sqdiff: 300, 0.3824028968811035, 2.8362416217052706
    MSN: Tensor(
        [[-0.03984907+0.63320599j -1.4136339 +0.96407493j  1.01238212+0.28417538j -0.96615283-0.03175852j]
         [ 0.16671491-0.41079137j -1.03382667-0.69194589j -0.16990671+0.19835388j -0.15331514+0.34371152j]
         [-1.52149441-0.05443814j -0.30588933+0.8332474j  -0.12480882+0.94299719j  1.17703938-1.1205321j ]
         [-0.36221743+0.41343436j -0.33571161-1.26473004j -0.01310485+0.74020494j -0.38093643-1.05854338j]]
        labels=['kl', 'kr'],
        shape=(4, 4),
    )
    grad_by_real_M: Tensor(
        [-9.88098492e-15+1.11022302e-15j -1.49880108e-14+6.03683770e-16j -7.91033905e-15+2.22044605e-15j  8.11850587e-15+1.90125693e-15j -5.05151476e-15+1.27675648e-15j -7.81319454e-15+9.36750677e-16j
          8.99280650e-15+6.66133815e-16j  2.85188539e-15-4.99600361e-16j]
        labels=[('kl', 'kCsRuNHL')],
        shape=(8,),
    )
    grad_by_imag_M: Tensor(
        [-7.77156117e-15+3.33066907e-16j -1.64937508e-14+5.55111512e-16j -9.32587341e-15+0.00000000e+00j  3.87190280e-15+2.08166817e-16j -7.38298311e-15+1.83186799e-15j  2.43555176e-15+1.04083409e-15j
          6.21724894e-15-1.11022302e-16j -9.27036226e-15-1.40859546e-15j]
        labels=[('kl', 'kCsRuNHL')],
        shape=(8,),
    )
    hessian_by_real_M: Tensor(
        [[112.32470325+3.55271368e-15j -10.88155308-8.88178420e-16j  -9.89180692-1.77635684e-15j   0.44020793-1.22124533e-15j  42.25269349+1.77635684e-15j   4.76588151+8.88178420e-16j
           25.09555406-4.44089210e-16j  11.87192304+0.00000000e+00j]
         [-10.88155308-8.88178420e-16j  50.27340315+3.55271368e-15j  -4.55119632-2.66453526e-15j   9.62545151-2.22044605e-16j  -9.39126543+8.88178420e-16j  -3.17299761+0.00000000e+00j
          -18.91951314+4.44089210e-16j  12.51731244+0.00000000e+00j]
         [ -9.89180692-1.77635684e-15j  -4.55119632-2.66453526e-15j  66.03678093+0.00000000e+00j  -2.3165631 -8.88178420e-16j  10.85226669+8.88178420e-16j  -1.92443298+3.33066907e-16j
            8.44472483-8.88178420e-16j -12.15220797-4.44089210e-16j]
         [  0.44020793-1.22124533e-15j   9.62545151-2.22044605e-16j  -2.3165631 -8.88178420e-16j  47.48836446+3.55271368e-15j -31.49707452-8.88178420e-16j  12.67948601+8.88178420e-16j
           15.99069409+4.44089210e-16j   1.75012557+8.88178420e-16j]
         [ 42.25269349+1.77635684e-15j  -9.39126543+8.88178420e-16j  10.85226669+8.88178420e-16j -31.49707452-8.88178420e-16j  73.76524861-3.55271368e-15j -10.07604655-4.44089210e-16j
          -12.07165664-8.88178420e-16j  12.65300781+0.00000000e+00j]
         [  4.76588151+8.88178420e-16j  -3.17299761+0.00000000e+00j  -1.92443298+3.33066907e-16j  12.67948601+8.88178420e-16j -10.07604655-4.44089210e-16j  35.51822461-1.77635684e-15j
            4.39757469-1.11022302e-16j   4.38040207+0.00000000e+00j]
         [ 25.09555406-4.44089210e-16j -18.91951314+4.44089210e-16j   8.44472483-8.88178420e-16j  15.99069409+4.44089210e-16j -12.07165664-8.88178420e-16j   4.39757469-1.11022302e-16j
           84.6906584 +0.00000000e+00j -22.5087325 -8.88178420e-16j]
         [ 11.87192304+0.00000000e+00j  12.51731244+0.00000000e+00j -12.15220797-4.44089210e-16j   1.75012557+8.88178420e-16j  12.65300781+0.00000000e+00j   4.38040207+0.00000000e+00j
          -22.5087325 -8.88178420e-16j  44.11164473+0.00000000e+00j]]
        labels=[('kl', 'kCsRuNHL'), ('kl*', 'kCsRuNHL*')],
        shape=(8, 8),
    )
    hessian_by_imag_M: Tensor(
        [[  0.        +0.00000000e+00j  12.21508219-8.88178420e-16j -13.09251367-2.66453526e-15j  -1.02705356-4.44089210e-16j  17.71064964+0.00000000e+00j  -1.29857816+1.33226763e-15j
            7.75193531-1.77635684e-15j   9.06062778+0.00000000e+00j]
         [-12.21508219+8.88178420e-16j   0.        +0.00000000e+00j -14.56056829-4.44089210e-16j  -3.84190204-8.88178420e-16j -13.17579644+8.88178420e-16j -11.03013822+2.22044605e-16j
            4.43132344+0.00000000e+00j  -0.87467028+8.88178420e-16j]
         [ 13.09251367+2.66453526e-15j  14.56056829+4.44089210e-16j   0.        +0.00000000e+00j   8.01460887-8.88178420e-16j  -1.49325297+8.88178420e-16j   1.71380116-6.66133815e-16j
           10.03233267+8.88178420e-16j   4.95803165+0.00000000e+00j]
         [  1.02705356+4.44089210e-16j   3.84190204+8.88178420e-16j  -8.01460887+8.88178420e-16j   0.        +0.00000000e+00j  -8.97665266+0.00000000e+00j  -4.48421565+1.77635684e-15j
            7.07907055+0.00000000e+00j   3.62675944+4.44089210e-16j]
         [-17.71064964+0.00000000e+00j  13.17579644-8.88178420e-16j   1.49325297-8.88178420e-16j   8.97665266+0.00000000e+00j   0.        +0.00000000e+00j  -0.38835139+2.66453526e-15j
            4.30507194+0.00000000e+00j  -5.82988341+0.00000000e+00j]
         [  1.29857816-1.33226763e-15j  11.03013822-2.22044605e-16j  -1.71380116+6.66133815e-16j   4.48421565-1.77635684e-15j   0.38835139-2.66453526e-15j   0.        +0.00000000e+00j
           -1.61809748+0.00000000e+00j   6.13411673+8.88178420e-16j]
         [ -7.75193531+1.77635684e-15j  -4.43132344+0.00000000e+00j -10.03233267-8.88178420e-16j  -7.07907055+0.00000000e+00j  -4.30507194+0.00000000e+00j   1.61809748+0.00000000e+00j
            0.        +0.00000000e+00j   1.16581776+0.00000000e+00j]
         [ -9.06062778+0.00000000e+00j   0.87467028-8.88178420e-16j  -4.95803165+0.00000000e+00j  -3.62675944-4.44089210e-16j   5.82988341+0.00000000e+00j  -6.13411673-8.88178420e-16j
           -1.16581776+0.00000000e+00j   0.        +0.00000000e+00j]]
        labels=[('kl', 'kCsRuNHL'), ('kl*', 'kCsRuNHL*')],
        shape=(8, 8),
    )
    eigvals of hessian_by_real_M: DiagonalTensor(
        [ 15.15852337  22.03299912  26.60574458  39.61932077  55.06788492  88.60257507 117.88480952 149.23717081]
        labels=['ZtiIRyjG', 'ZtiIRyjG'],
        shape=(8, 8),
    )
    eigvals of hessian_by_imag_M: DiagonalTensor(
        [-31.19800794 -19.47089944 -16.5199361   -7.48963617   6.3211611   10.37415786  24.57582826  33.40733243]
        labels=['MYSAtXPw', 'MYSAtXPw'],
        shape=(8, 8),
    )
WCOR:
    iter_times, elapsed_time, sqdiff: 300, 0.41538381576538086, 2.8362416217052644
    MSN: Tensor(
        [[-0.03984907+0.63320599j -1.4136339 +0.96407493j  1.01238212+0.28417538j -0.96615283-0.03175852j]
         [ 0.16671491-0.41079137j -1.03382667-0.69194589j -0.16990671+0.19835388j -0.15331514+0.34371152j]
         [-1.52149441-0.05443814j -0.30588933+0.8332474j  -0.12480882+0.94299719j  1.17703938-1.1205321j ]
         [-0.36221743+0.41343436j -0.33571161-1.26473004j -0.01310485+0.74020494j -0.38093643-1.05854338j]]
        labels=['kl', 'kr'],
        shape=(4, 4),
    )
    grad_by_real_M: Tensor(
        [ 9.10382880e-15+2.44249065e-15j  1.69309011e-14+1.05731396e-15j  8.93729535e-15-9.99200722e-16j  1.97619698e-14+2.77555756e-16j  1.74305015e-14-2.44249065e-15j -1.38535017e-14+7.84095011e-16j
         -3.99680289e-15-2.22044605e-15j -1.39194212e-14+0.00000000e+00j]
        labels=[('kl', 'kCsRuNHL')],
        shape=(8,),
    )
    grad_by_imag_M: Tensor(
        [-2.22044605e-14-4.44089210e-16j  4.49033172e-15+1.94289029e-15j -1.34336986e-14-1.11022302e-15j  1.62092562e-14-4.71844785e-16j  6.99440506e-15-7.77156117e-16j -1.08732467e-14+5.23886490e-16j
         -5.32907052e-15+3.10862447e-15j  4.44089210e-16+1.38777878e-17j]
        labels=[('kl', 'kCsRuNHL')],
        shape=(8,),
    )
    hessian_by_real_M: Tensor(
        [[143.08443396+0.00000000e+00j -18.2777942 +0.00000000e+00j -13.11582641+0.00000000e+00j   3.41233135+2.22044605e-16j  53.99834359+1.77635684e-15j  -1.87990163+0.00000000e+00j
           31.65833005-8.88178420e-16j  10.35526752+4.44089210e-16j]
         [-18.2777942 +0.00000000e+00j  41.55601879+0.00000000e+00j  -1.53732297+0.00000000e+00j   7.72822529-2.22044605e-16j -13.1959175 -1.77635684e-15j  -0.9654769 +4.44089210e-16j
          -20.39742286+4.44089210e-16j  10.43039092+4.44089210e-16j]
         [-13.11582641+0.00000000e+00j  -1.53732297+0.00000000e+00j  85.65242694+1.77635684e-15j  -4.75015254+0.00000000e+00j   9.38569749+4.44089210e-16j  -1.14724795-8.88178420e-16j
           11.4996714 -8.88178420e-16j -13.0585845 -4.44089210e-16j]
         [  3.41233135+2.22044605e-16j   7.72822529-2.22044605e-16j  -4.75015254+0.00000000e+00j  36.90453589+3.55271368e-15j -29.98525376-8.88178420e-16j  13.13497551+1.77635684e-15j
           14.78203781+4.44089210e-16j   0.97611683+6.66133815e-16j]
         [ 53.99834359+1.77635684e-15j -13.1959175 -1.77635684e-15j   9.38569749+4.44089210e-16j -29.98525376-8.88178420e-16j  92.99010176-3.55271368e-15j -15.21903375+0.00000000e+00j
          -13.0420887 +0.00000000e+00j  13.68539602+4.44089210e-16j]
         [ -1.87990163+0.00000000e+00j  -0.9654769 +4.44089210e-16j  -1.14724795-8.88178420e-16j  13.13497551+1.77635684e-15j -15.21903375+0.00000000e+00j  29.28809241+0.00000000e+00j
            6.42076762+3.33066907e-16j   1.2502889 +4.44089210e-16j]
         [ 31.65833005-8.88178420e-16j -20.39742286+4.44089210e-16j  11.4996714 -8.88178420e-16j  14.78203781+4.44089210e-16j -13.0420887 +0.00000000e+00j   6.42076762+3.33066907e-16j
          103.6026366 -3.55271368e-15j -27.46004033+1.33226763e-15j]
         [ 10.35526752+4.44089210e-16j  10.43039092+4.44089210e-16j -13.0585845 -4.44089210e-16j   0.97611683+6.66133815e-16j  13.68539602+4.44089210e-16j   1.2502889 +4.44089210e-16j
          -27.46004033+1.33226763e-15j  38.35542855+0.00000000e+00j]]
        labels=[('kl', 'kCsRuNHL'), ('kl*', 'kCsRuNHL*')],
        shape=(8, 8),
    )
    hessian_by_imag_M: Tensor(
        [[  0.        +0.00000000e+00j  17.78518784+1.77635684e-15j -19.35092154-8.88178420e-16j  -0.04016681-8.88178420e-16j  20.43927601-3.55271368e-15j  -3.10349394+0.00000000e+00j
           11.73707984+1.77635684e-15j   7.75578473+0.00000000e+00j]
         [-17.78518784-1.77635684e-15j   0.        +0.00000000e+00j -12.80363429-1.33226763e-15j  -1.59956826-4.44089210e-16j -18.97939914+8.88178420e-16j  -6.81400061-5.55111512e-16j
            0.47443103+0.00000000e+00j  -2.67945435+0.00000000e+00j]
         [ 19.35092154+8.88178420e-16j  12.80363429+1.33226763e-15j   0.        +0.00000000e+00j  10.9422238 -1.33226763e-15j  -3.34670092+0.00000000e+00j   1.96616693+0.00000000e+00j
           15.06877475-1.77635684e-15j   5.2185101 +0.00000000e+00j]
         [  0.04016681+8.88178420e-16j   1.59956826+4.44089210e-16j -10.9422238 +1.33226763e-15j   0.        +0.00000000e+00j -11.96850635+0.00000000e+00j  -3.37518708+0.00000000e+00j
            6.85125356-1.77635684e-15j   2.35117902+5.55111512e-16j]
         [-20.43927601+3.55271368e-15j  18.97939914-8.88178420e-16j   3.34670092+0.00000000e+00j  11.96850635+0.00000000e+00j   0.        +0.00000000e+00j   3.56856877+0.00000000e+00j
            4.49334186+8.88178420e-16j  -7.0308486 -8.88178420e-16j]
         [  3.10349394+0.00000000e+00j   6.81400061+5.55111512e-16j  -1.96616693+0.00000000e+00j   3.37518708+0.00000000e+00j  -3.56856877+0.00000000e+00j   0.        +0.00000000e+00j
           -0.51913475+4.44089210e-16j   5.12222891-6.66133815e-16j]
         [-11.73707984-1.77635684e-15j  -0.47443103+0.00000000e+00j -15.06877475+1.77635684e-15j  -6.85125356+1.77635684e-15j  -4.49334186-8.88178420e-16j   0.51913475-4.44089210e-16j
            0.        +0.00000000e+00j   6.48470477-1.77635684e-15j]
         [ -7.75578473+0.00000000e+00j   2.67945435+0.00000000e+00j  -5.2185101 +0.00000000e+00j  -2.35117902-5.55111512e-16j   7.0308486 +8.88178420e-16j  -5.12222891+6.66133815e-16j
           -6.48470477+1.77635684e-15j   0.        +0.00000000e+00j]]
        labels=[('kl', 'kCsRuNHL'), ('kl*', 'kCsRuNHL*')],
        shape=(8, 8),
    )
    eigvals of hessian_by_real_M: DiagonalTensor(
        [ 14.31658857  18.07829686  27.21801451  31.59448528  56.12045038  99.94354522 135.0732027  189.08909139]
        labels=['ZtiIRyjG', 'ZtiIRyjG'],
        shape=(8, 8),
    )
    eigvals of hessian_by_imag_M: DiagonalTensor(
        [-37.72221502 -24.94088636 -21.6375598   -3.89972111   8.81209811   9.14467664  27.03718374  43.20642381]
        labels=['MYSAtXPw', 'MYSAtXPw'],
        shape=(8, 8),
    )
WROR:
    iter_times, elapsed_time, sqdiff: 300, 0.4547700881958008, 3.775461934989497
    MSN: Tensor(
        [[-0.59024809+0.49489465j -1.25555887+0.25152417j  0.69671187-0.40184885j -0.48675552-0.25941314j]
         [ 0.14303084-0.85646108j -0.71622484-1.22037837j  0.67895665+0.02519728j -0.17906282+0.37075884j]
         [-1.35771169-0.03892476j -0.04723564+0.38330599j -0.54971924+0.44112685j  1.07473009-0.84010711j]
         [-0.32045351+0.9326135j   0.14483233+0.03683841j  0.29431979+0.46167701j -0.42879606-0.92606966j]]
        labels=['kl', 'kr'],
        shape=(4, 4),
    )
    grad_by_real_M: Tensor(
        [-6.77236045e-15+1.11022302e-16j -9.38138456e-15-2.22044605e-16j  1.01030295e-14+2.90045765e-15j  2.67563749e-14-3.33066907e-16j -6.13259443e-14+1.60982339e-15j -1.25663369e-14+0.00000000e+00j
          1.07899800e-14-1.66533454e-15j  6.27276009e-15-2.22044605e-16j]
        labels=[('kl', 'kCsRuNHL')],
        shape=(8,),
    )
    grad_by_imag_M: Tensor(
        [ 7.91589017e-14-5.55111512e-16j  1.22124533e-14+0.00000000e+00j -4.39925874e-15+2.10942375e-15j -1.11022302e-14-8.88178420e-16j  8.71525074e-15+2.00534034e-15j  3.01980663e-14-1.17961196e-16j
          6.00630656e-14+1.67227343e-15j -3.66373598e-14+5.55111512e-17j]
        labels=[('kl', 'kCsRuNHL')],
        shape=(8,),
    )
    hessian_by_real_M: Tensor(
        [[132.81962997+0.00000000e+00j  -8.46973754+1.77635684e-15j -19.45161168+3.55271368e-15j  -3.53889248+0.00000000e+00j  43.09347894-1.77635684e-15j  -3.08834967+4.44089210e-16j
           32.5235514 +1.77635684e-15j   3.38172748+0.00000000e+00j]
         [ -8.46973754+1.77635684e-15j  24.67057593+4.44089210e-16j   2.26740746+4.44089210e-16j   4.10632937-1.38777878e-16j -11.99787729+1.77635684e-15j   4.63010913-2.22044605e-16j
           -3.11243139-2.22044605e-16j   4.35376767+2.22044605e-16j]
         [-19.45161168+3.55271368e-15j   2.26740746+4.44089210e-16j  90.08075703+5.32907052e-15j  -0.25341665+8.88178420e-16j   1.18180644+1.77635684e-15j  -1.82510445+0.00000000e+00j
           10.01291213+0.00000000e+00j  -6.54309211-1.11022302e-16j]
         [ -3.53889248+0.00000000e+00j   4.10632937-1.38777878e-16j  -0.25341665+8.88178420e-16j  15.86692205-4.44089210e-16j -17.32222309-8.88178420e-16j   8.45645056+1.11022302e-16j
            7.8122969 +1.11022302e-16j   3.72740402+0.00000000e+00j]
         [ 43.09347894-1.77635684e-15j -11.99787729+1.77635684e-15j   1.18180644+1.77635684e-15j -17.32222309-8.88178420e-16j  81.12261428+0.00000000e+00j  -6.89707578+0.00000000e+00j
           -6.63700825-4.44089210e-16j   5.71466161-4.44089210e-16j]
         [ -3.08834967+4.44089210e-16j   4.63010913-2.22044605e-16j  -1.82510445+0.00000000e+00j   8.45645056+1.11022302e-16j  -6.89707578+0.00000000e+00j  18.89558973-8.88178420e-16j
            7.26645552+0.00000000e+00j  -0.85672575+1.66533454e-16j]
         [ 32.5235514 +1.77635684e-15j  -3.11243139-2.22044605e-16j  10.01291213+0.00000000e+00j   7.8122969 +1.11022302e-16j  -6.63700825-4.44089210e-16j   7.26645552+0.00000000e+00j
           91.99477763+1.77635684e-15j -14.01740636-8.88178420e-16j]
         [  3.38172748+0.00000000e+00j   4.35376767+2.22044605e-16j  -6.54309211-1.11022302e-16j   3.72740402+0.00000000e+00j   5.71466161-4.44089210e-16j  -0.85672575+1.66533454e-16j
          -14.01740636-8.88178420e-16j  17.33660273-8.88178420e-16j]]
        labels=[('kl', 'kCsRuNHL'), ('kl*', 'kCsRuNHL*')],
        shape=(8, 8),
    )
    hessian_by_imag_M: Tensor(
        [[  0.        +0.00000000e+00j  17.80953634-2.66453526e-15j -19.34414532+1.77635684e-15j   6.29559536+4.44089210e-16j  19.28625385+3.55271368e-15j   4.57673044+2.22044605e-16j
           10.96460291-3.55271368e-15j   9.16379901+6.66133815e-16j]
         [-17.80953634+2.66453526e-15j   0.        +0.00000000e+00j  -5.48353049-8.88178420e-16j  -0.40014747+0.00000000e+00j -16.54719873-8.88178420e-16j  -2.24042644+0.00000000e+00j
           -1.72163426-8.88178420e-16j  -3.13308166-4.44089210e-16j]
         [ 19.34414532-1.77635684e-15j   5.48353049+8.88178420e-16j   0.        +0.00000000e+00j  10.1049243 +1.33226763e-15j -13.07560897+1.33226763e-15j  -2.17499745-1.11022302e-16j
           18.41557133-1.77635684e-15j   1.64713565+0.00000000e+00j]
         [ -6.29559536-4.44089210e-16j   0.40014747+0.00000000e+00j -10.1049243 -1.33226763e-15j   0.        +0.00000000e+00j  -3.77230238+0.00000000e+00j  -1.45485741-8.88178420e-16j
           -1.06663269+1.77635684e-15j   1.49958877+0.00000000e+00j]
         [-19.28625385-3.55271368e-15j  16.54719873+8.88178420e-16j  13.07560897-1.33226763e-15j   3.77230238+0.00000000e+00j   0.        +0.00000000e+00j  11.10329622+2.66453526e-15j
            4.73760899+8.88178420e-16j  -3.34263649-8.88178420e-16j]
         [ -4.57673044-2.22044605e-16j   2.24042644+0.00000000e+00j   2.17499745+1.11022302e-16j   1.45485741+8.88178420e-16j -11.10329622-2.66453526e-15j   0.        +0.00000000e+00j
            2.32243498+8.88178420e-16j   0.75351539+2.22044605e-16j]
         [-10.96460291+3.55271368e-15j   1.72163426+8.88178420e-16j -18.41557133+1.77635684e-15j   1.06663269-1.77635684e-15j  -4.73760899-8.88178420e-16j  -2.32243498-8.88178420e-16j
            0.        +0.00000000e+00j   9.54465086-8.88178420e-16j]
         [ -9.16379901-6.66133815e-16j   3.13308166+4.44089210e-16j  -1.64713565+0.00000000e+00j  -1.49958877+0.00000000e+00j   3.34263649+8.88178420e-16j  -0.75351539-2.22044605e-16j
           -9.54465086+8.88178420e-16j   0.        +0.00000000e+00j]]
        labels=[('kl', 'kCsRuNHL'), ('kl*', 'kCsRuNHL*')],
        shape=(8, 8),
    )
    eigvals of hessian_by_real_M: DiagonalTensor(
        [  4.52330066  14.14518781  17.53605931  26.61741159  43.5299594   89.59671004 106.75788114 170.0809594 ]
        labels=['FbOFfxuk', 'FbOFfxuk'],
        shape=(8, 8),
    )
    eigvals of hessian_by_imag_M: DiagonalTensor(
        [-38.48879079 -22.95370744 -19.15222924  -0.68057043   2.65345744   6.16916023  31.68273738  40.76994284]
        labels=['pgOAMoiH', 'pgOAMoiH'],
        shape=(8, 8),
    )
IWROR:
    iter_times, elapsed_time, sqdiff: 300, 0.4677698612213135, 3.775461934989497
    MSN: Tensor(
        [[-0.59024809+0.49489465j -1.25555887+0.25152417j  0.69671187-0.40184885j -0.48675552-0.25941314j]
         [ 0.14303084-0.85646108j -0.71622484-1.22037837j  0.67895665+0.02519728j -0.17906282+0.37075884j]
         [-1.35771169-0.03892476j -0.04723564+0.38330599j -0.54971924+0.44112685j  1.07473009-0.84010711j]
         [-0.32045351+0.9326135j   0.14483233+0.03683841j  0.29431979+0.46167701j -0.42879606-0.92606966j]]
        labels=['kl', 'kr'],
        shape=(4, 4),
    )
    grad_by_real_M: Tensor(
        [-6.28386232e-14-3.77475828e-15j  3.80806497e-14+9.43689571e-16j -3.40838469e-14+2.74780199e-15j  6.32827124e-15-4.44089210e-16j -2.73669976e-14-4.99600361e-16j -1.51701568e-14-2.77555756e-16j
         -2.92266211e-14+2.44249065e-15j  1.16573418e-15+4.44089210e-16j]
        labels=[('kl', 'kCsRuNHL')],
        shape=(8,),
    )
    grad_by_imag_M: Tensor(
        [ 3.84137167e-14+2.33146835e-15j  1.48214774e-14+2.22044605e-16j  2.13162821e-14-1.22124533e-15j -3.33066907e-16-1.44328993e-15j -1.03805853e-14-1.58206781e-15j -8.60422844e-15+4.11129464e-16j
          8.45989945e-14-5.82867088e-16j -2.53130850e-14+1.49880108e-15j]
        labels=[('kl', 'kCsRuNHL')],
        shape=(8,),
    )
    hessian_by_real_M: Tensor(
        [[148.13487023+0.00000000e+00j  -5.89405723+3.55271368e-15j -17.24208454+0.00000000e+00j  -3.5145301 -8.88178420e-16j  49.73593779-1.77635684e-15j  -2.60753439+0.00000000e+00j
           36.92185207-8.88178420e-16j   4.48253766+0.00000000e+00j]
         [ -5.89405723+3.55271368e-15j  31.43194111+2.22044605e-16j   0.74080709+4.44089210e-16j   5.4667027 +1.66533454e-16j -12.58042245+1.77635684e-15j   6.41431395+0.00000000e+00j
           -2.74281013+8.88178420e-16j   5.94560036-2.22044605e-16j]
         [-17.24208454+0.00000000e+00j   0.74080709+4.44089210e-16j  99.98859359+1.77635684e-15j   2.1367516 +0.00000000e+00j   1.18937657-3.55271368e-15j  -0.20303407-3.33066907e-16j
           11.41241525+1.77635684e-15j  -8.49102496+2.22044605e-16j]
         [ -3.5145301 -8.88178420e-16j   5.4667027 +1.66533454e-16j   2.1367516 +0.00000000e+00j  20.40578036-4.44089210e-16j -20.3097749 +4.44089210e-16j   9.5868495 -2.22044605e-16j
           10.55015819+0.00000000e+00j   4.68122048-4.44089210e-16j]
         [ 49.73593779-1.77635684e-15j -12.58042245+1.77635684e-15j   1.18937657-3.55271368e-15j -20.3097749 +4.44089210e-16j  90.64730193+0.00000000e+00j  -5.37035348+0.00000000e+00j
           -7.73472374-4.44089210e-16j   5.81166384-4.44089210e-16j]
         [ -2.60753439+0.00000000e+00j   6.41431395+0.00000000e+00j  -0.20303407-3.33066907e-16j   9.5868495 -2.22044605e-16j  -5.37035348+0.00000000e+00j  23.68421324+8.88178420e-16j
            8.40745646+4.44089210e-16j  -0.96081324+1.66533454e-16j]
         [ 36.92185207-8.88178420e-16j  -2.74281013+8.88178420e-16j  11.41241525+1.77635684e-15j  10.55015819+0.00000000e+00j  -7.73472374-4.44089210e-16j   8.40745646+4.44089210e-16j
          100.44180198+0.00000000e+00j -12.91044664+1.77635684e-15j]
         [  4.48253766+0.00000000e+00j   5.94560036-2.22044605e-16j  -8.49102496+2.22044605e-16j   4.68122048-4.44089210e-16j   5.81166384-4.44089210e-16j  -0.96081324+1.66533454e-16j
          -12.91044664+1.77635684e-15j  21.23380652-8.88178420e-16j]]
        labels=[('kl', 'kCsRuNHL'), ('kl*', 'kCsRuNHL*')],
        shape=(8, 8),
    )
    hessian_by_imag_M: Tensor(
        [[  0.        +0.00000000e+00j  33.31060648+8.88178420e-16j -18.76456042+3.55271368e-15j   6.36625675+1.11022302e-15j  17.2323576 +0.00000000e+00j   9.02121268+8.88178420e-16j
           10.03778917+3.55271368e-15j  13.54587985-8.88178420e-16j]
         [-33.31060648-8.88178420e-16j   0.        +0.00000000e+00j  -6.84393479+0.00000000e+00j  -0.18903439+4.44089210e-16j -20.88296911+1.77635684e-15j  -3.49361228+4.44089210e-16j
           -4.6326609 -8.88178420e-16j  -3.83785318+0.00000000e+00j]
         [ 18.76456042-3.55271368e-15j   6.84393479+0.00000000e+00j   0.        +0.00000000e+00j  20.53967817-4.44089210e-16j -17.84562774+4.44089210e-16j  -0.74320076+2.22044605e-16j
           22.88096403-5.32907052e-15j   3.58089598+0.00000000e+00j]
         [ -6.36625675-1.11022302e-15j   0.18903439-4.44089210e-16j -20.53967817+4.44089210e-16j   0.        +0.00000000e+00j  -5.75955915+0.00000000e+00j  -2.85830721+0.00000000e+00j
           -2.64995574+0.00000000e+00j   2.69600596-4.44089210e-16j]
         [-17.2323576 +0.00000000e+00j  20.88296911-1.77635684e-15j  17.84562774-4.44089210e-16j   5.75955915+0.00000000e+00j   0.        +0.00000000e+00j  21.48850457-8.88178420e-16j
            5.32483861+0.00000000e+00j  -3.76256745-8.88178420e-16j]
         [ -9.02121268-8.88178420e-16j   3.49361228-4.44089210e-16j   0.74320076-2.22044605e-16j   2.85830721+0.00000000e+00j -21.48850457+8.88178420e-16j   0.        +0.00000000e+00j
            2.85810456+0.00000000e+00j   0.97313117+6.66133815e-16j]
         [-10.03778917-3.55271368e-15j   4.6326609 +8.88178420e-16j -22.88096403+5.32907052e-15j   2.64995574+0.00000000e+00j  -5.32483861+0.00000000e+00j  -2.85810456+0.00000000e+00j
            0.        +0.00000000e+00j  19.39871642+8.88178420e-16j]
         [-13.54587985+8.88178420e-16j   3.83785318+0.00000000e+00j  -3.58089598+0.00000000e+00j  -2.69600596+4.44089210e-16j   3.76256745+8.88178420e-16j  -0.97313117-6.66133815e-16j
          -19.39871642-8.88178420e-16j   0.        +0.00000000e+00j]]
        labels=[('kl', 'kCsRuNHL'), ('kl*', 'kCsRuNHL*')],
        shape=(8, 8),
    )
    eigvals of hessian_by_real_M: DiagonalTensor(
        [  6.19006442  18.61131022  21.26812887  33.93598598  49.54513923  98.52383682 118.6706069  189.22323652]
        labels=['NwrQsjlN', 'NwrQsjlN'],
        shape=(8, 8),
    )
    eigvals of hessian_by_imag_M: DiagonalTensor(
        [-48.54417509 -35.50964455 -33.78024754  -4.08681038   8.37644162  16.99161789  43.68492809  52.86788996]
        labels=['urcWnHFx', 'urcWnHFx'],
        shape=(8, 8),
    )
WLBOR:
    iter_times, elapsed_time, sqdiff: 300, 1.2721431255340576, 2.836241621705268
    MSN: Tensor(
        [[-0.03984907+0.63320599j -1.41363391+0.96407493j  1.01238212+0.28417538j -0.96615282-0.03175852j]
         [ 0.16671491-0.41079137j -1.03382667-0.69194589j -0.16990671+0.19835388j -0.15331514+0.34371152j]
         [-1.52149441-0.05443814j -0.30588933+0.8332474j  -0.12480882+0.94299719j  1.17703938-1.12053209j]
         [-0.36221743+0.41343436j -0.33571161-1.26473004j -0.01310485+0.74020494j -0.38093643-1.05854338j]]
        labels=['kl', 'kr'],
        shape=(4, 4),
    )
    grad_by_real_M: Tensor(
        [-3.82613663e-09+2.77555756e-15j -1.31864333e-08+3.40005801e-16j  1.41002865e-08+5.55111512e-16j  2.41277461e-09-5.96744876e-16j  9.09922748e-09+3.33066907e-16j  6.48214056e-09-1.47798440e-15j
         -1.11996159e-08-3.10862447e-15j -2.60563089e-08-2.77555756e-16j]
        labels=[('kl', 'kCsRuNHL')],
        shape=(8,),
    )
    grad_by_imag_M: Tensor(
        [ 3.09688730e-09+9.99200722e-16j -1.44519538e-08+2.22044605e-15j -1.49147271e-08+1.08246745e-15j -3.84498093e-08+2.28983499e-15j  2.92048340e-08-2.22044605e-16j -1.47553330e-08+9.71445147e-17j
         -2.34399333e-08-8.88178420e-16j  1.19500823e-08+4.02455846e-16j]
        labels=[('kl', 'kCsRuNHL')],
        shape=(8,),
    )
    hessian_by_real_M: Tensor(
        [[113.9475036 +3.55271368e-15j -11.2722588 -8.88178420e-16j -10.06375045+8.88178420e-16j   0.6111488 -6.66133815e-16j  42.89360521+0.00000000e+00j   4.55025789-2.22044605e-16j
           25.43959505+4.44089210e-16j  12.0136657 -8.88178420e-16j]
         [-11.2722588 -8.88178420e-16j  51.23915342+0.00000000e+00j  -4.50123248+0.00000000e+00j   9.82664855-6.66133815e-16j  -9.76669377+8.88178420e-16j  -3.17102431-8.88178420e-16j
          -19.25035902-4.44089210e-16j  12.76405688-8.88178420e-16j]
         [-10.06375045+8.88178420e-16j  -4.50123248+0.00000000e+00j  67.05981408+0.00000000e+00j  -2.33669745+0.00000000e+00j  10.76690849-4.44089210e-16j  -1.90231611+2.22044605e-16j
            8.60603842+8.88178420e-16j -12.39619131+0.00000000e+00j]
         [  0.6111488 -6.66133815e-16j   9.82664855-6.66133815e-16j  -2.33669745+0.00000000e+00j  48.29410279+0.00000000e+00j -31.94828279+8.88178420e-16j  13.09102928-8.88178420e-16j
           16.22390759+8.88178420e-16j   1.75170636+2.22044605e-16j]
         [ 42.89360521+0.00000000e+00j  -9.76669377+8.88178420e-16j  10.76690849-4.44089210e-16j -31.94828279+8.88178420e-16j  74.7638657 +0.00000000e+00j -10.36890156-1.33226763e-15j
          -12.12866787+8.88178420e-16j  12.93255369-4.44089210e-16j]
         [  4.55025789-2.22044605e-16j  -3.17102431-8.88178420e-16j  -1.90231611+2.22044605e-16j  13.09102928-8.88178420e-16j -10.36890156-1.33226763e-15j  36.19146814-1.77635684e-15j
            4.58812693-1.11022302e-16j   4.34284958+4.44089210e-16j]
         [ 25.43959505+4.44089210e-16j -19.25035902-4.44089210e-16j   8.60603842+8.88178420e-16j  16.22390759+8.88178420e-16j -12.12866787+8.88178420e-16j   4.58812693-1.11022302e-16j
           85.66478092+3.55271368e-15j -22.98731323-8.88178420e-16j]
         [ 12.0136657 -8.88178420e-16j  12.76405688-8.88178420e-16j -12.39619131+0.00000000e+00j   1.75170636+2.22044605e-16j  12.93255369-4.44089210e-16j   4.34284958+4.44089210e-16j
          -22.98731323-8.88178420e-16j  45.06829406-3.55271368e-15j]]
        labels=[('kl', 'kCsRuNHL'), ('kl*', 'kCsRuNHL*')],
        shape=(8, 8),
    )
    hessian_by_imag_M: Tensor(
        [[  0.        +0.00000000e+00j  12.70610949+2.66453526e-15j -13.4302446 -1.77635684e-15j  -1.00785948-4.44089210e-16j  17.85480843+0.00000000e+00j  -1.4332458 +0.00000000e+00j
            7.94593245+0.00000000e+00j   9.20157778+1.77635684e-15j]
         [-12.70610949-2.66453526e-15j   0.        +0.00000000e+00j -14.74255222+4.44089210e-16j  -3.82360589+0.00000000e+00j -13.66568992+0.00000000e+00j -11.1481894 +8.88178420e-16j
            4.36017344+0.00000000e+00j  -1.02685546+8.88178420e-16j]
         [ 13.4302446 +1.77635684e-15j  14.74255222-4.44089210e-16j   0.        +0.00000000e+00j   8.33249741-2.22044605e-16j  -1.61076746+0.00000000e+00j   1.75238489-6.66133815e-16j
           10.32084215+2.66453526e-15j   5.0419116 -8.88178420e-16j]
         [  1.00785948+4.44089210e-16j   3.82360589+0.00000000e+00j  -8.33249741+2.22044605e-16j   0.        +0.00000000e+00j  -9.22147026+0.00000000e+00j  -4.57236876+8.88178420e-16j
            7.16303331+0.00000000e+00j   3.67164167+2.22044605e-16j]
         [-17.85480843+0.00000000e+00j  13.66568992+0.00000000e+00j   1.61076746+0.00000000e+00j   9.22147026+0.00000000e+00j   0.        +0.00000000e+00j  -0.19175463+8.88178420e-16j
            4.30327509+0.00000000e+00j  -5.93133372-8.88178420e-16j]
         [  1.4332458 +0.00000000e+00j  11.1481894 -8.88178420e-16j  -1.75238489+6.66133815e-16j   4.57236876-8.88178420e-16j   0.19175463-8.88178420e-16j   0.        +0.00000000e+00j
           -1.59384149-8.88178420e-16j   6.25647226-8.88178420e-16j]
         [ -7.94593245+0.00000000e+00j  -4.36017344+0.00000000e+00j -10.32084215-2.66453526e-15j  -7.16303331+0.00000000e+00j  -4.30327509+0.00000000e+00j   1.59384149+8.88178420e-16j
            0.        +0.00000000e+00j   1.43442553+1.77635684e-15j]
         [ -9.20157778-1.77635684e-15j   1.02685546-8.88178420e-16j  -5.0419116 +8.88178420e-16j  -3.67164167-2.22044605e-16j   5.93133372+8.88178420e-16j  -6.25647226+8.88178420e-16j
           -1.43442553-1.77635684e-15j   0.        +0.00000000e+00j]]
        labels=[('kl', 'kCsRuNHL'), ('kl*', 'kCsRuNHL*')],
        shape=(8, 8),
    )
    eigvals of hessian_by_real_M: DiagonalTensor(
        [ 15.3978497   22.40539588  27.07333792  40.23349805  56.06996388  89.93085534 119.60832903 151.50975291]
        labels=['ZtiIRyjG', 'ZtiIRyjG'],
        shape=(8, 8),
    )
    eigvals of hessian_by_imag_M: DiagonalTensor(
        [-31.87422707 -19.90362212 -17.00780558  -7.45695547   6.50830043  10.70025031  24.86760268  34.16645682]
        labels=['MYSAtXPw', 'MYSAtXPw'],
        shape=(8, 8),
    )
WNAG:
    iter_times, elapsed_time, sqdiff: 300, 0.45454883575439453, 2.8629625702699886
    MSN: Tensor(
        [[-0.04218273+0.64385417j -1.40062445+0.98649216j  1.02164674+0.2798407j  -0.96790517-0.03572569j]
         [ 0.16768364-0.4045735j  -1.0331802 -0.68490125j -0.1637208 +0.19728163j -0.15910991+0.34233734j]
         [-1.52188913-0.07024726j -0.3221299 +0.82775407j -0.13356287+0.94475628j  1.18655934-1.1092157j ]
         [-0.37599797+0.41233742j -0.35557776-1.25028822j -0.00890021+0.75103605j -0.37479934-1.06405029j]]
        labels=['kl', 'kr'],
        shape=(4, 4),
    )
    grad_by_real_M: Tensor(
        [-0.34780748+1.55431223e-15j  1.21185817-5.10702591e-15j -0.31364408-1.39124823e-15j  1.22250674+4.49640325e-15j -0.01959708-6.10622664e-16j  0.25352872+2.22044605e-15j -0.23139362+6.10622664e-16j
          0.99684715-1.77635684e-15j]
        labels=[('kl', 'kCsRuNHL')],
        shape=(8,),
    )
    grad_by_imag_M: Tensor(
        [ 0.24023512-6.93889390e-16j -1.06955081+3.55271368e-15j -0.04400868+7.21644966e-16j  0.00192701-3.55271368e-15j -0.31239229+2.63677968e-16j  1.25350586-1.94289029e-15j -0.15615739+4.16333634e-16j
          0.44162631-2.22044605e-16j]
        labels=[('kl', 'kCsRuNHL')],
        shape=(8,),
    )
    hessian_by_real_M: Tensor(
        [[ 10.48182625+0.00000000e+00j -38.47448812+0.00000000e+00j   0.61468359-1.11022302e-16j  -3.61401544-4.44089210e-16j  -0.42759733-1.11022302e-16j   1.63394902+0.00000000e+00j
            2.59010561+2.22044605e-16j  -6.62793367+0.00000000e+00j]
         [-38.47448812+0.00000000e+00j 149.90384236+7.10542736e-15j  -1.30257889+0.00000000e+00j   8.88746969+0.00000000e+00j   1.77633942+8.88178420e-16j  -5.12151303+1.77635684e-15j
          -12.25919809+4.44089210e-16j  36.43370488+0.00000000e+00j]
         [  0.61468359-1.11022302e-16j  -1.30257889+0.00000000e+00j   9.73923773-4.44089210e-16j -36.25986821+1.33226763e-15j   1.18189431-1.66533454e-16j  -2.32494784+2.22044605e-16j
            0.79502298+1.66533454e-16j  -3.7432298 -2.22044605e-16j]
         [ -3.61401544-4.44089210e-16j   8.88746969+0.00000000e+00j -36.25986821+1.33226763e-15j 141.56107675-7.10542736e-15j  -4.79925326+2.22044605e-16j  10.04170301-8.88178420e-16j
           -2.28001258+0.00000000e+00j  12.32720126-1.77635684e-15j]
         [ -0.42759733-1.11022302e-16j   1.77633942+8.88178420e-16j   1.18189431-1.66533454e-16j  -4.79925326+2.22044605e-16j   8.32912126+0.00000000e+00j -30.19312495+0.00000000e+00j
            1.25121415+0.00000000e+00j  -3.93539842+0.00000000e+00j]
         [  1.63394902+0.00000000e+00j  -5.12151303+1.77635684e-15j  -2.32494784+2.22044605e-16j  10.04170301-8.88178420e-16j -30.19312495+0.00000000e+00j 116.09253639+0.00000000e+00j
           -6.38843881+4.44089210e-16j  21.42192209+1.77635684e-15j]
         [  2.59010561+2.22044605e-16j -12.25919809+4.44089210e-16j   0.79502298+1.66533454e-16j  -2.28001258+0.00000000e+00j   1.25121415+0.00000000e+00j  -6.38843881+4.44089210e-16j
            9.43859328+0.00000000e+00j -33.60459897-4.44089210e-16j]
         [ -6.62793367+0.00000000e+00j  36.43370488+0.00000000e+00j  -3.7432298 -2.22044605e-16j  12.32720126-1.77635684e-15j  -3.93539842+0.00000000e+00j  21.42192209+1.77635684e-15j
          -33.60459897-4.44089210e-16j 126.45794524+7.10542736e-15j]]
        labels=[('kl', 'kCsRuNHL'), ('kl*', 'kCsRuNHL*')],
        shape=(8, 8),
    )
    hessian_by_imag_M: Tensor(
        [[  0.        +0.00000000e+00j  -8.05537505+3.55271368e-15j  -1.15115543-1.11022302e-16j   5.15311847+2.22044605e-16j  -1.11848622+5.55111512e-17j   4.58108301+2.22044605e-16j
            2.40529344+0.00000000e+00j -10.74474788+4.44089210e-16j]
         [  8.05537505-3.55271368e-15j   0.        +0.00000000e+00j   4.44846227+0.00000000e+00j -21.11132068-1.77635684e-15j   5.30128991-2.22044605e-16j -20.54190979-8.88178420e-16j
           -6.87236603+0.00000000e+00j  34.97087721+3.55271368e-15j]
         [  1.15115543+1.11022302e-16j  -4.44846227+0.00000000e+00j   0.        +0.00000000e+00j  -7.00331651-3.55271368e-15j   0.85698647+2.22044605e-16j  -2.53618326-2.22044605e-16j
           -0.58710293+0.00000000e+00j   0.54854978-4.44089210e-16j]
         [ -5.15311847-2.22044605e-16j  21.11132068+1.77635684e-15j   7.00331651+3.55271368e-15j   0.        +0.00000000e+00j  -2.39102929-4.44089210e-16j   7.59405016-1.77635684e-15j
            2.20043871+2.22044605e-16j  -2.49514486-1.77635684e-15j]
         [  1.11848622-5.55111512e-17j  -5.30128991+2.22044605e-16j  -0.85698647-2.22044605e-16j   2.39102929+4.44089210e-16j   0.        +0.00000000e+00j  -6.56579342+0.00000000e+00j
            1.65550331-2.22044605e-16j  -6.68598112+8.88178420e-16j]
         [ -4.58108301-2.22044605e-16j  20.54190979+8.88178420e-16j   2.53618326+2.22044605e-16j  -7.59405016+1.77635684e-15j   6.56579342+0.00000000e+00j   0.        +0.00000000e+00j
           -4.91002698+0.00000000e+00j  21.20163989+0.00000000e+00j]
         [ -2.40529344+0.00000000e+00j   6.87236603+0.00000000e+00j   0.58710293+0.00000000e+00j  -2.20043871-2.22044605e-16j  -1.65550331+2.22044605e-16j   4.91002698+0.00000000e+00j
            0.        +0.00000000e+00j  -6.97570181-3.55271368e-15j]
         [ 10.74474788-4.44089210e-16j -34.97087721-3.55271368e-15j  -0.54854978+4.44089210e-16j   2.49514486+1.77635684e-15j   6.68598112-8.88178420e-16j -21.20163989+0.00000000e+00j
            6.97570181+3.55271368e-15j   0.        +0.00000000e+00j]]
        labels=[('kl', 'kCsRuNHL'), ('kl*', 'kCsRuNHL*')],
        shape=(8, 8),
    )
    eigvals of hessian_by_real_M: DiagonalTensor(
        [  0.25112225   0.37058241   0.45574235   0.63021933  91.92976185 131.30283809 150.68722193 196.37669105]
        labels=['ZtiIRyjG', 'ZtiIRyjG'],
        shape=(8, 8),
    )
    eigvals of hessian_by_imag_M: DiagonalTensor(
        [-49.83450605 -27.45457753  -0.56026422   2.68375817   4.34563031   4.56712405  12.4740075   53.77882779]
        labels=['MYSAtXPw', 'MYSAtXPw'],
        shape=(8, 8),
    )
SNAG:
    iter_times, elapsed_time, sqdiff: 300, 0.41176700592041016, 2.8362416217052715
    MSN: Tensor(
        [[-0.03984907+0.63320599j -1.4136339 +0.96407493j  1.01238212+0.28417538j -0.96615283-0.03175852j]
         [ 0.16671491-0.41079137j -1.03382667-0.69194589j -0.16990671+0.19835388j -0.15331514+0.34371152j]
         [-1.52149441-0.05443814j -0.30588933+0.8332474j  -0.12480882+0.94299719j  1.17703938-1.1205321j ]
         [-0.36221743+0.41343436j -0.33571161-1.26473004j -0.01310485+0.74020494j -0.38093643-1.05854338j]]
        labels=['kl', 'kr'],
        shape=(4, 4),
    )
    grad_by_real_M: Tensor(
        [-4.88498131e-15-4.44089210e-16j -2.44249065e-15+5.55111512e-17j  6.82787160e-15-7.43247694e-16j  2.77555756e-15+5.55111512e-16j -4.49640325e-15-1.38777878e-15j -2.33580516e-15+4.71844785e-16j
         -1.15463195e-14+1.11022302e-16j  1.16573418e-15-2.49800181e-16j]
        labels=[('kl', 'kCsRuNHL')],
        shape=(8,),
    )
    grad_by_imag_M: Tensor(
        [-2.19824159e-14-5.55111512e-16j  1.26010313e-14+8.88178420e-16j  5.73366766e-15+1.49880108e-15j -8.27116153e-15-3.33066907e-16j -2.49800181e-15+8.88178420e-16j  1.02695630e-15-1.22298005e-16j
         -5.88418203e-15-1.33226763e-15j  2.74780199e-15+2.77555756e-16j]
        labels=[('kl', 'kCsRuNHL')],
        shape=(8,),
    )
    hessian_by_real_M: Tensor(
        [[ 45.16425331+0.00000000e+00j -14.40933657+8.88178420e-16j  -2.41337856+0.00000000e+00j   3.45533226+4.44089210e-16j  14.07858426-4.44089210e-16j  -7.42262668-2.22044605e-16j
            9.73890108+0.00000000e+00j  -3.60191314+2.22044605e-16j]
         [-14.40933657+8.88178420e-16j  11.23339346-4.44089210e-16j   1.39588303-8.88178420e-16j  -1.38098312+2.22044605e-16j  -1.36170428-4.44089210e-16j   2.95965151+0.00000000e+00j
           -2.66865389-4.44089210e-16j   2.6213717 +0.00000000e+00j]
         [ -2.41337856+0.00000000e+00j   1.39588303-8.88178420e-16j  31.83112938+4.44089210e-16j -10.10275068-4.44089210e-16j  -1.78971607-8.88178420e-16j   2.02345903-5.55111512e-17j
            4.25992503+8.88178420e-16j  -2.81707086-4.44089210e-16j]
         [  3.45533226+4.44089210e-16j  -1.38098312+2.22044605e-16j -10.10275068-4.44089210e-16j   7.41402261+2.22044605e-16j   2.04731851+0.00000000e+00j   0.78452065+1.11022302e-16j
           -0.88983701+4.44089210e-16j   1.0342789 +0.00000000e+00j]
         [ 14.07858426-4.44089210e-16j  -1.36170428-4.44089210e-16j  -1.78971607-8.88178420e-16j   2.04731851+0.00000000e+00j  28.00080325-8.88178420e-16j -10.38936511+0.00000000e+00j
            0.503398  -2.77555756e-16j  -0.65261099+2.22044605e-16j]
         [ -7.42262668-2.22044605e-16j   2.95965151+0.00000000e+00j   2.02345903-5.55111512e-17j   0.78452065+1.11022302e-16j -10.38936511+0.00000000e+00j   8.62187437+2.22044605e-16j
           -0.50783548+1.11022302e-16j  -0.55546816-2.22044605e-16j]
         [  9.73890108+0.00000000e+00j  -2.66865389-4.44089210e-16j   4.25992503+8.88178420e-16j  -0.88983701+4.44089210e-16j   0.503398  -2.77555756e-16j  -0.50783548+1.11022302e-16j
           27.37442506+0.00000000e+00j  -9.63471897+0.00000000e+00j]
         [ -3.60191314+2.22044605e-16j   2.6213717 +0.00000000e+00j  -2.81707086-4.44089210e-16j   1.0342789 +0.00000000e+00j  -0.65261099+2.22044605e-16j  -0.55546816-2.22044605e-16j
           -9.63471897+0.00000000e+00j   9.75927573+0.00000000e+00j]]
        labels=[('kl', 'kCsRuNHL'), ('kl*', 'kCsRuNHL*')],
        shape=(8, 8),
    )
    hessian_by_imag_M: Tensor(
