b=4, chi=2, seed=636, 
NOR:
    iter_times, elapsed_time, sqdiff: 300, 0.426069974899292, 4.9350948296454815
    MSN: Tensor(
        [[ 0.55590439+0.48982528j  0.7492301 -0.22363417j -0.52469423-0.15806436j  0.18186725-0.44341032j]
         [ 0.19337027-1.03957004j -0.67938028+1.37600091j  0.2406894 -0.30221282j -0.14245802-0.82874266j]
         [-0.45094059-0.2362414j  -0.43696057-0.75613834j  0.3044602 +0.52616099j -0.34654333+0.74778297j]
         [ 0.94749819+1.32429346j  0.95391625-0.84211588j -0.7107437 -0.19225985j  0.72262313-0.34007019j]]
        labels=['kl', 'kr'],
        shape=(4, 4),
    )
    grad_by_reM_reM: Tensor(
        [-3.05311332e-15+1.11022302e-16j  2.55351296e-15-1.38777878e-15j  3.55271368e-15+7.77156117e-16j -4.07052864e-15-5.55111512e-16j  1.33226763e-15-6.38378239e-16j  1.02695630e-14-1.11022302e-16j
          7.38298311e-15+1.66533454e-16j -1.81105131e-15+6.66133815e-16j]
        labels=[('kl', 'CMtTbinF')],
        shape=(8,),
    )
    grad_by_imM_imM: Tensor(
        [-2.77555756e-15+6.10622664e-16j -2.85882429e-15+1.66533454e-15j -7.43849426e-15-2.22044605e-16j -1.11022302e-15+7.76288755e-16j -7.41073869e-15-2.22044605e-16j -8.54871729e-15+3.88578059e-16j
          1.19348975e-14+5.55111512e-17j -2.33146835e-15+9.22872889e-16j]
        labels=[('kl', 'CMtTbinF')],
        shape=(8,),
    )
    hessian_by_M_M: [[ 45.37904446+4.44089210e-16j  -5.72761159-1.77635684e-15j  -0.29390604+8.88178420e-16j  -3.27704183+0.00000000e+00j   4.49582469+4.44089210e-16j   8.05016572-4.44089210e-16j
       -6.27313173+8.88178420e-16j   2.40318499-8.88178420e-16j   0.        +0.00000000e+00j -16.38368532+4.44089210e-16j  -1.02303829-5.55111512e-17j  -5.66377081+4.44089210e-16j
        5.28911748-1.33226763e-15j   5.02841098+0.00000000e+00j   8.36084472-8.88178420e-16j -10.48491279-6.66133815e-16j]
     [ -5.72761159-1.77635684e-15j  31.29212643-4.44089210e-16j  -7.59586436+2.22044605e-16j   2.5933666 -6.66133815e-16j  -8.54196998+4.44089210e-16j   4.3260214 +0.00000000e+00j
       -9.99811412+0.00000000e+00j  -1.62193419+1.33226763e-15j  16.38368532-4.44089210e-16j   0.        +0.00000000e+00j   1.85159583+8.88178420e-16j   0.89405035+0.00000000e+00j
        4.07507359+0.00000000e+00j  -1.97889445+4.44089210e-16j  -6.52433087+0.00000000e+00j   4.62786924+2.22044605e-16j]
     [ -0.29390604+8.88178420e-16j  -7.59586436+2.22044605e-16j  48.45129214+0.00000000e+00j  -2.15993326-1.33226763e-15j  10.65297191+0.00000000e+00j  -2.48853999+0.00000000e+00j
        2.12095809-8.88178420e-16j   0.61235076+0.00000000e+00j   1.02303829+5.55111512e-17j  -1.85159583-8.88178420e-16j   0.        +0.00000000e+00j  -5.87368554+4.44089210e-16j
      -12.62709108-8.88178420e-16j  -1.61390661-8.88178420e-16j  -4.65205312-1.77635684e-15j -20.55446907+4.44089210e-16j]
     [ -3.27704183+0.00000000e+00j   2.5933666 -6.66133815e-16j  -2.15993326-1.33226763e-15j  16.84673995-4.44089210e-16j  -1.96710203+0.00000000e+00j -10.20956731+5.55111512e-16j
        1.3403676 +0.00000000e+00j   9.95673032-4.44089210e-16j   5.66377081-4.44089210e-16j  -0.89405035+0.00000000e+00j   5.87368554-4.44089210e-16j   0.        +0.00000000e+00j
        4.78878599-2.22044605e-16j   0.516462  +0.00000000e+00j   4.10648798+0.00000000e+00j  -2.35522019+0.00000000e+00j]
     [  4.49582469+4.44089210e-16j  -8.54196998+4.44089210e-16j  10.65297191+0.00000000e+00j  -1.96710203+0.00000000e+00j  47.68334968+8.88178420e-16j   0.99716962-4.44089210e-15j
       12.03451315-4.44089210e-16j  13.4085888 +1.77635684e-15j  -5.28911748+1.33226763e-15j  -4.07507359+0.00000000e+00j  12.62709108+8.88178420e-16j  -4.78878599+2.22044605e-16j
        0.        +0.00000000e+00j -15.18323104-8.88178420e-16j  -6.22047975+1.77635684e-15j  -8.68125702+0.00000000e+00j]
     [  8.05016572-4.44089210e-16j   4.3260214 +0.00000000e+00j  -2.48853999+0.00000000e+00j -10.20956731+5.55111512e-16j   0.99716962-4.44089210e-15j  46.60760008-1.77635684e-15j
        5.32240424-2.22044605e-16j  -1.31200434+6.66133815e-16j  -5.02841098+0.00000000e+00j   1.97889445-4.44089210e-16j   1.61390661+8.88178420e-16j  -0.516462  +0.00000000e+00j
       15.18323104+8.88178420e-16j   0.        +0.00000000e+00j  -2.7193389 -4.44089210e-16j  -1.23852408+4.44089210e-16j]
     [ -6.27313173+8.88178420e-16j  -9.99811412+0.00000000e+00j   2.12095809-8.88178420e-16j   1.3403676 +0.00000000e+00j  12.03451315-4.44089210e-16j   5.32240424-2.22044605e-16j
       40.72582509+0.00000000e+00j   1.0788689 -2.66453526e-15j  -8.36084472+8.88178420e-16j   6.52433087+0.00000000e+00j   4.65205312+1.77635684e-15j  -4.10648798+0.00000000e+00j
        6.22047975-1.77635684e-15j   2.7193389 +4.44089210e-16j   0.        +0.00000000e+00j  -8.67820092+2.22044605e-16j]
     [  2.40318499-8.88178420e-16j  -1.62193419+1.33226763e-15j   0.61235076+0.00000000e+00j   9.95673032-4.44089210e-16j  13.4085888 +1.77635684e-15j  -1.31200434+6.66133815e-16j
        1.0788689 -2.66453526e-15j  38.40508192+8.88178420e-16j  10.48491279+6.66133815e-16j  -4.62786924-2.22044605e-16j  20.55446907-4.44089210e-16j   2.35522019+0.00000000e+00j
        8.68125702+0.00000000e+00j   1.23852408-4.44089210e-16j   8.67820092-2.22044605e-16j   0.        +0.00000000e+00j]
     [  0.        +0.00000000e+00j  16.38368532-4.44089210e-16j   1.02303829+5.55111512e-17j   5.66377081-4.44089210e-16j  -5.28911748+1.33226763e-15j  -5.02841098+0.00000000e+00j
       -8.36084472+8.88178420e-16j  10.48491279+6.66133815e-16j  45.37904446+4.44089210e-16j  -5.72761159-1.77635684e-15j  -0.29390604+8.88178420e-16j  -3.27704183+0.00000000e+00j
        4.49582469+4.44089210e-16j   8.05016572-4.44089210e-16j  -6.27313173+8.88178420e-16j   2.40318499-8.88178420e-16j]
     [-16.38368532+4.44089210e-16j   0.        +0.00000000e+00j  -1.85159583-8.88178420e-16j  -0.89405035+0.00000000e+00j  -4.07507359+0.00000000e+00j   1.97889445-4.44089210e-16j
        6.52433087+0.00000000e+00j  -4.62786924-2.22044605e-16j  -5.72761159-1.77635684e-15j  31.29212643-4.44089210e-16j  -7.59586436+2.22044605e-16j   2.5933666 -6.66133815e-16j
       -8.54196998+4.44089210e-16j   4.3260214 +0.00000000e+00j  -9.99811412+0.00000000e+00j  -1.62193419+1.33226763e-15j]
     [ -1.02303829-5.55111512e-17j   1.85159583+8.88178420e-16j   0.        +0.00000000e+00j   5.87368554-4.44089210e-16j  12.62709108+8.88178420e-16j   1.61390661+8.88178420e-16j
        4.65205312+1.77635684e-15j  20.55446907-4.44089210e-16j  -0.29390604+8.88178420e-16j  -7.59586436+2.22044605e-16j  48.45129214+0.00000000e+00j  -2.15993326-1.33226763e-15j
       10.65297191+0.00000000e+00j  -2.48853999+0.00000000e+00j   2.12095809-8.88178420e-16j   0.61235076+0.00000000e+00j]
     [ -5.66377081+4.44089210e-16j   0.89405035+0.00000000e+00j  -5.87368554+4.44089210e-16j   0.        +0.00000000e+00j  -4.78878599+2.22044605e-16j  -0.516462  +0.00000000e+00j
       -4.10648798+0.00000000e+00j   2.35522019+0.00000000e+00j  -3.27704183+0.00000000e+00j   2.5933666 -6.66133815e-16j  -2.15993326-1.33226763e-15j  16.84673995-4.44089210e-16j
       -1.96710203+0.00000000e+00j -10.20956731+5.55111512e-16j   1.3403676 +0.00000000e+00j   9.95673032-4.44089210e-16j]
     [  5.28911748-1.33226763e-15j   4.07507359+0.00000000e+00j -12.62709108-8.88178420e-16j   4.78878599-2.22044605e-16j   0.        +0.00000000e+00j  15.18323104+8.88178420e-16j
        6.22047975-1.77635684e-15j   8.68125702+0.00000000e+00j   4.49582469+4.44089210e-16j  -8.54196998+4.44089210e-16j  10.65297191+0.00000000e+00j  -1.96710203+0.00000000e+00j
       47.68334968+8.88178420e-16j   0.99716962-4.44089210e-15j  12.03451315-4.44089210e-16j  13.4085888 +1.77635684e-15j]
     [  5.02841098+0.00000000e+00j  -1.97889445+4.44089210e-16j  -1.61390661-8.88178420e-16j   0.516462  +0.00000000e+00j -15.18323104-8.88178420e-16j   0.        +0.00000000e+00j
        2.7193389 +4.44089210e-16j   1.23852408-4.44089210e-16j   8.05016572-4.44089210e-16j   4.3260214 +0.00000000e+00j  -2.48853999+0.00000000e+00j -10.20956731+5.55111512e-16j
        0.99716962-4.44089210e-15j  46.60760008-1.77635684e-15j   5.32240424-2.22044605e-16j  -1.31200434+6.66133815e-16j]
     [  8.36084472-8.88178420e-16j  -6.52433087+0.00000000e+00j  -4.65205312-1.77635684e-15j   4.10648798+0.00000000e+00j  -6.22047975+1.77635684e-15j  -2.7193389 -4.44089210e-16j
        0.        +0.00000000e+00j   8.67820092-2.22044605e-16j  -6.27313173+8.88178420e-16j  -9.99811412+0.00000000e+00j   2.12095809-8.88178420e-16j   1.3403676 +0.00000000e+00j
       12.03451315-4.44089210e-16j   5.32240424-2.22044605e-16j  40.72582509+0.00000000e+00j   1.0788689 -2.66453526e-15j]
     [-10.48491279-6.66133815e-16j   4.62786924+2.22044605e-16j -20.55446907+4.44089210e-16j  -2.35522019+0.00000000e+00j  -8.68125702+0.00000000e+00j  -1.23852408+4.44089210e-16j
       -8.67820092+2.22044605e-16j   0.        +0.00000000e+00j   2.40318499-8.88178420e-16j  -1.62193419+1.33226763e-15j   0.61235076+0.00000000e+00j   9.95673032-4.44089210e-16j
       13.4085888 +1.77635684e-15j  -1.31200434+6.66133815e-16j   1.0788689 -2.66453526e-15j  38.40508192+8.88178420e-16j]]
