b=4, chi=2, seed=805, 
NOR:
    iter_times, elapsed_time, sqdiff: 300, 0.4065842628479004, 2.0736723123201672
    MSN: Tensor(
        [[ 0.60523617-0.22299919j -0.18865456-0.17914615j  1.00454248+0.26229502j  0.50162609-0.00433171j]
         [-1.16107629-0.69330143j -0.00195889+0.17856528j -0.60079731-0.8939942j  -0.78531625-0.31529467j]
         [ 1.11358835+0.19694071j  0.36185528+0.33595277j -0.9848331 -0.37074585j  0.21507457-0.71177478j]
         [-0.49118086+0.77596357j -0.48685394-0.06973564j  1.20291869-0.08517463j  0.5991014 +0.72967982j]]
        labels=['kl', 'kr'],
        shape=(4, 4),
    )
    grad_by_reM_reM: Tensor(
        [-1.37112544e-14+7.21644966e-16j -1.82770465e-14+2.05391260e-15j -1.98452366e-15-5.41233725e-16j  7.30058375e-15+6.38378239e-16j -1.85684801e-14+9.43689571e-16j  4.99600361e-16+2.08166817e-17j  8.21565038e-15+4.57966998e-16j  2.35922393e-15-5.55111512e-16j]
        labels=[('kl', 'Mxoexwrv')],
        shape=(8,),
    )
    grad_by_imM_imM: Tensor(
        [-8.49320614e-15+1.05471187e-15j -1.08246745e-14-2.15105711e-15j -1.47104551e-15-4.02455846e-16j -1.19071419e-14+1.50053581e-15j  1.38222767e-14+8.60422844e-16j -3.55965257e-15-2.16493490e-15j -9.81159598e-15-8.88178420e-16j -1.07691633e-14+3.05311332e-16j]
        labels=[('kl', 'Mxoexwrv')],
        shape=(8,),
    )
    hessian_by_M_M: [[ 49.87849946+0.00000000e+00j  -3.73207971+0.00000000e+00j  12.40423222-8.88178420e-16j   0.6209562 +8.88178420e-16j  -1.7533101 +0.00000000e+00j   9.47583015+4.44089210e-16j -15.6496614 -4.44089210e-16j   0.21227468+6.66133815e-16j   0.        +0.00000000e+00j  -9.6934403 +0.00000000e+00j   6.61905155+8.88178420e-16j  -9.90192432-1.66533454e-16j   8.04812746-1.11022302e-16j   1.78998123+0.00000000e+00j   2.08379121-8.88178420e-16j  -2.02908878+2.22044605e-16j]
     [ -3.73207971+0.00000000e+00j  55.68649163-4.44089210e-16j -14.92866581+8.88178420e-16j   0.61708552+4.44089210e-16j   2.66863163+6.66133815e-16j   3.02700579+0.00000000e+00j -22.76198178-4.44089210e-16j   0.22171248+8.88178420e-16j   9.6934403 +0.00000000e+00j   0.        +0.00000000e+00j   8.66386842-8.88178420e-16j   6.72179063+4.99600361e-16j   2.55687072+4.44089210e-16j   6.1441263 +0.00000000e+00j  -7.48620946+0.00000000e+00j   7.77112574+3.60822483e-16j]
     [ 12.40423222-8.88178420e-16j -14.92866581+8.88178420e-16j  67.88230748+0.00000000e+00j   1.86750224+0.00000000e+00j  -0.65666762-4.44089210e-16j  24.02348993+6.66133815e-16j  -3.12818784-1.77635684e-15j  -6.90501736-4.44089210e-16j  -6.61905155-8.88178420e-16j  -8.66386842+8.88178420e-16j   0.        +0.00000000e+00j -27.11656123-1.77635684e-15j   7.64222042-2.22044605e-16j   3.85489502+0.00000000e+00j  11.93010671-6.66133815e-16j  -4.40600928+4.44089210e-16j]
     [  0.6209562 +8.88178420e-16j   0.61708552+4.44089210e-16j   1.86750224+0.00000000e+00j  66.08755279-8.88178420e-16j -15.983847  +1.77635684e-15j  -5.66286183-4.44089210e-16j  -8.87793963+0.00000000e+00j   1.64139678+8.88178420e-16j   9.90192432+1.66533454e-16j  -6.72179063-4.99600361e-16j  27.11656123+1.77635684e-15j   0.        +0.00000000e+00j  -7.8379198 +0.00000000e+00j   3.81258374+1.33226763e-15j -16.4008337 -8.88178420e-16j  14.10012374+2.22044605e-16j]
     [ -1.7533101 +0.00000000e+00j   2.66863163+6.66133815e-16j  -0.65666762-4.44089210e-16j -15.983847  +1.77635684e-15j  91.23371171+0.00000000e+00j   2.14278563+0.00000000e+00j  28.29008159+0.00000000e+00j -16.22834936-8.88178420e-16j  -8.04812746+1.11022302e-16j  -2.55687072-4.44089210e-16j  -7.64222042+2.22044605e-16j   7.8379198 +0.00000000e+00j   0.        +0.00000000e+00j   6.528872  +8.88178420e-16j  24.39275805-3.55271368e-15j  15.51808495+1.77635684e-15j]
     [  9.47583015+4.44089210e-16j   3.02700579+0.00000000e+00j  24.02348993+6.66133815e-16j  -5.66286183-4.44089210e-16j   2.14278563+0.00000000e+00j  47.43449741-8.88178420e-16j  -0.62746477+4.44089210e-16j   5.25574611+0.00000000e+00j  -1.78998123+0.00000000e+00j  -6.1441263 +0.00000000e+00j  -3.85489502+0.00000000e+00j  -3.81258374-1.33226763e-15j  -6.528872  -8.88178420e-16j   0.        +0.00000000e+00j   4.09446772+2.22044605e-16j -15.04661663+0.00000000e+00j]
     [-15.6496614 -4.44089210e-16j -22.76198178-4.44089210e-16j  -3.12818784-1.77635684e-15j  -8.87793963+0.00000000e+00j  28.29008159+0.00000000e+00j  -0.62746477+4.44089210e-16j  83.14483447-1.77635684e-15j  -3.46081409+3.33066907e-16j  -2.08379121+8.88178420e-16j   7.48620946+0.00000000e+00j -11.93010671+6.66133815e-16j  16.4008337 +8.88178420e-16j -24.39275805+3.55271368e-15j  -4.09446772-2.22044605e-16j   0.        +0.00000000e+00j  -0.78012657-1.77635684e-15j]
     [  0.21227468+6.66133815e-16j   0.22171248+8.88178420e-16j  -6.90501736-4.44089210e-16j   1.64139678+8.88178420e-16j -16.22834936-8.88178420e-16j   5.25574611+0.00000000e+00j  -3.46081409+3.33066907e-16j  67.29995127+0.00000000e+00j   2.02908878-2.22044605e-16j  -7.77112574-3.60822483e-16j   4.40600928-4.44089210e-16j -14.10012374-2.22044605e-16j -15.51808495-1.77635684e-15j  15.04661663+0.00000000e+00j   0.78012657+1.77635684e-15j   0.        +0.00000000e+00j]
     [  0.        +0.00000000e+00j   9.6934403 +0.00000000e+00j  -6.61905155-8.88178420e-16j   9.90192432+1.66533454e-16j  -8.04812746+1.11022302e-16j  -1.78998123+0.00000000e+00j  -2.08379121+8.88178420e-16j   2.02908878-2.22044605e-16j  49.87849946+0.00000000e+00j  -3.73207971+0.00000000e+00j  12.40423222-8.88178420e-16j   0.6209562 +8.88178420e-16j  -1.7533101 +0.00000000e+00j   9.47583015+4.44089210e-16j -15.6496614 -4.44089210e-16j   0.21227468+6.66133815e-16j]
     [ -9.6934403 +0.00000000e+00j   0.        +0.00000000e+00j  -8.66386842+8.88178420e-16j  -6.72179063-4.99600361e-16j  -2.55687072-4.44089210e-16j  -6.1441263 +0.00000000e+00j   7.48620946+0.00000000e+00j  -7.77112574-3.60822483e-16j  -3.73207971+0.00000000e+00j  55.68649163-4.44089210e-16j -14.92866581+8.88178420e-16j   0.61708552+4.44089210e-16j   2.66863163+6.66133815e-16j   3.02700579+0.00000000e+00j -22.76198178-4.44089210e-16j   0.22171248+8.88178420e-16j]
     [  6.61905155+8.88178420e-16j   8.66386842-8.88178420e-16j   0.        +0.00000000e+00j  27.11656123+1.77635684e-15j  -7.64222042+2.22044605e-16j  -3.85489502+0.00000000e+00j -11.93010671+6.66133815e-16j   4.40600928-4.44089210e-16j  12.40423222-8.88178420e-16j -14.92866581+8.88178420e-16j  67.88230748+0.00000000e+00j   1.86750224+0.00000000e+00j  -0.65666762-4.44089210e-16j  24.02348993+6.66133815e-16j  -3.12818784-1.77635684e-15j  -6.90501736-4.44089210e-16j]
     [ -9.90192432-1.66533454e-16j   6.72179063+4.99600361e-16j -27.11656123-1.77635684e-15j   0.        +0.00000000e+00j   7.8379198 +0.00000000e+00j  -3.81258374-1.33226763e-15j  16.4008337 +8.88178420e-16j -14.10012374-2.22044605e-16j   0.6209562 +8.88178420e-16j   0.61708552+4.44089210e-16j   1.86750224+0.00000000e+00j  66.08755279-8.88178420e-16j -15.983847  +1.77635684e-15j  -5.66286183-4.44089210e-16j  -8.87793963+0.00000000e+00j   1.64139678+8.88178420e-16j]
     [  8.04812746-1.11022302e-16j   2.55687072+4.44089210e-16j   7.64222042-2.22044605e-16j  -7.8379198 +0.00000000e+00j   0.        +0.00000000e+00j  -6.528872  -8.88178420e-16j -24.39275805+3.55271368e-15j -15.51808495-1.77635684e-15j  -1.7533101 +0.00000000e+00j   2.66863163+6.66133815e-16j  -0.65666762-4.44089210e-16j -15.983847  +1.77635684e-15j  91.23371171+0.00000000e+00j   2.14278563+0.00000000e+00j  28.29008159+0.00000000e+00j -16.22834936-8.88178420e-16j]
     [  1.78998123+0.00000000e+00j   6.1441263 +0.00000000e+00j   3.85489502+0.00000000e+00j   3.81258374+1.33226763e-15j   6.528872  +8.88178420e-16j   0.        +0.00000000e+00j  -4.09446772-2.22044605e-16j  15.04661663+0.00000000e+00j   9.47583015+4.44089210e-16j   3.02700579+0.00000000e+00j  24.02348993+6.66133815e-16j  -5.66286183-4.44089210e-16j   2.14278563+0.00000000e+00j  47.43449741-8.88178420e-16j  -0.62746477+4.44089210e-16j   5.25574611+0.00000000e+00j]
     [  2.08379121-8.88178420e-16j  -7.48620946+0.00000000e+00j  11.93010671-6.66133815e-16j -16.4008337 -8.88178420e-16j  24.39275805-3.55271368e-15j   4.09446772+2.22044605e-16j   0.        +0.00000000e+00j   0.78012657+1.77635684e-15j -15.6496614 -4.44089210e-16j -22.76198178-4.44089210e-16j  -3.12818784-1.77635684e-15j  -8.87793963+0.00000000e+00j  28.29008159+0.00000000e+00j  -0.62746477+4.44089210e-16j  83.14483447-1.77635684e-15j  -3.46081409+3.33066907e-16j]
     [ -2.02908878+2.22044605e-16j   7.77112574+3.60822483e-16j  -4.40600928+4.44089210e-16j  14.10012374+2.22044605e-16j  15.51808495+1.77635684e-15j -15.04661663+0.00000000e+00j  -0.78012657-1.77635684e-15j   0.        +0.00000000e+00j   0.21227468+6.66133815e-16j   0.22171248+8.88178420e-16j  -6.90501736-4.44089210e-16j   1.64139678+8.88178420e-16j -16.22834936-8.88178420e-16j   5.25574611+0.00000000e+00j  -3.46081409+3.33066907e-16j  67.29995127+0.00000000e+00j]]
    eigvals of hessian_by_M_M: [153.53821705-1.81958748e-15j 153.53821705-1.81958748e-15j  15.51093598-1.44002539e-15j 104.69765477+4.70652518e-16j  79.12538438+1.57900523e-15j 104.69765477+4.70652518e-16j  15.51093598-1.44002539e-15j  79.12538438+1.57900523e-15j  69.22734012-5.26681217e-16j  69.22734012-5.26681218e-16j  25.79476714-2.02781327e-15j  25.79476714-2.02781327e-15j  45.02183387+2.90198314e-16j  45.02183387+2.90198314e-16j  35.7317129 -5.22551592e-16j  35.7317129 -5.22551592e-16j]
WCOR:
    iter_times, elapsed_time, sqdiff: 300, 0.6805088520050049, 2.0736723123201672
    MSN: Tensor(
        [[ 0.60523617-0.22299919j -0.18865456-0.17914615j  1.00454248+0.26229502j  0.50162609-0.00433171j]
         [-1.16107629-0.69330143j -0.00195889+0.17856528j -0.60079731-0.8939942j  -0.78531625-0.31529467j]
         [ 1.11358835+0.19694071j  0.36185528+0.33595277j -0.9848331 -0.37074585j  0.21507457-0.71177478j]
         [-0.49118086+0.77596357j -0.48685394-0.06973564j  1.20291869-0.08517463j  0.5991014 +0.72967982j]]
        labels=['kl', 'kr'],
        shape=(4, 4),
    )
    grad_by_reM_reM: Tensor(
        [ 2.29261055e-14-1.41553436e-15j  9.68669589e-15+2.38697950e-15j  5.30131494e-15+8.74300632e-16j -4.06185502e-15-1.41553436e-15j -6.09408357e-14+3.88578059e-16j -4.60742555e-15-3.46944695e-18j  5.10702591e-15+1.49880108e-15j -1.03805853e-14-8.88178420e-16j]
        labels=[('kl', 'Mxoexwrv')],
        shape=(8,),
    )
    grad_by_imM_imM: Tensor(
        [-2.02893258e-14-7.21644966e-16j  1.05471187e-15-5.55111512e-16j -7.71605002e-15-1.02695630e-15j  2.34812170e-14+7.90166543e-16j  1.17128529e-14-1.49186219e-16j  3.00801051e-14-5.55111512e-17j -1.56541446e-14-8.88178420e-16j -1.50990331e-14+3.88578059e-16j]
        labels=[('kl', 'Mxoexwrv')],
        shape=(8,),
    )
    hessian_by_M_M: [[ 5.82769151e+01+0.00000000e+00j -1.42205215e+01-1.77635684e-15j  1.39681008e+01+1.77635684e-15j -3.70052828e-01+0.00000000e+00j -3.65305530e+00+0.00000000e+00j  1.10022933e+01+0.00000000e+00j -1.45762668e+01+4.99600361e-16j  1.65472579e-01-1.11022302e-15j  0.00000000e+00+0.00000000e+00j -1.57470142e+01+1.77635684e-15j  6.06932788e+00-1.77635684e-15j -1.45725349e+01+0.00000000e+00j  8.11485553e+00+4.44089210e-16j  1.30171355e+00+0.00000000e+00j  9.38926374e-01-8.88178420e-16j
       1.06117486e-01+4.44089210e-16j]
     [-1.42205215e+01-1.77635684e-15j  5.90996575e+01+0.00000000e+00j -1.76956942e+01-8.88178420e-16j  6.29532857e+00+8.88178420e-16j  1.53683534e+00-2.22044605e-16j  2.19367743e+00+0.00000000e+00j -2.20019516e+01+8.88178420e-16j -7.14477543e-01-8.88178420e-16j  1.57470142e+01-1.77635684e-15j  0.00000000e+00+0.00000000e+00j  1.00681230e+01+1.77635684e-15j  1.01812228e+01-1.33226763e-15j  5.35829920e-01+0.00000000e+00j  7.44423652e+00+4.44089210e-16j -1.34601677e+01+0.00000000e+00j
       1.30194864e+01+7.21644966e-16j]
     [ 1.39681008e+01+1.77635684e-15j -1.76956942e+01-8.88178420e-16j  7.36027915e+01+3.55271368e-15j -1.14594412e+01+3.55271368e-15j -4.76979491e-01+0.00000000e+00j  2.67781542e+01+2.22044605e-16j  2.51574084e-02+0.00000000e+00j -5.86436922e+00-4.44089210e-16j -6.06932788e+00+1.77635684e-15j -1.00681230e+01-1.77635684e-15j  0.00000000e+00+0.00000000e+00j -3.65517180e+01+0.00000000e+00j  4.37769912e+00-1.77635684e-15j  1.28445032e+00+0.00000000e+00j  1.68075125e+01+2.22044605e-16j
      -6.59453777e+00+0.00000000e+00j]
     [-3.70052828e-01+0.00000000e+00j  6.29532857e+00+8.88178420e-16j -1.14594412e+01+3.55271368e-15j  7.70340918e+01+1.77635684e-15j -1.62188475e+01+0.00000000e+00j -8.35323562e+00-8.88178420e-16j -1.04397674e+01+1.77635684e-15j -5.20725120e-01-8.88178420e-16j  1.45725349e+01+0.00000000e+00j -1.01812228e+01+1.33226763e-15j  3.65517180e+01+0.00000000e+00j  0.00000000e+00+0.00000000e+00j -9.37265563e+00-1.77635684e-15j  1.32524813e+01+8.88178420e-16j -2.06611210e+01+0.00000000e+00j
       1.52985872e+01-3.33066907e-16j]
     [-3.65305530e+00+0.00000000e+00j  1.53683534e+00-2.22044605e-16j -4.76979491e-01+0.00000000e+00j -1.62188475e+01+0.00000000e+00j  1.08921017e+02+0.00000000e+00j -9.03602919e+00+1.77635684e-15j  3.68437415e+01+1.77635684e-15j -1.11049163e+01+0.00000000e+00j -8.11485553e+00-4.44089210e-16j -5.35829920e-01+0.00000000e+00j -4.37769912e+00+1.77635684e-15j  9.37265563e+00+1.77635684e-15j  0.00000000e+00+0.00000000e+00j -1.09850426e+01+2.66453526e-15j  2.74500435e+01+0.00000000e+00j
       1.01564300e+01+1.77635684e-15j]
     [ 1.10022933e+01+0.00000000e+00j  2.19367743e+00+0.00000000e+00j  2.67781542e+01+2.22044605e-16j -8.35323562e+00-8.88178420e-16j -9.03602919e+00+1.77635684e-15j  4.59293638e+01+1.77635684e-15j -1.14981091e+01+0.00000000e+00j  4.85378442e+00-1.77635684e-15j -1.30171355e+00+0.00000000e+00j -7.44423652e+00-4.44089210e-16j -1.28445032e+00+0.00000000e+00j -1.32524813e+01-8.88178420e-16j  1.09850426e+01-2.66453526e-15j  0.00000000e+00+0.00000000e+00j  1.17137526e+01-1.77635684e-15j
      -1.70520284e+01-1.33226763e-15j]
     [-1.45762668e+01+4.99600361e-16j -2.20019516e+01+8.88178420e-16j  2.51574084e-02+0.00000000e+00j -1.04397674e+01+1.77635684e-15j  3.68437415e+01+1.77635684e-15j -1.14981091e+01+0.00000000e+00j  9.96497785e+01-3.55271368e-15j -1.71042599e+01+0.00000000e+00j -9.38926374e-01+8.88178420e-16j  1.34601677e+01+0.00000000e+00j -1.68075125e+01-2.22044605e-16j  2.06611210e+01+0.00000000e+00j -2.74500435e+01+0.00000000e+00j -1.17137526e+01+1.77635684e-15j  0.00000000e+00+0.00000000e+00j
      -1.38801232e+01+3.55271368e-15j]
     [ 1.65472579e-01-1.11022302e-15j -7.14477543e-01-8.88178420e-16j -5.86436922e+00-4.44089210e-16j -5.20725120e-01-8.88178420e-16j -1.11049163e+01+0.00000000e+00j  4.85378442e+00-1.77635684e-15j -1.71042599e+01+0.00000000e+00j  6.77015992e+01-8.88178420e-16j -1.06117486e-01-4.44089210e-16j -1.30194864e+01-7.21644966e-16j  6.59453777e+00+0.00000000e+00j -1.52985872e+01+3.33066907e-16j -1.01564300e+01-1.77635684e-15j  1.70520284e+01+1.33226763e-15j  1.38801232e+01-3.55271368e-15j
       0.00000000e+00+0.00000000e+00j]
     [ 0.00000000e+00+0.00000000e+00j  1.57470142e+01-1.77635684e-15j -6.06932788e+00+1.77635684e-15j  1.45725349e+01+0.00000000e+00j -8.11485553e+00-4.44089210e-16j -1.30171355e+00+0.00000000e+00j -9.38926374e-01+8.88178420e-16j -1.06117486e-01-4.44089210e-16j  5.82769151e+01+0.00000000e+00j -1.42205215e+01-1.77635684e-15j  1.39681008e+01+1.77635684e-15j -3.70052828e-01+0.00000000e+00j -3.65305530e+00+0.00000000e+00j  1.10022933e+01+0.00000000e+00j -1.45762668e+01+4.99600361e-16j
       1.65472579e-01-1.11022302e-15j]
     [-1.57470142e+01+1.77635684e-15j  0.00000000e+00+0.00000000e+00j -1.00681230e+01-1.77635684e-15j -1.01812228e+01+1.33226763e-15j -5.35829920e-01+0.00000000e+00j -7.44423652e+00-4.44089210e-16j  1.34601677e+01+0.00000000e+00j -1.30194864e+01-7.21644966e-16j -1.42205215e+01-1.77635684e-15j  5.90996575e+01+0.00000000e+00j -1.76956942e+01-8.88178420e-16j  6.29532857e+00+8.88178420e-16j  1.53683534e+00-2.22044605e-16j  2.19367743e+00+0.00000000e+00j -2.20019516e+01+8.88178420e-16j
      -7.14477543e-01-8.88178420e-16j]
     [ 6.06932788e+00-1.77635684e-15j  1.00681230e+01+1.77635684e-15j  0.00000000e+00+0.00000000e+00j  3.65517180e+01+0.00000000e+00j -4.37769912e+00+1.77635684e-15j -1.28445032e+00+0.00000000e+00j -1.68075125e+01-2.22044605e-16j  6.59453777e+00+0.00000000e+00j  1.39681008e+01+1.77635684e-15j -1.76956942e+01-8.88178420e-16j  7.36027915e+01+3.55271368e-15j -1.14594412e+01+3.55271368e-15j -4.76979491e-01+0.00000000e+00j  2.67781542e+01+2.22044605e-16j  2.51574084e-02+0.00000000e+00j
      -5.86436922e+00-4.44089210e-16j]
     [-1.45725349e+01+0.00000000e+00j  1.01812228e+01-1.33226763e-15j -3.65517180e+01+0.00000000e+00j  0.00000000e+00+0.00000000e+00j  9.37265563e+00+1.77635684e-15j -1.32524813e+01-8.88178420e-16j  2.06611210e+01+0.00000000e+00j -1.52985872e+01+3.33066907e-16j -3.70052828e-01+0.00000000e+00j  6.29532857e+00+8.88178420e-16j -1.14594412e+01+3.55271368e-15j  7.70340918e+01+1.77635684e-15j -1.62188475e+01+0.00000000e+00j -8.35323562e+00-8.88178420e-16j -1.04397674e+01+1.77635684e-15j
      -5.20725120e-01-8.88178420e-16j]
     [ 8.11485553e+00+4.44089210e-16j  5.35829920e-01+0.00000000e+00j  4.37769912e+00-1.77635684e-15j -9.37265563e+00-1.77635684e-15j  0.00000000e+00+0.00000000e+00j  1.09850426e+01-2.66453526e-15j -2.74500435e+01+0.00000000e+00j -1.01564300e+01-1.77635684e-15j -3.65305530e+00+0.00000000e+00j  1.53683534e+00-2.22044605e-16j -4.76979491e-01+0.00000000e+00j -1.62188475e+01+0.00000000e+00j  1.08921017e+02+0.00000000e+00j -9.03602919e+00+1.77635684e-15j  3.68437415e+01+1.77635684e-15j
      -1.11049163e+01+0.00000000e+00j]
     [ 1.30171355e+00+0.00000000e+00j  7.44423652e+00+4.44089210e-16j  1.28445032e+00+0.00000000e+00j  1.32524813e+01+8.88178420e-16j -1.09850426e+01+2.66453526e-15j  0.00000000e+00+0.00000000e+00j -1.17137526e+01+1.77635684e-15j  1.70520284e+01+1.33226763e-15j  1.10022933e+01+0.00000000e+00j  2.19367743e+00+0.00000000e+00j  2.67781542e+01+2.22044605e-16j -8.35323562e+00-8.88178420e-16j -9.03602919e+00+1.77635684e-15j  4.59293638e+01+1.77635684e-15j -1.14981091e+01+0.00000000e+00j
       4.85378442e+00-1.77635684e-15j]
     [ 9.38926374e-01-8.88178420e-16j -1.34601677e+01+0.00000000e+00j  1.68075125e+01+2.22044605e-16j -2.06611210e+01+0.00000000e+00j  2.74500435e+01+0.00000000e+00j  1.17137526e+01-1.77635684e-15j  0.00000000e+00+0.00000000e+00j  1.38801232e+01-3.55271368e-15j -1.45762668e+01+4.99600361e-16j -2.20019516e+01+8.88178420e-16j  2.51574084e-02+0.00000000e+00j -1.04397674e+01+1.77635684e-15j  3.68437415e+01+1.77635684e-15j -1.14981091e+01+0.00000000e+00j  9.96497785e+01-3.55271368e-15j
      -1.71042599e+01+0.00000000e+00j]
     [ 1.06117486e-01+4.44089210e-16j  1.30194864e+01+7.21644966e-16j -6.59453777e+00+0.00000000e+00j  1.52985872e+01-3.33066907e-16j  1.01564300e+01+1.77635684e-15j -1.70520284e+01-1.33226763e-15j -1.38801232e+01+3.55271368e-15j  0.00000000e+00+0.00000000e+00j  1.65472579e-01-1.11022302e-15j -7.14477543e-01-8.88178420e-16j -5.86436922e+00-4.44089210e-16j -5.20725120e-01-8.88178420e-16j -1.11049163e+01+0.00000000e+00j  4.85378442e+00-1.77635684e-15j -1.71042599e+01+0.00000000e+00j
       6.77015992e+01-8.88178420e-16j]]
    eigvals of hessian_by_M_M: [191.5472477 -1.72995636e-15j 117.10655256+2.57849868e-15j 191.5472477 -1.72995636e-15j 117.10655256+2.57849868e-15j  67.1018318 -8.33416626e-17j  87.48663491-7.21728699e-17j  87.48663491-7.21728703e-17j  67.1018318 -8.33416628e-17j  14.96479192+1.23656547e-15j  14.96479192+1.23656547e-15j  52.07404684+1.78201570e-15j  52.07404684+1.78201570e-15j  34.90761078-9.43331003e-16j  34.90761078-9.43331003e-16j  25.02649759-1.03742692e-16j  25.02649759-1.03742693e-16j]
WROR:
    iter_times, elapsed_time, sqdiff: 300, 0.589824914932251, 3.7858183309709545
    MSN: Tensor(
        [[ 0.51842638+0.51767464j -0.48320324-0.12029014j  1.26471725+0.4055394j   0.37194903+0.61218112j]
         [-0.24436851-0.65823984j  0.29227954+0.26594371j -1.02490634-1.63058756j -0.64786136-0.2225632j ]
         [ 0.30107064-0.95335499j  0.24146889+0.77540585j -0.85702717-0.64349101j  1.69571018-0.97621399j]
         [ 0.52899698+0.62002831j -0.50755587-0.23208779j  1.88251086+0.46505924j  0.01961768+0.35133947j]]
        labels=['kl', 'kr'],
        shape=(4, 4),
    )
    grad_by_reM_reM: Tensor(
        [-2.75335310e-14-1.72084569e-15j  1.11022302e-16+1.88737914e-15j -3.26405569e-14-5.82867088e-16j -4.38538095e-14+5.82867088e-16j -3.29736238e-14-1.22124533e-15j -1.29618538e-14+2.02615702e-15j  4.82947016e-14-9.32587341e-15j -5.65103520e-14+1.17683641e-14j]
        labels=[('kl', 'Mxoexwrv')],
        shape=(8,),
    )
    grad_by_imM_imM: Tensor(
        [ 2.15938378e-14-1.16573418e-15j  5.75095527e-14+2.60902411e-15j -2.76167977e-14+1.33226763e-15j  6.64746036e-14+1.44328993e-15j  3.99402733e-14+2.99760217e-15j  8.32667268e-17-7.77156117e-16j -1.10772502e-13-2.55351296e-15j  6.01740879e-14+1.77635684e-15j]
        labels=[('kl', 'Mxoexwrv')],
        shape=(8,),
    )
    hessian_by_M_M: [[100.71259431+2.22044605e-15j -58.27267542-3.55271368e-15j  14.14471407+0.00000000e+00j  -4.77718053+0.00000000e+00j  -3.69224882+4.44089210e-16j  32.54068922-1.33226763e-15j -23.79983261+1.77635684e-15j  24.42694617-1.77635684e-15j   0.        +0.00000000e+00j -50.2925932 -7.10542736e-15j  29.78953879+0.00000000e+00j -52.21838963+8.88178420e-16j   3.28944427-2.44249065e-15j   0.5835058 +3.55271368e-15j   5.37513348+0.00000000e+00j -24.0080682 +0.00000000e+00j]
     [-58.27267542-3.55271368e-15j 134.30836942+0.00000000e+00j -16.29279456+0.00000000e+00j  34.70016   -1.77635684e-15j  -4.94907064+0.00000000e+00j   4.05623769-1.77635684e-15j -22.64698183+0.00000000e+00j   7.01708973-7.10542736e-15j  50.2925932 +7.10542736e-15j   0.        +0.00000000e+00j  12.55032302-1.77635684e-15j  24.60616404+0.00000000e+00j  -4.56299942-1.33226763e-15j  25.8360125 +8.88178420e-16j -34.67094993+0.00000000e+00j  38.96476852-4.44089210e-16j]
     [ 14.14471407+0.00000000e+00j -16.29279456+0.00000000e+00j 106.33121644-3.55271368e-15j -73.28762792-3.55271368e-15j  -8.17922254+0.00000000e+00j  33.29632743-1.77635684e-15j   8.4988589 -1.77635684e-15j   5.47021185+1.33226763e-15j -29.78953879+0.00000000e+00j -12.55032302+1.77635684e-15j   0.        +0.00000000e+00j -62.06240036+1.42108547e-14j   7.32186125-3.55271368e-15j -29.03037114+0.00000000e+00j  21.24146171+2.66453526e-15j  -5.85658543+1.77635684e-15j]
     [ -4.77718053+0.00000000e+00j  34.70016   -1.77635684e-15j -73.28762792-3.55271368e-15j 240.86943929-7.10542736e-15j   6.64414565+3.55271368e-15j -21.29068867+7.10542736e-15j -46.65195993+0.00000000e+00j -12.34146784-3.55271368e-15j  52.21838963-8.88178420e-16j -24.60616404+0.00000000e+00j  62.06240036-1.42108547e-14j   0.        +0.00000000e+00j -36.09749381+1.77635684e-15j  69.58994629-1.77635684e-15j -25.56740021-3.55271368e-15j  34.81929558-8.88178420e-16j]
     [ -3.69224882+4.44089210e-16j  -4.94907064+0.00000000e+00j  -8.17922254+0.00000000e+00j   6.64414565+3.55271368e-15j 121.68311075+1.77635684e-15j -50.98872707+0.00000000e+00j  32.56570737-2.66453526e-15j -22.97362823+0.00000000e+00j  -3.28944427+2.44249065e-15j   4.56299942+1.33226763e-15j  -7.32186125+3.55271368e-15j  36.09749381-1.77635684e-15j   0.        +0.00000000e+00j -42.28166884+0.00000000e+00j   8.46037359+0.00000000e+00j   9.96793809+0.00000000e+00j]
     [ 32.54068922-1.33226763e-15j   4.05623769-1.77635684e-15j  33.29632743-1.77635684e-15j -21.29068867+7.10542736e-15j -50.98872707+0.00000000e+00j 139.55163192+0.00000000e+00j -35.05089577+7.10542736e-15j  34.8493993 -1.11022302e-15j  -0.5835058 -3.55271368e-15j -25.8360125 -8.88178420e-16j  29.03037114+0.00000000e+00j -69.58994629+1.77635684e-15j  42.28166884+0.00000000e+00j   0.        +0.00000000e+00j  44.20081092+0.00000000e+00j  -3.36500779-3.55271368e-15j]
     [-23.79983261+1.77635684e-15j -22.64698183+0.00000000e+00j   8.4988589 -1.77635684e-15j -46.65195993+0.00000000e+00j  32.56570737-2.66453526e-15j -35.05089577+7.10542736e-15j 161.5518526 +4.88498131e-15j -74.13756765-7.10542736e-15j  -5.37513348+0.00000000e+00j  34.67094993+0.00000000e+00j -21.24146171-2.66453526e-15j  25.56740021+3.55271368e-15j  -8.46037359+0.00000000e+00j -44.20081092+0.00000000e+00j   0.        +0.00000000e+00j -81.35826965-7.10542736e-15j]
     [ 24.42694617-1.77635684e-15j   7.01708973-7.10542736e-15j   5.47021185+1.33226763e-15j -12.34146784-3.55271368e-15j -22.97362823+0.00000000e+00j  34.8493993 -1.11022302e-15j -74.13756765-7.10542736e-15j 168.52286953+7.10542736e-15j  24.0080682 +0.00000000e+00j -38.96476852+4.44089210e-16j   5.85658543-1.77635684e-15j -34.81929558+8.88178420e-16j  -9.96793809+0.00000000e+00j   3.36500779+3.55271368e-15j  81.35826965+7.10542736e-15j   0.        +0.00000000e+00j]
     [  0.        +0.00000000e+00j  50.2925932 +7.10542736e-15j -29.78953879+0.00000000e+00j  52.21838963-8.88178420e-16j  -3.28944427+2.44249065e-15j  -0.5835058 -3.55271368e-15j  -5.37513348+0.00000000e+00j  24.0080682 +0.00000000e+00j 100.71259431+2.22044605e-15j -58.27267542-3.55271368e-15j  14.14471407+0.00000000e+00j  -4.77718053+0.00000000e+00j  -3.69224882+4.44089210e-16j  32.54068922-1.33226763e-15j -23.79983261+1.77635684e-15j  24.42694617-1.77635684e-15j]
     [-50.2925932 -7.10542736e-15j   0.        +0.00000000e+00j -12.55032302+1.77635684e-15j -24.60616404+0.00000000e+00j   4.56299942+1.33226763e-15j -25.8360125 -8.88178420e-16j  34.67094993+0.00000000e+00j -38.96476852+4.44089210e-16j -58.27267542-3.55271368e-15j 134.30836942+0.00000000e+00j -16.29279456+0.00000000e+00j  34.70016   -1.77635684e-15j  -4.94907064+0.00000000e+00j   4.05623769-1.77635684e-15j -22.64698183+0.00000000e+00j   7.01708973-7.10542736e-15j]
     [ 29.78953879+0.00000000e+00j  12.55032302-1.77635684e-15j   0.        +0.00000000e+00j  62.06240036-1.42108547e-14j  -7.32186125+3.55271368e-15j  29.03037114+0.00000000e+00j -21.24146171-2.66453526e-15j   5.85658543-1.77635684e-15j  14.14471407+0.00000000e+00j -16.29279456+0.00000000e+00j 106.33121644-3.55271368e-15j -73.28762792-3.55271368e-15j  -8.17922254+0.00000000e+00j  33.29632743-1.77635684e-15j   8.4988589 -1.77635684e-15j   5.47021185+1.33226763e-15j]
     [-52.21838963+8.88178420e-16j  24.60616404+0.00000000e+00j -62.06240036+1.42108547e-14j   0.        +0.00000000e+00j  36.09749381-1.77635684e-15j -69.58994629+1.77635684e-15j  25.56740021+3.55271368e-15j -34.81929558+8.88178420e-16j  -4.77718053+0.00000000e+00j  34.70016   -1.77635684e-15j -73.28762792-3.55271368e-15j 240.86943929-7.10542736e-15j   6.64414565+3.55271368e-15j -21.29068867+7.10542736e-15j -46.65195993+0.00000000e+00j -12.34146784-3.55271368e-15j]
     [  3.28944427-2.44249065e-15j  -4.56299942-1.33226763e-15j   7.32186125-3.55271368e-15j -36.09749381+1.77635684e-15j   0.        +0.00000000e+00j  42.28166884+0.00000000e+00j  -8.46037359+0.00000000e+00j  -9.96793809+0.00000000e+00j  -3.69224882+4.44089210e-16j  -4.94907064+0.00000000e+00j  -8.17922254+0.00000000e+00j   6.64414565+3.55271368e-15j 121.68311075+1.77635684e-15j -50.98872707+0.00000000e+00j  32.56570737-2.66453526e-15j -22.97362823+0.00000000e+00j]
     [  0.5835058 +3.55271368e-15j  25.8360125 +8.88178420e-16j -29.03037114+0.00000000e+00j  69.58994629-1.77635684e-15j -42.28166884+0.00000000e+00j   0.        +0.00000000e+00j -44.20081092+0.00000000e+00j   3.36500779+3.55271368e-15j  32.54068922-1.33226763e-15j   4.05623769-1.77635684e-15j  33.29632743-1.77635684e-15j -21.29068867+7.10542736e-15j -50.98872707+0.00000000e+00j 139.55163192+0.00000000e+00j -35.05089577+7.10542736e-15j  34.8493993 -1.11022302e-15j]
     [  5.37513348+0.00000000e+00j -34.67094993+0.00000000e+00j  21.24146171+2.66453526e-15j -25.56740021-3.55271368e-15j   8.46037359+0.00000000e+00j  44.20081092+0.00000000e+00j   0.        +0.00000000e+00j  81.35826965+7.10542736e-15j -23.79983261+1.77635684e-15j -22.64698183+0.00000000e+00j   8.4988589 -1.77635684e-15j -46.65195993+0.00000000e+00j  32.56570737-2.66453526e-15j -35.05089577+7.10542736e-15j 161.5518526 +4.88498131e-15j -74.13756765-7.10542736e-15j]
     [-24.0080682 +0.00000000e+00j  38.96476852-4.44089210e-16j  -5.85658543+1.77635684e-15j  34.81929558-8.88178420e-16j   9.96793809+0.00000000e+00j  -3.36500779-3.55271368e-15j -81.35826965-7.10542736e-15j   0.        +0.00000000e+00j  24.42694617-1.77635684e-15j   7.01708973-7.10542736e-15j   5.47021185+1.33226763e-15j -12.34146784-3.55271368e-15j -22.97362823+0.00000000e+00j  34.8493993 -1.11022302e-15j -74.13756765-7.10542736e-15j 168.52286953+7.10542736e-15j]]
    eigvals of hessian_by_M_M: [448.81245685-2.69099832e-15j 233.71990625+4.55730325e-16j 448.81245685-2.69099832e-15j 233.71990625+4.55730325e-16j  10.44198063-1.70893168e-15j  10.44198063-1.70893168e-15j 164.25831927+8.87180043e-15j 164.25831927+8.87180043e-15j 146.33591814+1.92810380e-15j 146.33591814+1.92810380e-15j  37.89598922-1.88310409e-15j  37.89598922-1.88310409e-15j  60.25873583+7.50304980e-16j  71.80777808-3.93834930e-16j  71.80777808-3.93834930e-16j  60.25873583+7.50304980e-16j]
IWROR:
    iter_times, elapsed_time, sqdiff: 300, 0.5764601230621338, 3.7858183309709537
    MSN: Tensor(
        [[ 0.51842638+0.51767464j -0.48320324-0.12029014j  1.26471725+0.4055394j   0.37194903+0.61218112j]
         [-0.24436851-0.65823984j  0.29227954+0.26594371j -1.02490634-1.63058756j -0.64786136-0.2225632j ]
         [ 0.30107064-0.95335499j  0.24146889+0.77540585j -0.85702717-0.64349101j  1.69571018-0.97621399j]
         [ 0.52899698+0.62002831j -0.50755587-0.23208779j  1.88251086+0.46505924j  0.01961768+0.35133947j]]
        labels=['kl', 'kr'],
        shape=(4, 4),
    )
    grad_by_reM_reM: Tensor(
        [ 7.57727214e-15+0.00000000e+00j -1.72639680e-14+2.44249065e-15j  5.29576383e-14+7.91033905e-16j -1.07691633e-13-2.37310172e-15j -1.38777878e-14+1.72431514e-15j  3.93990396e-14+2.15105711e-15j  6.06181771e-14+2.02615702e-15j -4.44089210e-15-2.66453526e-15j]
        labels=[('kl', 'Mxoexwrv')],
        shape=(8,),
    )
    grad_by_imM_imM: Tensor(
        [-1.13242749e-14+2.58126853e-15j -1.98729921e-14-1.88737914e-15j -1.72778458e-14-5.55111512e-16j -8.01997357e-14+7.77156117e-16j  1.95989058e-14+2.22044605e-16j -2.16632268e-14+1.45716772e-15j  1.15657484e-13-3.55271368e-15j -2.70894418e-14+3.33066907e-15j]
        labels=[('kl', 'Mxoexwrv')],
        shape=(8,),
    )
    hessian_by_M_M: [[ 9.44905853e+01+1.77635684e-15j -4.53997156e+01+0.00000000e+00j  1.79818977e+01+0.00000000e+00j -3.89028531e+00+7.10542736e-15j -1.86660032e+00-8.88178420e-16j  2.83806462e+01+8.88178420e-16j -2.22693765e+01-1.77635684e-15j  2.30477901e+01-1.77635684e-15j  0.00000000e+00+0.00000000e+00j -4.53429521e+01-3.55271368e-15j  2.56375761e+01-1.77635684e-15j -4.36080775e+01-1.77635684e-15j  6.63689772e+00+1.55431223e-15j -2.02855926e-01+0.00000000e+00j  5.87353810e+00-1.77635684e-15j
      -1.99541765e+01+3.55271368e-15j]
     [-4.53997156e+01+0.00000000e+00j  9.54110237e+01+3.55271368e-15j -1.34364818e+01-8.88178420e-16j  2.29899841e+01+1.77635684e-15j -5.42269115e+00-6.66133815e-16j  1.99872914e+00-1.77635684e-15j -1.84401661e+01+0.00000000e+00j  5.12754821e+00+0.00000000e+00j  4.53429521e+01+3.55271368e-15j  0.00000000e+00+0.00000000e+00j  1.18675847e+01+8.88178420e-16j  1.84155537e+01+1.77635684e-15j -2.26492555e+00-8.88178420e-16j  1.70233583e+01+8.88178420e-16j -2.52261941e+01-1.77635684e-15j
       2.79066564e+01+8.88178420e-16j]
     [ 1.79818977e+01+0.00000000e+00j -1.34364818e+01-8.88178420e-16j  1.01344752e+02+0.00000000e+00j -5.22313978e+01+7.10542736e-15j -5.63612865e+00+0.00000000e+00j  3.03048946e+01-5.32907052e-15j  2.79562514e+00+0.00000000e+00j  5.35965332e+00-8.88178420e-16j -2.56375761e+01+1.77635684e-15j -1.18675847e+01-8.88178420e-16j  0.00000000e+00+0.00000000e+00j -6.31310399e+01+0.00000000e+00j  5.71921453e+00+1.77635684e-15j -1.94202852e+01+0.00000000e+00j  2.24837514e+01+1.33226763e-15j
      -2.73982083e+00+1.33226763e-15j]
     [-3.89028531e+00+7.10542736e-15j  2.29899841e+01+1.77635684e-15j -5.22313978e+01+7.10542736e-15j  1.70454127e+02+0.00000000e+00j  1.02763675e-01+0.00000000e+00j -1.61739554e+01+0.00000000e+00j -3.91543630e+01+0.00000000e+00j -6.46963528e+00-1.77635684e-15j  4.36080775e+01+1.77635684e-15j -1.84155537e+01-1.77635684e-15j  6.31310399e+01+0.00000000e+00j  0.00000000e+00+0.00000000e+00j -2.65819681e+01-1.55431223e-15j  5.03001959e+01+0.00000000e+00j -2.27179850e+01+0.00000000e+00j
       2.38956160e+01-8.88178420e-16j]
     [-1.86660032e+00-8.88178420e-16j -5.42269115e+00-6.66133815e-16j -5.63612865e+00+0.00000000e+00j  1.02763675e-01+0.00000000e+00j  1.12986486e+02-3.55271368e-15j -3.97214470e+01+0.00000000e+00j  2.91903461e+01-2.66453526e-15j -1.81304902e+01+4.44089210e-16j -6.63689772e+00-1.55431223e-15j  2.26492555e+00+8.88178420e-16j -5.71921453e+00-1.77635684e-15j  2.65819681e+01+1.55431223e-15j  0.00000000e+00+0.00000000e+00j -3.88740739e+01+7.10542736e-15j  1.24470572e+01-1.77635684e-15j
       6.50162308e+00+0.00000000e+00j]
     [ 2.83806462e+01+8.88178420e-16j  1.99872914e+00-1.77635684e-15j  3.03048946e+01-5.32907052e-15j -1.61739554e+01+0.00000000e+00j -3.97214470e+01+0.00000000e+00j  9.91632045e+01+3.55271368e-15j -2.84563249e+01+0.00000000e+00j  2.55189612e+01+1.33226763e-15j  2.02855926e-01+0.00000000e+00j -1.70233583e+01-8.88178420e-16j  1.94202852e+01+0.00000000e+00j -5.03001959e+01+0.00000000e+00j  3.88740739e+01-7.10542736e-15j  0.00000000e+00+0.00000000e+00j  3.49401971e+01+0.00000000e+00j
      -4.70247344e+00-1.77635684e-15j]
     [-2.22693765e+01-1.77635684e-15j -1.84401661e+01+0.00000000e+00j  2.79562514e+00+0.00000000e+00j -3.91543630e+01+0.00000000e+00j  2.91903461e+01-2.66453526e-15j -2.84563249e+01+0.00000000e+00j  1.53643655e+02+1.77635684e-15j -6.00898893e+01+0.00000000e+00j -5.87353810e+00+1.77635684e-15j  2.52261941e+01+1.77635684e-15j -2.24837514e+01-1.33226763e-15j  2.27179850e+01+0.00000000e+00j -1.24470572e+01+1.77635684e-15j -3.49401971e+01+0.00000000e+00j  0.00000000e+00+0.00000000e+00j
      -6.99277632e+01+3.55271368e-15j]
     [ 2.30477901e+01-1.77635684e-15j  5.12754821e+00+0.00000000e+00j  5.35965332e+00-8.88178420e-16j -6.46963528e+00-1.77635684e-15j -1.81304902e+01+4.44089210e-16j  2.55189612e+01+1.33226763e-15j -6.00898893e+01+0.00000000e+00j  1.18697919e+02+0.00000000e+00j  1.99541765e+01-3.55271368e-15j -2.79066564e+01-8.88178420e-16j  2.73982083e+00-1.33226763e-15j -2.38956160e+01+8.88178420e-16j -6.50162308e+00+0.00000000e+00j  4.70247344e+00+1.77635684e-15j  6.99277632e+01-3.55271368e-15j
       0.00000000e+00+0.00000000e+00j]
     [ 0.00000000e+00+0.00000000e+00j  4.53429521e+01+3.55271368e-15j -2.56375761e+01+1.77635684e-15j  4.36080775e+01+1.77635684e-15j -6.63689772e+00-1.55431223e-15j  2.02855926e-01+0.00000000e+00j -5.87353810e+00+1.77635684e-15j  1.99541765e+01-3.55271368e-15j  9.44905853e+01+1.77635684e-15j -4.53997156e+01+0.00000000e+00j  1.79818977e+01+0.00000000e+00j -3.89028531e+00+7.10542736e-15j -1.86660032e+00-8.88178420e-16j  2.83806462e+01+8.88178420e-16j -2.22693765e+01-1.77635684e-15j
       2.30477901e+01-1.77635684e-15j]
     [-4.53429521e+01-3.55271368e-15j  0.00000000e+00+0.00000000e+00j -1.18675847e+01-8.88178420e-16j -1.84155537e+01-1.77635684e-15j  2.26492555e+00+8.88178420e-16j -1.70233583e+01-8.88178420e-16j  2.52261941e+01+1.77635684e-15j -2.79066564e+01-8.88178420e-16j -4.53997156e+01+0.00000000e+00j  9.54110237e+01+3.55271368e-15j -1.34364818e+01-8.88178420e-16j  2.29899841e+01+1.77635684e-15j -5.42269115e+00-6.66133815e-16j  1.99872914e+00-1.77635684e-15j -1.84401661e+01+0.00000000e+00j
       5.12754821e+00+0.00000000e+00j]
     [ 2.56375761e+01-1.77635684e-15j  1.18675847e+01+8.88178420e-16j  0.00000000e+00+0.00000000e+00j  6.31310399e+01+0.00000000e+00j -5.71921453e+00-1.77635684e-15j  1.94202852e+01+0.00000000e+00j -2.24837514e+01-1.33226763e-15j  2.73982083e+00-1.33226763e-15j  1.79818977e+01+0.00000000e+00j -1.34364818e+01-8.88178420e-16j  1.01344752e+02+0.00000000e+00j -5.22313978e+01+7.10542736e-15j -5.63612865e+00+0.00000000e+00j  3.03048946e+01-5.32907052e-15j  2.79562514e+00+0.00000000e+00j
       5.35965332e+00-8.88178420e-16j]
     [-4.36080775e+01-1.77635684e-15j  1.84155537e+01+1.77635684e-15j -6.31310399e+01+0.00000000e+00j  0.00000000e+00+0.00000000e+00j  2.65819681e+01+1.55431223e-15j -5.03001959e+01+0.00000000e+00j  2.27179850e+01+0.00000000e+00j -2.38956160e+01+8.88178420e-16j -3.89028531e+00+7.10542736e-15j  2.29899841e+01+1.77635684e-15j -5.22313978e+01+7.10542736e-15j  1.70454127e+02+0.00000000e+00j  1.02763675e-01+0.00000000e+00j -1.61739554e+01+0.00000000e+00j -3.91543630e+01+0.00000000e+00j
      -6.46963528e+00-1.77635684e-15j]
     [ 6.63689772e+00+1.55431223e-15j -2.26492555e+00-8.88178420e-16j  5.71921453e+00+1.77635684e-15j -2.65819681e+01-1.55431223e-15j  0.00000000e+00+0.00000000e+00j  3.88740739e+01-7.10542736e-15j -1.24470572e+01+1.77635684e-15j -6.50162308e+00+0.00000000e+00j -1.86660032e+00-8.88178420e-16j -5.42269115e+00-6.66133815e-16j -5.63612865e+00+0.00000000e+00j  1.02763675e-01+0.00000000e+00j  1.12986486e+02-3.55271368e-15j -3.97214470e+01+0.00000000e+00j  2.91903461e+01-2.66453526e-15j
      -1.81304902e+01+4.44089210e-16j]
     [-2.02855926e-01+0.00000000e+00j  1.70233583e+01+8.88178420e-16j -1.94202852e+01+0.00000000e+00j  5.03001959e+01+0.00000000e+00j -3.88740739e+01+7.10542736e-15j  0.00000000e+00+0.00000000e+00j -3.49401971e+01+0.00000000e+00j  4.70247344e+00+1.77635684e-15j  2.83806462e+01+8.88178420e-16j  1.99872914e+00-1.77635684e-15j  3.03048946e+01-5.32907052e-15j -1.61739554e+01+0.00000000e+00j -3.97214470e+01+0.00000000e+00j  9.91632045e+01+3.55271368e-15j -2.84563249e+01+0.00000000e+00j
       2.55189612e+01+1.33226763e-15j]
     [ 5.87353810e+00-1.77635684e-15j -2.52261941e+01-1.77635684e-15j  2.24837514e+01+1.33226763e-15j -2.27179850e+01+0.00000000e+00j  1.24470572e+01-1.77635684e-15j  3.49401971e+01+0.00000000e+00j  0.00000000e+00+0.00000000e+00j  6.99277632e+01-3.55271368e-15j -2.22693765e+01-1.77635684e-15j -1.84401661e+01+0.00000000e+00j  2.79562514e+00+0.00000000e+00j -3.91543630e+01+0.00000000e+00j  2.91903461e+01-2.66453526e-15j -2.84563249e+01+0.00000000e+00j  1.53643655e+02+1.77635684e-15j
      -6.00898893e+01+0.00000000e+00j]
     [-1.99541765e+01+3.55271368e-15j  2.79066564e+01+8.88178420e-16j -2.73982083e+00+1.33226763e-15j  2.38956160e+01-8.88178420e-16j  6.50162308e+00+0.00000000e+00j -4.70247344e+00-1.77635684e-15j -6.99277632e+01+3.55271368e-15j  0.00000000e+00+0.00000000e+00j  2.30477901e+01-1.77635684e-15j  5.12754821e+00+0.00000000e+00j  5.35965332e+00-8.88178420e-16j -6.46963528e+00-1.77635684e-15j -1.81304902e+01+4.44089210e-16j  2.55189612e+01+1.33226763e-15j -6.00898893e+01+0.00000000e+00j
       1.18697919e+02+0.00000000e+00j]]
    eigvals of hessian_by_M_M: [358.72541403-8.42710029e-16j 187.14240156-3.15900852e-15j 358.72541403-8.42710029e-16j 187.14240156-3.15900852e-15j 136.8874476 -2.58147664e-16j 136.8874476 -2.58147664e-16j 123.03443039-1.90878305e-15j 123.03443039-1.90878305e-15j   8.57134515+4.41555443e-15j   8.57134515+4.41555443e-15j  57.48426535+3.96800470e-16j  57.48426535+3.96800470e-16j  30.41849719+3.84111542e-15j  30.41849719+3.84111542e-15j  43.92795172+4.62060631e-15j  43.92795172+4.62060631e-15j]
WLBOR:
    iter_times, elapsed_time, sqdiff: 300, 1.4850859642028809, 2.073672312320168
    MSN: Tensor(
        [[ 0.60523617-0.22299919j -0.18865456-0.17914615j  1.00454248+0.26229502j  0.50162609-0.00433171j]
         [-1.16107629-0.69330143j -0.00195889+0.17856528j -0.60079731-0.8939942j  -0.78531625-0.31529467j]
         [ 1.11358835+0.19694071j  0.36185528+0.33595277j -0.9848331 -0.37074585j  0.21507457-0.71177478j]
         [-0.49118086+0.77596357j -0.48685394-0.06973564j  1.20291869-0.08517463j  0.5991014 +0.72967982j]]
        labels=['kl', 'kr'],
        shape=(4, 4),
    )
    grad_by_reM_reM: Tensor(
