b=4, chi=2, seed=587, 
NOR:
    iter_times, elapsed_time, sqdiff: 300, 0.5942668914794922, 2.263154911966163
    MSN: Tensor(
        [[-0.32372973-0.03473854j -0.37069733+0.08326155j -0.51373405+0.24984526j -0.63105021+0.09128609j]
         [-0.95705154+0.43952293j  0.57362724-0.24639004j -0.07009921+0.30917869j -0.45046675+0.17174349j]
         [-1.10144755+0.28221683j  0.40825824-0.63414186j -0.45048784-0.02210935j -0.78593365-0.29723216j]
         [ 0.15613496+0.09353823j  0.42987792-0.32286242j  0.41510851-0.35893973j  0.49242175-0.24572606j]]
        labels=['kl', 'kr'],
        shape=(4, 4),
    )
    grad_by_real_M: Tensor(
        [-4.16333634e-15-2.09554596e-15j  1.74166237e-15-3.46944695e-16j  2.22044605e-15-5.55111512e-17j -1.99840144e-15-1.11022302e-16j -4.59354776e-15+9.99200722e-16j  3.33066907e-16-7.49400542e-16j
         -8.61116733e-15-1.66533454e-16j -2.34881559e-15-5.89805982e-16j]
        labels=[('kl', 'ZKRTJKhH')],
        shape=(8,),
    )
    grad_by_imag_M: Tensor(
        [-5.70377079e-15-1.66533454e-16j  2.30371278e-15+9.36750677e-16j  5.82867088e-15+0.00000000e+00j -2.49800181e-16+4.99600361e-16j -4.21884749e-15-3.19189120e-16j -1.24900090e-15-6.10622664e-16j
          6.21724894e-15-1.92207361e-15j  2.10942375e-15-9.36750677e-17j]
        labels=[('kl', 'ZKRTJKhH')],
        shape=(8,),
    )
    hessian_by_M: Tensor(
        [[46.03421258-2.66453526e-15j -3.75644353-3.44169138e-15j  0.09738843-6.66133815e-16j  2.53705504+8.88178420e-16j  2.82733052-2.22044605e-16j  5.49376622+0.00000000e+00j 10.34808416+8.88178420e-16j
           0.66077922+0.00000000e+00j]
         [-3.75644353-3.44169138e-15j 28.61261635-4.44089210e-16j  5.55284982+0.00000000e+00j  7.26468634-6.66133815e-16j 11.47064188+2.22044605e-16j -1.08562931-2.77555756e-16j -0.12239211+4.44089210e-16j
           0.65013825-8.88178420e-16j]
         [ 0.09738843-6.66133815e-16j  5.55284982+0.00000000e+00j 25.72060745-8.88178420e-16j  5.08149359+4.44089210e-16j  4.12465115+0.00000000e+00j -1.99418498-2.22044605e-16j  3.80653111+5.55111512e-17j
          -5.79609415+1.11022302e-16j]
         [ 2.53705504+8.88178420e-16j  7.26468634-6.66133815e-16j  5.08149359+4.44089210e-16j 36.77507981+8.88178420e-16j -7.82224023+8.88178420e-16j -3.85863341+4.44089210e-16j  1.69930225-2.22044605e-16j
          -1.8849588 +0.00000000e+00j]
         [ 2.82733052-2.22044605e-16j 11.47064188+2.22044605e-16j  4.12465115+0.00000000e+00j -7.82224023+8.88178420e-16j 50.15490716+8.88178420e-16j  4.77628827-1.33226763e-15j  9.2972663 +1.11022302e-16j
           1.94701069-4.44089210e-16j]
         [ 5.49376622+0.00000000e+00j -1.08562931-2.77555756e-16j -1.99418498-2.22044605e-16j -3.85863341+4.44089210e-16j  4.77628827-1.33226763e-15j 26.14532862-4.44089210e-16j -5.58450223+6.66133815e-16j
          -3.81811097+6.66133815e-16j]
         [10.34808416+8.88178420e-16j -0.12239211+4.44089210e-16j  3.80653111+5.55111512e-17j  1.69930225-2.22044605e-16j  9.2972663 +1.11022302e-16j -5.58450223+6.66133815e-16j 50.76619655-8.88178420e-16j
          -6.48081223-8.88178420e-16j]
         [ 0.66077922+0.00000000e+00j  0.65013825-8.88178420e-16j -5.79609415+1.11022302e-16j -1.8849588 +0.00000000e+00j  1.94701069-4.44089210e-16j -3.81811097+6.66133815e-16j -6.48081223-8.88178420e-16j
          22.51064357+8.88178420e-16j]]
        labels=[('kl', 'ZKRTJKhH'), ('kl*', 'ZKRTJKhH*')],
        shape=(8, 8),
    )
    eigvals of hessian_by_M: DiagonalTensor(
        [13.24802974 16.98035515 21.9007831  28.82264866 39.47409885 46.69251984 52.9991727  66.60198405]
        labels=['jmRRbdAq', 'jmRRbdAq'],
        shape=(8, 8),
    )
WCOR:
    iter_times, elapsed_time, sqdiff: 300, 0.5973150730133057, 2.2631549119661605
    MSN: Tensor(
        [[-0.32372973-0.03473854j -0.37069733+0.08326155j -0.51373405+0.24984526j -0.63105021+0.09128609j]
         [-0.95705154+0.43952293j  0.57362724-0.24639004j -0.07009921+0.30917869j -0.45046675+0.17174349j]
         [-1.10144755+0.28221683j  0.40825824-0.63414186j -0.45048784-0.02210935j -0.78593365-0.29723216j]
         [ 0.15613496+0.09353823j  0.42987792-0.32286242j  0.41510851-0.35893973j  0.49242175-0.24572606j]]
        labels=['kl', 'kr'],
        shape=(4, 4),
    )
    grad_by_real_M: Tensor(
        [-2.71449530e-14-4.16333634e-17j -6.40459907e-15-4.99600361e-16j -1.55431223e-15-1.11022302e-15j -3.99680289e-15-4.23272528e-16j -7.61890551e-15+0.00000000e+00j -8.20177259e-15+3.46944695e-16j
         -5.41233725e-16-7.77156117e-16j  1.89778748e-15-1.08940634e-15j]
        labels=[('kl', 'ZKRTJKhH')],
        shape=(8,),
    )
    grad_by_imag_M: Tensor(
        [-8.14626144e-15-1.66533454e-16j  1.13797860e-15+2.84494650e-16j  1.14352972e-14-5.55111512e-17j  8.76382300e-15+4.71844785e-16j -2.83106871e-15+6.24500451e-16j -1.24067423e-14-4.85722573e-16j
         -2.09277040e-14+5.13478149e-16j  4.70457007e-15+1.48145385e-15j]
        labels=[('kl', 'ZKRTJKhH')],
        shape=(8,),
    )
    hessian_by_M: Tensor(
        [[46.50000842-8.88178420e-16j -3.13477371-7.21644966e-16j -1.17570163+8.88178420e-16j  0.39135718+8.88178420e-16j  0.39519543-2.22044605e-16j  6.36256195+0.00000000e+00j  9.97607053+0.00000000e+00j
           1.32001686+4.44089210e-16j]
         [-3.13477371-7.21644966e-16j 26.13755302+4.44089210e-16j  4.24173017+0.00000000e+00j  7.80946203+2.22044605e-16j 10.93591731-2.22044605e-16j  0.39139434-4.44089210e-16j  0.94826699+0.00000000e+00j
           0.78233708+0.00000000e+00j]
         [-1.17570163+8.88178420e-16j  4.24173017+0.00000000e+00j 24.22951042-1.77635684e-15j  1.7802845 -1.77635684e-15j  5.19882082-4.44089210e-16j -1.40657759+0.00000000e+00j  4.23032973-7.77156117e-16j
          -5.10266187+6.10622664e-16j]
         [ 0.39135718+8.88178420e-16j  7.80946203+2.22044605e-16j  1.7802845 -1.77635684e-15j 35.27666755-8.88178420e-16j -6.4397087 -2.22044605e-16j -4.20249174-2.22044605e-16j  2.45344385+6.66133815e-16j
          -2.0425786 -4.44089210e-16j]
         [ 0.39519543-2.22044605e-16j 10.93591731-2.22044605e-16j  5.19882082-4.44089210e-16j -6.4397087 -2.22044605e-16j 47.99564571-2.66453526e-15j  5.69214199+1.08246745e-15j  9.43921929+1.11022302e-16j
           3.21410371+0.00000000e+00j]
         [ 6.36256195+0.00000000e+00j  0.39139434-4.44089210e-16j -1.40657759+0.00000000e+00j -4.20249174-2.22044605e-16j  5.69214199+1.08246745e-15j 25.43585667-4.44089210e-16j -3.86900439-2.22044605e-16j
          -3.70046881+0.00000000e+00j]
         [ 9.97607053+0.00000000e+00j  0.94826699+0.00000000e+00j  4.23032973-7.77156117e-16j  2.45344385+6.66133815e-16j  9.43921929+1.11022302e-16j -3.86900439-2.22044605e-16j 52.19111438+0.00000000e+00j
          -3.59278372+0.00000000e+00j]
         [ 1.32001686+4.44089210e-16j  0.78233708+0.00000000e+00j -5.10266187+6.10622664e-16j -2.0425786 -4.44089210e-16j  3.21410371+0.00000000e+00j -3.70046881+0.00000000e+00j -3.59278372+0.00000000e+00j
          19.43755959-1.77635684e-15j]]
        labels=[('kl', 'ZKRTJKhH'), ('kl*', 'ZKRTJKhH*')],
        shape=(8, 8),
    )
    eigvals of hessian_by_M: DiagonalTensor(
        [12.04542943 15.95499524 21.93445081 26.97946261 36.83833182 45.83857949 52.07478321 65.53788315]
        labels=['jmRRbdAq', 'jmRRbdAq'],
        shape=(8, 8),
    )
WROR:
    iter_times, elapsed_time, sqdiff: 300, 0.571709156036377, 2.2631549119661623
    MSN: Tensor(
        [[-0.32372973-0.03473854j -0.37069733+0.08326155j -0.51373405+0.24984526j -0.63105021+0.09128609j]
         [-0.95705154+0.43952293j  0.57362724-0.24639004j -0.07009921+0.30917869j -0.45046675+0.17174349j]
         [-1.10144755+0.28221683j  0.40825824-0.63414186j -0.45048784-0.02210935j -0.78593365-0.29723216j]
         [ 0.15613496+0.09353823j  0.42987792-0.32286242j  0.41510851-0.35893973j  0.49242175-0.24572606j]]
        labels=['kl', 'kr'],
        shape=(4, 4),
    )
    grad_by_real_M: Tensor(
        [-2.47024623e-15-1.01307851e-15j -7.57727214e-15-4.44089210e-16j -1.32532874e-14+0.00000000e+00j -3.58046925e-15-3.60822483e-16j -5.81479309e-15-1.94289029e-16j -9.38138456e-15-1.02695630e-15j
          2.76792478e-14-6.24500451e-16j  1.14908083e-14+4.85722573e-16j]
        labels=[('kl', 'ZKRTJKhH')],
        shape=(8,),
    )
    grad_by_imag_M: Tensor(
        [-4.62130334e-15-8.32667268e-17j  8.88178420e-15-2.77555756e-17j  8.32667268e-15+5.96744876e-16j  2.61735078e-14+3.05311332e-16j  1.08246745e-15-4.02455846e-16j -7.29971639e-15-5.55111512e-16j
          3.52912144e-14+5.75928194e-16j  1.78329573e-14+4.85722573e-16j]
        labels=[('kl', 'ZKRTJKhH')],
        shape=(8,),
    )
    hessian_by_M: Tensor(
        [[44.25779296-1.66533454e-16j 11.44858633+0.00000000e+00j -2.94593718-4.44089210e-16j  1.05014293+0.00000000e+00j -1.57607455-7.21644966e-16j  3.06721946+0.00000000e+00j  8.37998574-8.88178420e-16j
           7.42548078-2.22044605e-16j]
         [11.44858633+0.00000000e+00j 16.60392586-8.88178420e-16j -1.93719551-6.10622664e-16j  4.75269934-2.22044605e-16j  6.60275343+3.33066907e-16j  2.70433916+0.00000000e+00j  0.37249403+2.22044605e-16j
           2.84396326-3.33066907e-16j]
         [-2.94593718-4.44089210e-16j -1.93719551-6.10622664e-16j 22.68127504-4.44089210e-16j  5.17064829+0.00000000e+00j  4.5791011 +0.00000000e+00j  0.10110422-4.44089210e-16j  3.87569854+1.66533454e-16j
          -2.27969978-4.44089210e-16j]
         [ 1.05014293+0.00000000e+00j  4.75269934-2.22044605e-16j  5.17064829+0.00000000e+00j 17.75277425-1.33226763e-15j -0.18479266+0.00000000e+00j -0.88388582+2.77555756e-16j  4.17135988+0.00000000e+00j
          -0.16563117+0.00000000e+00j]
         [-1.57607455-7.21644966e-16j  6.60275343+3.33066907e-16j  4.5791011 +0.00000000e+00j -0.18479266+0.00000000e+00j 42.77194075+0.00000000e+00j 16.7041575 -8.88178420e-16j  7.90691489+0.00000000e+00j
           5.95187701+8.88178420e-16j]
         [ 3.06721946+0.00000000e+00j  2.70433916+0.00000000e+00j  0.10110422-4.44089210e-16j -0.88388582+2.77555756e-16j 16.7041575 -8.88178420e-16j 19.92994759-1.77635684e-15j  0.86566958-2.22044605e-16j
           0.85951397+2.22044605e-16j]
         [ 8.37998574-8.88178420e-16j  0.37249403+2.22044605e-16j  3.87569854+1.66533454e-16j  4.17135988+0.00000000e+00j  7.90691489+0.00000000e+00j  0.86566958-2.22044605e-16j 51.85989513+3.55271368e-15j
          14.56584308+8.88178420e-16j]
         [ 7.42548078-2.22044605e-16j  2.84396326-3.33066907e-16j -2.27969978-4.44089210e-16j -0.16563117+0.00000000e+00j  5.95187701+8.88178420e-16j  0.85951397+2.22044605e-16j 14.56584308+8.88178420e-16j
          12.75171928-1.77635684e-15j]]
        labels=[('kl', 'ZKRTJKhH'), ('kl*', 'ZKRTJKhH*')],
        shape=(8, 8),
    )
    eigvals of hessian_by_M: DiagonalTensor(
        [ 5.71093607  7.087556   11.64279949 17.14906146 25.46581331 42.87373112 49.80155828 68.87781513]
        labels=['NiZFplnK', 'NiZFplnK'],
        shape=(8, 8),
    )
IWROR:
    iter_times, elapsed_time, sqdiff: 300, 0.5396420955657959, 2.263154911966161
    MSN: Tensor(
        [[-0.32372973-0.03473854j -0.37069733+0.08326155j -0.51373405+0.24984526j -0.63105021+0.09128609j]
         [-0.95705154+0.43952293j  0.57362724-0.24639004j -0.07009921+0.30917869j -0.45046675+0.17174349j]
         [-1.10144755+0.28221683j  0.40825824-0.63414186j -0.45048784-0.02210935j -0.78593365-0.29723216j]
         [ 0.15613496+0.09353823j  0.42987792-0.32286242j  0.41510851-0.35893973j  0.49242175-0.24572606j]]
        labels=['kl', 'kr'],
        shape=(4, 4),
    )
    grad_by_real_M: Tensor(
        [ 1.68753900e-14-8.25728375e-16j  1.22124533e-15+4.71844785e-16j -2.04836148e-14+1.08246745e-15j  1.56541446e-14+7.35522754e-16j  3.36675132e-14-5.27355937e-16j  1.99840144e-14-5.68989300e-16j
          2.30718222e-14+2.77555756e-16j  9.08301212e-15+3.60822483e-16j]
        labels=[('kl', 'ZKRTJKhH')],
        shape=(8,),
    )
    grad_by_imag_M: Tensor(
        [ 9.15240106e-15+1.60982339e-15j -1.44606549e-14+1.11022302e-15j  1.34614542e-14+1.58206781e-15j  2.34534614e-15+7.77156117e-16j  2.26763053e-14-1.80411242e-15j  1.40859546e-14+4.99600361e-16j
          7.91033905e-15-4.09394740e-16j  1.49602553e-14-7.56339436e-16j]
        labels=[('kl', 'ZKRTJKhH')],
        shape=(8,),
    )
    hessian_by_M: Tensor(
        [[ 4.32251872e+01+1.44328993e-15j  9.16170090e+00-4.44089210e-16j -3.01613228e+00+0.00000000e+00j  1.78765766e-01-4.44089210e-16j -1.15155544e+00+1.66533454e-16j  4.39200061e+00-4.44089210e-16j
           8.17871207e+00+8.88178420e-16j  5.72274147e+00+2.22044605e-16j]
         [ 9.16170090e+00-4.44089210e-16j  1.94881737e+01+8.88178420e-16j -7.79601375e-01-4.44089210e-16j  6.43433349e+00+0.00000000e+00j  8.08530163e+00-1.11022302e-16j  3.80342732e+00+0.00000000e+00j
           1.68503698e+00+0.00000000e+00j  2.56858287e+00+0.00000000e+00j]
         [-3.01613228e+00+0.00000000e+00j -7.79601375e-01-4.44089210e-16j  2.22684351e+01-8.88178420e-16j  4.23652084e+00-9.02056208e-16j  4.16501135e+00-8.88178420e-16j -5.20757629e-02+1.33226763e-15j
           3.69965644e+00-5.55111512e-17j -3.48323794e+00+4.44089210e-16j]
         [ 1.78765766e-01-4.44089210e-16j  6.43433349e+00+0.00000000e+00j  4.23652084e+00-9.02056208e-16j  2.41463362e+01+4.44089210e-16j -1.74946455e+00+2.22044605e-16j -2.65272475e+00-1.11022302e-16j
           4.67332316e+00-5.55111512e-16j -9.97665662e-01+2.22044605e-16j]
         [-1.15155544e+00+1.66533454e-16j  8.08530163e+00-1.11022302e-16j  4.16501135e+00-8.88178420e-16j -1.74946455e+00+2.22044605e-16j  4.20433617e+01-2.77555756e-16j  1.57356977e+01+2.22044605e-16j
           7.62249509e+00-1.11022302e-16j  6.08904658e+00+4.44089210e-16j]
         [ 4.39200061e+00-4.44089210e-16j  3.80342732e+00+0.00000000e+00j -5.20757629e-02+1.33226763e-15j -2.65272475e+00-1.11022302e-16j  1.57356977e+01+2.22044605e-16j  2.35005100e+01-4.44089210e-16j
          -3.37366075e-02-6.66133815e-16j -5.34363021e-01-1.11022302e-16j]
         [ 8.17871207e+00+8.88178420e-16j  1.68503698e+00+0.00000000e+00j  3.69965644e+00-5.55111512e-17j  4.67332316e+00-5.55111512e-16j  7.62249509e+00-1.11022302e-16j -3.37366075e-02-6.66133815e-16j
           5.10208136e+01-1.77635684e-15j  1.23858730e+01+0.00000000e+00j]
         [ 5.72274147e+00+2.22044605e-16j  2.56858287e+00+0.00000000e+00j -3.48323794e+00+4.44089210e-16j -9.97665662e-01+2.22044605e-16j  6.08904658e+00+4.44089210e-16j -5.34363021e-01-1.11022302e-16j
           1.23858730e+01+0.00000000e+00j  1.43553151e+01-4.44089210e-16j]]
        labels=[('kl', 'ZKRTJKhH'), ('kl*', 'ZKRTJKhH*')],
        shape=(8, 8),
    )
    eigvals of hessian_by_M: DiagonalTensor(
        [ 7.06776136  9.79717498 14.79433269 20.90823585 29.27537188 42.59426436 48.57761069 67.03338068]
        labels=['BqVqRDmA', 'BqVqRDmA'],
        shape=(8, 8),
    )
WLBOR:
    iter_times, elapsed_time, sqdiff: 300, 1.462562084197998, 2.2631549119661627
    MSN: Tensor(
        [[-0.32372974-0.03473853j -0.37069734+0.08326156j -0.51373406+0.24984527j -0.63105021+0.09128609j]
         [-0.95705154+0.43952294j  0.57362724-0.24639004j -0.07009921+0.30917869j -0.45046675+0.17174349j]
         [-1.10144755+0.28221683j  0.40825824-0.63414186j -0.45048784-0.02210935j -0.78593364-0.29723215j]
         [ 0.15613497+0.09353822j  0.42987791-0.32286243j  0.41510851-0.35893973j  0.49242174-0.24572605j]]
        labels=['kl', 'kr'],
        shape=(4, 4),
    )
    grad_by_real_M: Tensor(
        [-5.61930892e-08+3.46944695e-16j -1.81302905e-08-4.51028104e-16j -2.23511492e-08-1.66533454e-16j -5.68379011e-09+2.01227923e-16j  1.57966337e-08+1.38777878e-15j  4.43939632e-09-4.92661467e-16j
         -4.34021442e-08+0.00000000e+00j -1.68399218e-08-1.24900090e-16j]
        labels=[('kl', 'ZKRTJKhH')],
        shape=(8,),
    )
    grad_by_imag_M: Tensor(
        [ 3.42153607e-08-1.11022302e-16j -2.99350083e-08+2.98372438e-16j -1.53164045e-08-2.22044605e-16j  1.97616317e-09+2.77555756e-16j  4.38349518e-09+1.17961196e-15j  1.76979996e-08-3.60822483e-16j
          2.63003035e-08+6.10622664e-16j -9.01263256e-09+4.85722573e-16j]
        labels=[('kl', 'ZKRTJKhH')],
        shape=(8,),
    )
    hessian_by_M: Tensor(
        [[45.97949043+8.88178420e-16j -3.94042915-5.82867088e-16j  0.08778861-8.88178420e-16j  2.57144477-8.88178420e-16j  2.81129216+2.22044605e-16j  5.47509451+8.88178420e-16j 10.33376705+0.00000000e+00j
           0.64392868+8.88178420e-16j]
         [-3.94042915-5.82867088e-16j 28.81615035+8.88178420e-16j  5.54938892-4.44089210e-16j  7.28401721+6.66133815e-16j 11.49432232+5.55111512e-16j -1.14831434-2.77555756e-16j -0.17183504+8.88178420e-16j
           0.65256158-4.44089210e-16j]
         [ 0.08778861-8.88178420e-16j  5.54938892-4.44089210e-16j 25.67672329-1.77635684e-15j  4.98371581+0.00000000e+00j  4.12558362+4.44089210e-16j -2.00041978-2.22044605e-16j  3.80460644-4.44089210e-16j
          -5.82619724-3.33066907e-16j]
         [ 2.57144477-8.88178420e-16j  7.28401721+6.66133815e-16j  4.98371581+0.00000000e+00j 36.97166747+8.88178420e-16j -7.84241037+0.00000000e+00j -3.85015205-4.44089210e-16j  1.70099558+2.22044605e-16j
          -1.88319784+0.00000000e+00j]
         [ 2.81129216+2.22044605e-16j 11.49432232+5.55111512e-16j  4.12558362+4.44089210e-16j -7.84241037+0.00000000e+00j 50.08115382+0.00000000e+00j  4.59741387+5.55111512e-16j  9.28753561-8.88178420e-16j
           1.93244734-4.44089210e-16j]
         [ 5.47509451+8.88178420e-16j -1.14831434-2.77555756e-16j -2.00041978-2.22044605e-16j -3.85015205-4.44089210e-16j  4.59741387+5.55111512e-16j 26.27747174+0.00000000e+00j -5.62864995+0.00000000e+00j
          -3.82982993-2.22044605e-16j]
         [10.33376705+0.00000000e+00j -0.17183504+8.88178420e-16j  3.80460644-4.44089210e-16j  1.70099558+2.22044605e-16j  9.28753561-8.88178420e-16j -5.62864995+0.00000000e+00j 50.71449346-2.22044605e-15j
          -6.70345405+0.00000000e+00j]
         [ 0.64392868+8.88178420e-16j  0.65256158-4.44089210e-16j -5.82619724-3.33066907e-16j -1.88319784+0.00000000e+00j  1.93244734-4.44089210e-16j -3.82982993-2.22044605e-16j -6.70345405+0.00000000e+00j
          22.69310397-1.77635684e-15j]]
        labels=[('kl', 'ZKRTJKhH'), ('kl*', 'ZKRTJKhH*')],
        shape=(8, 8),
    )
    eigvals of hessian_by_M: DiagonalTensor(
        [13.28593069 17.03882461 21.97603031 28.98584653 39.49338801 46.83181374 53.07922537 66.51919526]
        labels=['jmRRbdAq', 'jmRRbdAq'],
        shape=(8, 8),
    )
WNAG:
    iter_times, elapsed_time, sqdiff: 300, 0.6633589267730713, 2.2704694196222857
    MSN: Tensor(
        [[-0.31699269-0.03953151j -0.37582675+0.08271764j -0.51528741+0.24492012j -0.62914743+0.08655658j]
         [-0.95590181+0.44589772j  0.57050999-0.24992739j -0.07037421+0.31087271j -0.45231476+0.17521365j]
         [-1.09287951+0.29354003j  0.40313149-0.64254375j -0.44675616-0.02331508j -0.78273677-0.29314288j]
         [ 0.15223069+0.10195882j  0.43404027-0.32474032j  0.41853191-0.35437016j  0.49225089-0.23953273j]]
        labels=['kl', 'kr'],
        shape=(4, 4),
    )
    grad_by_real_M: Tensor(
        [-0.22038511+3.33066907e-16j -0.27867229-1.58900670e-15j -0.06797975+6.38378239e-16j -0.30485332-7.49400542e-16j -0.60481349-5.55111512e-16j -0.20729897-4.44089210e-16j -0.10509224+6.66133815e-16j
          0.2066895 -5.82867088e-16j]
        labels=[('kl', 'ZKRTJKhH')],
        shape=(8,),
    )
    grad_by_imag_M: Tensor(
        [ 0.28367893+1.36002321e-15j -0.08979041-2.77555756e-17j  0.11747025+1.33226763e-15j  0.10596971+9.15933995e-16j -0.07251415+4.99600361e-16j -0.36850303-2.22044605e-16j -0.31368021+4.44089210e-16j
         -0.1060534 +6.66133815e-16j]
        labels=[('kl', 'ZKRTJKhH')],
        shape=(8,),
    )
    hessian_by_M: Tensor(
        [[ 50.00347341+0.00000000e+00j  13.59671208+3.55271368e-15j  15.60127937+0.00000000e+00j  21.0758645 +0.00000000e+00j  11.67367567+0.00000000e+00j -11.44071505+0.00000000e+00j
            6.53767681+0.00000000e+00j  -2.5164838 +8.88178420e-16j]
         [ 13.59671208+3.55271368e-15j  65.60448701+1.77635684e-15j  -2.48908664+1.77635684e-15j  14.52771929+0.00000000e+00j   6.1209149 -8.88178420e-16j   6.51898257+4.44089210e-16j
            0.90718517-1.11022302e-16j   2.63986651+0.00000000e+00j]
         [ 15.60127937+0.00000000e+00j  -2.48908664+1.77635684e-15j  62.35275484+1.77635684e-15j  25.25809175+0.00000000e+00j  -8.37417587-8.88178420e-16j   0.90404745+0.00000000e+00j
           -2.97813986+0.00000000e+00j -16.89359965-1.33226763e-15j]
         [ 21.0758645 +0.00000000e+00j  14.52771929+0.00000000e+00j  25.25809175+0.00000000e+00j  84.91651491+0.00000000e+00j  -4.14897489+0.00000000e+00j -13.93504838+4.44089210e-16j
           13.35350971+0.00000000e+00j  -5.4840312 -1.77635684e-15j]
         [ 11.67367567+0.00000000e+00j   6.1209149 -8.88178420e-16j  -8.37417587-8.88178420e-16j  -4.14897489+0.00000000e+00j  61.55251977+0.00000000e+00j  11.31699735+3.55271368e-15j
           -1.87822574-1.77635684e-15j   4.06545572+1.33226763e-15j]
         [-11.44071505+0.00000000e+00j   6.51898257+4.44089210e-16j   0.90404745+0.00000000e+00j -13.93504838+4.44089210e-16j  11.31699735+3.55271368e-15j  67.50489817-8.88178420e-16j
          -11.57724958-8.88178420e-16j  -9.09592545+0.00000000e+00j]
         [  6.53767681+0.00000000e+00j   0.90718517-1.11022302e-16j  -2.97813986+0.00000000e+00j  13.35350971+0.00000000e+00j  -1.87822574-1.77635684e-15j -11.57724958-8.88178420e-16j
           38.98946123-1.77635684e-15j   1.94473478+3.55271368e-15j]
         [ -2.5164838 +8.88178420e-16j   2.63986651+0.00000000e+00j -16.89359965-1.33226763e-15j  -5.4840312 -1.77635684e-15j   4.06545572+1.33226763e-15j  -9.09592545+0.00000000e+00j
            1.94473478+3.55271368e-15j  58.14030612+1.77635684e-15j]]
        labels=[('kl', 'ZKRTJKhH'), ('kl*', 'ZKRTJKhH*')],
        shape=(8, 8),
    )
    eigvals of hessian_by_M: DiagonalTensor(
        [ 23.50516921  31.42044946  42.53810903  45.04356803  56.96299     81.73299329  83.76323473 124.09790171]
        labels=['jmRRbdAq', 'jmRRbdAq'],
        shape=(8, 8),
    )
SNAG:
    iter_times, elapsed_time, sqdiff: 300, 0.6135480403900146, 2.2631549119661623
    MSN: Tensor(
        [[-0.32372973-0.03473854j -0.37069733+0.08326155j -0.51373405+0.24984526j -0.63105021+0.09128609j]
         [-0.95705154+0.43952293j  0.57362724-0.24639004j -0.07009921+0.30917869j -0.45046675+0.17174349j]
         [-1.10144755+0.28221683j  0.40825824-0.63414186j -0.45048784-0.02210935j -0.78593365-0.29723216j]
         [ 0.15613496+0.09353823j  0.42987792-0.32286242j  0.41510851-0.35893973j  0.49242175-0.24572606j]]
        labels=['kl', 'kr'],
        shape=(4, 4),
    )
    grad_by_real_M: Tensor(
        [-9.71445147e-17-9.08995101e-16j -3.21270788e-15-5.55111512e-17j  1.20042865e-15+6.93889390e-17j -3.16413562e-15+6.72205347e-18j  2.38697950e-15-1.38777878e-17j -7.79931675e-15+1.83880688e-16j
          3.33066907e-16-6.93889390e-17j  9.56179580e-15-6.69603262e-16j]
        labels=[('kl', 'ZKRTJKhH')],
        shape=(8,),
    )
    grad_by_imag_M: Tensor(
        [ 2.15105711e-16-7.07767178e-16j  1.66533454e-16+5.89805982e-16j  6.24500451e-16-1.17961196e-16j -3.92351082e-15+2.22044605e-16j  1.70696790e-15-5.55111512e-17j  7.72298892e-15-2.22044605e-16j
          5.13478149e-15-6.03683770e-16j  7.18175519e-16+4.99600361e-16j]
        labels=[('kl', 'ZKRTJKhH')],
        shape=(8,),
    )
    hessian_by_M: Tensor(
        [[10.28199264+4.44089210e-16j -4.86146904+0.00000000e+00j  1.36554795+3.33066907e-16j -2.51002617+1.11022302e-16j -1.94500188-1.11022302e-16j  1.11362689+0.00000000e+00j  1.42932652-4.44089210e-16j
           0.64613854+2.22044605e-16j]
         [-4.86146904+0.00000000e+00j  8.88284704-4.44089210e-16j -1.77427183+2.22044605e-16j  2.90589801+0.00000000e+00j  0.68135207-5.55111512e-17j  1.22587963-1.66533454e-16j -1.23125964+1.38777878e-16j
           1.28714373-1.66533454e-16j]
         [ 1.36554795+3.33066907e-16j -1.77427183+2.22044605e-16j  7.78928997+8.88178420e-16j -6.29929617+0.00000000e+00j  1.56064624+8.32667268e-17j -0.45281916+1.11022302e-16j  0.70429403-1.38777878e-17j
          -0.63666122-5.55111512e-17j]
         [-2.51002617+1.11022302e-16j  2.90589801+0.00000000e+00j -6.29929617+0.00000000e+00j 10.3484776 +4.44089210e-16j  0.02852442+1.11022302e-16j -0.64996162+1.80411242e-16j  0.84297409-8.32667268e-17j
          -0.24207737+0.00000000e+00j]
         [-1.94500188-1.11022302e-16j  0.68135207-5.55111512e-17j  1.56064624+8.32667268e-17j  0.02852442+1.11022302e-16j  8.78819003+4.44089210e-16j -4.24950814+0.00000000e+00j  1.17530363+1.11022302e-16j
           0.78334464+1.11022302e-16j]
         [ 1.11362689+0.00000000e+00j  1.22587963-1.66533454e-16j -0.45281916+1.11022302e-16j -0.64996162+1.80411242e-16j -4.24950814+0.00000000e+00j 10.39227339+0.00000000e+00j -0.26168023-2.22044605e-16j
           0.0915125 +1.66533454e-16j]
         [ 1.42932652-4.44089210e-16j -1.23125964+1.38777878e-16j  0.70429403-1.38777878e-17j  0.84297409-8.32667268e-17j  1.17530363+1.11022302e-16j -0.26168023-2.22044605e-16j  8.66306755+2.22044605e-16j
          -2.14786861-4.44089210e-16j]
         [ 0.64613854+2.22044605e-16j  1.28714373-1.66533454e-16j -0.63666122-5.55111512e-17j -0.24207737+0.00000000e+00j  0.78334464+1.11022302e-16j  0.0915125 +1.66533454e-16j -2.14786861-4.44089210e-16j
           6.3077197 +0.00000000e+00j]]
        labels=[('kl', 'ZKRTJKhH'), ('kl*', 'ZKRTJKhH*')],
        shape=(8, 8),
    )
    eigvals of hessian_by_M: DiagonalTensor(
        [ 2.13202272  3.26381049  3.9644475   6.75264383  9.0890461  11.79847126 14.8861168  19.56729922]
        labels=['jmRRbdAq', 'jmRRbdAq'],
        shape=(8, 8),
    )
SSpiral(8):
    iter_times, elapsed_time, sqdiff: 300, 0.9518551826477051, 2.263154911966162
    MSN: Tensor(
        [[-0.32372973-0.03473854j -0.37069733+0.08326155j -0.51373405+0.24984526j -0.63105021+0.09128609j]
         [-0.95705154+0.43952293j  0.57362724-0.24639004j -0.07009921+0.30917869j -0.45046675+0.17174349j]
         [-1.10144755+0.28221683j  0.40825824-0.63414186j -0.45048784-0.02210935j -0.78593365-0.29723216j]
         [ 0.15613496+0.09353823j  0.42987792-0.32286242j  0.41510851-0.35893973j  0.49242175-0.24572606j]]
        labels=['kl', 'kr'],
        shape=(4, 4),
    )
    grad_by_real_M: Tensor(
        [-2.00950367e-14-4.88324658e-16j  1.37667655e-14+4.71844785e-16j -1.74582571e-14-1.66533454e-16j  8.15320034e-15+6.10622664e-16j  6.23112673e-15+3.88578059e-16j  3.87884169e-15-1.24900090e-16j
         -2.21142549e-14-9.85322934e-16j  2.13613849e-14+1.38777878e-17j]
        labels=[('kl', 'ZKRTJKhH')],
        shape=(8,),
    )
    grad_by_imag_M: Tensor(
        [-1.21942387e-14+8.88178420e-16j  8.27116153e-15-8.32667268e-17j  7.38298311e-15-4.44089210e-16j  2.85882429e-15+1.35308431e-15j -7.93809463e-15-5.18682319e-16j  4.87110352e-15+1.57512892e-15j
         -1.86378690e-14+3.46944695e-17j  1.02695630e-14+6.34908792e-16j]
        labels=[('kl', 'ZKRTJKhH')],
        shape=(8,),
    )
    hessian_by_M: Tensor(
        [[ 46.49879613+1.77635684e-15j -31.69787365+1.11022302e-15j   0.26545006+8.88178420e-16j  -3.31377932+0.00000000e+00j  -0.68319924-6.66133815e-16j   9.0566534 -8.88178420e-16j
            9.97713331+8.88178420e-16j  -6.37588124+0.00000000e+00j]
         [-31.69787365+1.11022302e-15j  53.98232865-1.77635684e-15j   5.70446811+0.00000000e+00j   6.90447286-1.77635684e-15j  11.9515743 +4.44089210e-16j -11.12058144-4.44089210e-16j
           -3.05384294+8.88178420e-16j   2.99404575+0.00000000e+00j]
         [  0.26545006+8.88178420e-16j   5.70446811+0.00000000e+00j  25.08336484-1.77635684e-15j -14.45001337+1.33226763e-15j   6.09018042-8.88178420e-16j  -5.1575485 +3.88578059e-16j
            4.35142553-1.11022302e-16j  -6.68382704+2.22044605e-16j]
         [ -3.31377932+0.00000000e+00j   6.90447286-1.77635684e-15j -14.45001337+1.33226763e-15j  51.59906372+0.00000000e+00j -11.56267578+0.00000000e+00j   1.87011859-4.44089210e-16j
           -1.41582132-8.88178420e-16j   0.65203555-8.88178420e-16j]
         [ -0.68319924-6.66133815e-16j  11.9515743 +4.44089210e-16j   6.09018042-8.88178420e-16j -11.56267578+0.00000000e+00j  47.5023568 +1.77635684e-15j -22.36424289+2.22044605e-16j
            9.56623595-2.22044605e-16j  -2.97039372-6.66133815e-16j]
         [  9.0566534 -8.88178420e-16j -11.12058144-4.44089210e-16j  -5.1575485 +3.88578059e-16j   1.87011859-4.44089210e-16j -22.36424289+2.22044605e-16j  41.76155809-1.77635684e-15j
           -9.07937457-2.22044605e-16j  -0.97144277-1.94289029e-16j]
         [  9.97713331+8.88178420e-16j  -3.05384294+8.88178420e-16j   4.35142553-1.11022302e-16j  -1.41582132-8.88178420e-16j   9.56623595-2.22044605e-16j  -9.07937457-2.22044605e-16j
           49.67167748+2.66453526e-15j -32.22945845-8.88178420e-16j]
         [ -6.37588124+0.00000000e+00j   2.99404575+0.00000000e+00j  -6.68382704+2.22044605e-16j   0.65203555-8.88178420e-16j  -2.97039372-6.66133815e-16j  -0.97144277-1.94289029e-16j
          -32.22945845-8.88178420e-16j  47.3366149 +8.88178420e-16j]]
        labels=[('kl', 'ZKRTJKhH'), ('kl*', 'ZKRTJKhH*')],
        shape=(8, 8),
    )
    eigvals of hessian_by_M: DiagonalTensor(
        [ 9.81815661 15.5171148  19.98804918 24.18277878 44.2458762  62.98438532 91.69006231 95.00933741]
        labels=['jmRRbdAq', 'jmRRbdAq'],
        shape=(8, 8),
    )
SSpiral(11):
    iter_times, elapsed_time, sqdiff: 300, 0.9486339092254639, 2.263154911966161
    MSN: Tensor(
        [[-0.32372973-0.03473854j -0.37069733+0.08326155j -0.51373405+0.24984526j -0.63105021+0.09128609j]
         [-0.95705154+0.43952293j  0.57362724-0.24639004j -0.07009921+0.30917869j -0.45046675+0.17174349j]
         [-1.10144755+0.28221683j  0.40825824-0.63414186j -0.45048784-0.02210935j -0.78593365-0.29723216j]
         [ 0.15613496+0.09353823j  0.42987792-0.32286242j  0.41510851-0.35893973j  0.49242175-0.24572606j]]
        labels=['kl', 'kr'],
        shape=(4, 4),
    )
    grad_by_real_M: Tensor(
        [ 6.24500451e-14-1.30451205e-15j -3.69981823e-14+3.88578059e-16j  1.95884975e-14+2.77555756e-16j -6.12183915e-15-5.27355937e-16j  1.70974346e-14-4.44089210e-16j -1.47278023e-14+5.55111512e-17j
          6.67911906e-15-4.44089210e-16j  1.45774912e-14+7.63278329e-16j]
        labels=[('kl', 'ZKRTJKhH')],
        shape=(8,),
    )
    grad_by_imag_M: Tensor(
        [ 6.14369666e-14+3.88578059e-16j -7.91033905e-14+6.38378239e-16j  6.21169782e-14+5.41233725e-16j -8.26283486e-14+2.68882139e-16j -5.90638649e-14-3.60822483e-16j  7.01105840e-14+7.25114413e-16j
          4.92383911e-14-1.76508114e-16j -5.98271432e-14+2.31544926e-16j]
        labels=[('kl', 'ZKRTJKhH')],
        shape=(8,),
    )
    hessian_by_M: Tensor(
        [[ 54.12122826+3.55271368e-15j -44.66791074-8.88178420e-16j   2.73932589+6.66133815e-16j  -5.8518277 -1.77635684e-15j  -0.27612851-4.44089210e-16j   8.26071846+4.44089210e-16j
           11.73150153+8.88178420e-16j -10.94877203-8.88178420e-16j]
         [-44.66791074-8.88178420e-16j  60.33403255+5.32907052e-15j   4.25823665+0.00000000e+00j   3.58254732-8.88178420e-16j  10.73521542+0.00000000e+00j -13.51728509+0.00000000e+00j
           -5.05305679-1.77635684e-15j   6.20901705-1.77635684e-15j]
         [  2.73932589+6.66133815e-16j   4.25823665+0.00000000e+00j  31.85481763+0.00000000e+00j -23.00571113+0.00000000e+00j   7.02150102+4.44089210e-16j  -6.49966609+1.11022302e-15j
            4.77923591-2.22044605e-16j  -5.88293333+0.00000000e+00j]
         [ -5.8518277 -1.77635684e-15j   3.58254732-8.88178420e-16j -23.00571113+0.00000000e+00j  45.14336269+0.00000000e+00j -13.60170457+4.44089210e-16j   7.10755517-8.88178420e-16j
           -4.40452512-2.22044605e-16j   3.50464831+2.22044605e-16j]
         [ -0.27612851-4.44089210e-16j  10.73521542+0.00000000e+00j   7.02150102+4.44089210e-16j -13.60170457+4.44089210e-16j  56.41716962+7.10542736e-15j -37.457624  -8.88178420e-16j
           10.89512965-8.88178420e-16j  -6.98351216-4.44089210e-16j]
         [  8.26071846+4.44089210e-16j -13.51728509+0.00000000e+00j  -6.49966609+1.11022302e-15j   7.10755517-8.88178420e-16j -37.457624  -8.88178420e-16j  47.02937471+0.00000000e+00j
          -10.9380044 +8.88178420e-16j   4.42351594-7.77156117e-16j]
         [ 11.73150153+8.88178420e-16j  -5.05305679-1.77635684e-15j   4.77923591-2.22044605e-16j  -4.40452512-2.22044605e-16j  10.89512965-8.88178420e-16j -10.9380044 +8.88178420e-16j
           54.55522974+0.00000000e+00j -43.69052263-8.88178420e-16j]
         [-10.94877203-8.88178420e-16j   6.20901705-1.77635684e-15j  -5.88293333+0.00000000e+00j   3.50464831+2.22044605e-16j  -6.98351216-4.44089210e-16j   4.42351594-7.77156117e-16j
          -43.69052263-8.88178420e-16j  57.08046013-1.77635684e-15j]]
        labels=[('kl', 'ZKRTJKhH'), ('kl*', 'ZKRTJKhH*')],
        shape=(8, 8),
    )
    eigvals of hessian_by_M: DiagonalTensor(
        [  7.39862346  11.95649743  15.04774239  15.90935535  50.84660613  69.91078767 114.68591506 120.78014785]
        labels=['jmRRbdAq', 'jmRRbdAq'],
        shape=(8, 8),
    )
SSpiral(14):
    iter_times, elapsed_time, sqdiff: 300, 0.9506621360778809, 2.263154911966163
    MSN: Tensor(
        [[-0.32372973-0.03473854j -0.37069733+0.08326155j -0.51373405+0.24984526j -0.63105021+0.09128609j]
         [-0.95705154+0.43952293j  0.57362724-0.24639004j -0.07009921+0.30917869j -0.45046675+0.17174349j]
         [-1.10144755+0.28221683j  0.40825824-0.63414186j -0.45048784-0.02210935j -0.78593365-0.29723216j]
         [ 0.15613496+0.09353823j  0.42987792-0.32286242j  0.41510851-0.35893973j  0.49242175-0.24572606j]]
        labels=['kl', 'kr'],
        shape=(4, 4),
    )
    grad_by_real_M: Tensor(
        [ 3.98570066e-14+6.24500451e-16j -4.69069228e-14-1.17961196e-16j -7.26987914e-14+1.66533454e-16j  7.99841963e-14-4.44089210e-16j  3.01703107e-14+1.16573418e-15j -2.99309189e-14-3.88578059e-16j
          1.51996471e-14-1.38777878e-16j -3.01213048e-15+6.24500451e-16j]
        labels=[('kl', 'ZKRTJKhH')],
        shape=(8,),
    )
    grad_by_imag_M: Tensor(
        [ 1.19487753e-14+9.99200722e-16j -1.79509185e-14-9.43689571e-16j  1.78190795e-14+3.67761377e-16j -4.42978987e-14+1.16660154e-16j -2.38142839e-14+7.77156117e-16j  3.46389584e-14-1.73472348e-17j
         -4.19941859e-14-2.09901541e-15j  4.53664883e-14+1.58358569e-15j]
        labels=[('kl', 'ZKRTJKhH')],
        shape=(8,),
    )
    hessian_by_M: Tensor(
        [[ 47.84730811+0.00000000e+00j -45.54080268-2.66453526e-15j   3.86998969-1.11022302e-16j  -8.36047761-1.77635684e-15j   2.35389351+6.66133815e-16j   5.66801903-4.44089210e-16j
           10.66812841+0.00000000e+00j -14.06720836+8.88178420e-16j]
         [-45.54080268-2.66453526e-15j  68.69331947+3.55271368e-15j   2.75932169+4.44089210e-16j   3.25546641+0.00000000e+00j   7.43759862-6.66133815e-16j -14.08695587-8.88178420e-16j
           -4.2315468 +0.00000000e+00j   9.32497371-1.77635684e-15j]
         [  3.86998969-1.11022302e-16j   2.75932169+4.44089210e-16j  30.65338963+3.55271368e-15j -25.09049221+1.77635684e-15j   4.80298171+1.77635684e-15j  -5.69290259+8.88178420e-16j
            3.65698662-4.44089210e-16j  -4.50437342-8.88178420e-16j]
         [ -8.36047761-1.77635684e-15j   3.25546641+0.00000000e+00j -25.09049221+1.77635684e-15j  45.56205597-7.10542736e-15j -13.41087538+8.88178420e-16j  10.56514745-4.44089210e-16j
           -5.49336531+6.66133815e-16j   5.40091154+0.00000000e+00j]
         [  2.35389351+6.66133815e-16j   7.43759862-6.66133815e-16j   4.80298171+1.77635684e-15j -13.41087538+8.88178420e-16j  52.55453175-7.10542736e-15j -41.98258011+4.44089210e-15j
            9.22888515-5.55111512e-16j  -8.62776003+4.44089210e-16j]
         [  5.66801903-4.44089210e-16j -14.08695587-8.88178420e-16j  -5.69290259+8.88178420e-16j  10.56514745-4.44089210e-16j -41.98258011+4.44089210e-15j  56.16826992-3.55271368e-15j
          -10.70359984+8.88178420e-16j   8.48857691+2.22044605e-16j]
         [ 10.66812841+0.00000000e+00j  -4.2315468 +0.00000000e+00j   3.65698662-4.44089210e-16j  -5.49336531+6.66133815e-16j   9.22888515-5.55111512e-16j -10.70359984+8.88178420e-16j
           47.20932305+3.55271368e-15j -42.70435716+0.00000000e+00j]
         [-14.06720836+8.88178420e-16j   9.32497371-1.77635684e-15j  -4.50437342-8.88178420e-16j   5.40091154+0.00000000e+00j  -8.62776003+4.44089210e-16j   8.48857691+2.22044605e-16j
          -42.70435716+0.00000000e+00j  65.79073503+8.88178420e-16j]]
        labels=[('kl', 'ZKRTJKhH'), ('kl*', 'ZKRTJKhH*')],
        shape=(8, 8),
    )
    eigvals of hessian_by_M: DiagonalTensor(
        [  7.78077693  12.01229826  12.8458493   13.11057232  53.55554323  71.49410863 116.34783492 127.33194934]
        labels=['jmRRbdAq', 'jmRRbdAq'],
        shape=(8, 8),
    )
SSpiral(17):
    iter_times, elapsed_time, sqdiff: 300, 0.97247314453125, 2.263154911966163
    MSN: Tensor(
        [[-0.32372973-0.03473854j -0.37069733+0.08326155j -0.51373405+0.24984526j -0.63105021+0.09128609j]
         [-0.95705154+0.43952293j  0.57362724-0.24639004j -0.07009921+0.30917869j -0.45046675+0.17174349j]
         [-1.10144755+0.28221683j  0.40825824-0.63414186j -0.45048784-0.02210935j -0.78593365-0.29723216j]
         [ 0.15613496+0.09353823j  0.42987792-0.32286242j  0.41510851-0.35893973j  0.49242175-0.24572606j]]
        labels=['kl', 'kr'],
        shape=(4, 4),
    )
    grad_by_real_M: Tensor(
        [ 6.26998453e-14+8.04911693e-16j -1.12854170e-13-7.91033905e-16j -9.47297796e-14+3.33066907e-16j  6.80983048e-14-5.55111512e-16j  8.77492523e-14+1.94289029e-16j -7.34690087e-14-2.22044605e-16j
          7.05199787e-14+1.12410081e-15j -3.71178782e-14-7.21644966e-16j]
        labels=[('kl', 'ZKRTJKhH')],
        shape=(8,),
    )
    grad_by_imag_M: Tensor(
        [ 9.11215547e-14+6.38378239e-16j -7.54812879e-14-6.10622664e-16j  1.47659662e-14-1.11022302e-16j -1.07580611e-13-9.71445147e-17j -4.69069228e-15+9.71445147e-17j  8.14903700e-14-5.55111512e-17j
         -2.23432384e-15-1.15879528e-15j  1.82631688e-14+7.99707522e-16j]
        labels=[('kl', 'ZKRTJKhH')],
        shape=(8,),
    )
    hessian_by_M: Tensor(
        [[ 30.47090564-3.55271368e-15j -29.12955349-8.88178420e-16j   5.51336746+0.00000000e+00j  -6.50818493+4.44089210e-16j   4.66024908+4.44089210e-16j  -0.22337419-1.11022302e-16j
            6.45861398-8.88178420e-16j  -8.31155102+4.44089210e-16j]
         [-29.12955349-8.88178420e-16j  49.24343186+0.00000000e+00j  -1.43682613-4.44089210e-16j   3.12969514+0.00000000e+00j   3.22018183-2.22044605e-16j  -8.37448227+8.88178420e-16j
           -4.69191051+0.00000000e+00j   7.94078616+0.00000000e+00j]
         [  5.51336746+0.00000000e+00j  -1.43682613-4.44089210e-16j  25.73104157-3.55271368e-15j -18.48816656+0.00000000e+00j   0.34376521-4.44089210e-16j  -2.38240005+6.66133815e-16j
            0.99927519+1.11022302e-16j  -1.70801422+4.44089210e-16j]
         [ -6.50818493+4.44089210e-16j   3.12969514+0.00000000e+00j -18.48816656+0.00000000e+00j  31.41638486+0.00000000e+00j  -8.06233696+3.33066907e-16j   8.27400714-8.88178420e-16j
           -3.87189198-2.22044605e-16j   4.28537132+0.00000000e+00j]
         [  4.66024908+4.44089210e-16j   3.22018183-2.22044605e-16j   0.34376521-4.44089210e-16j  -8.06233696+3.33066907e-16j  36.50096641+0.00000000e+00j -30.07409094+2.66453526e-15j
            4.08632186+2.22044605e-16j  -5.50568728+1.66533454e-16j]
         [ -0.22337419-1.11022302e-16j  -8.37448227+8.88178420e-16j  -2.38240005+6.66133815e-16j   8.27400714-8.88178420e-16j -30.07409094+2.66453526e-15j  42.84137507-1.77635684e-15j
           -6.9863875 -4.44089210e-16j   7.58121084+8.88178420e-16j]
         [  6.45861398-8.88178420e-16j  -4.69191051+0.00000000e+00j   0.99927519+1.11022302e-16j  -3.87189198-2.22044605e-16j   4.08632186+2.22044605e-16j  -6.9863875 -4.44089210e-16j
           27.29101906+1.77635684e-15j -25.151181  -1.77635684e-15j]
         [ -8.31155102+4.44089210e-16j   7.94078616+0.00000000e+00j  -1.70801422+4.44089210e-16j   4.28537132+0.00000000e+00j  -5.50568728+1.66533454e-16j   7.58121084+8.88178420e-16j
