b=4, chi=2, seed=312, 
NOR:
    iter_times, elapsed_time, sqdiff: 300, 0.37784814834594727, 0.16982467292085252
    MSN: Tensor(
        [[ 0.38282883-0.95224863j -0.14703024-0.352416j   -0.59717271+0.01913971j -0.29909361-0.4078719j ]
         [ 0.56749939-0.10768688j  0.76111119-0.2266054j  -0.82262242-1.05647643j -0.25339112+0.19586581j]
         [ 0.22859648+1.29220173j  0.49010569+0.24221361j  0.5005048 -0.50732524j  0.57164997+0.32739322j]
         [-0.52008302-0.1245834j  -0.80416741+0.34724288j  0.93423778+0.90619228j  0.03413356-0.39142872j]]
        labels=['kl', 'kr'],
        shape=(4, 4),
    )
    grad_by_real_M: Tensor(
        [-6.21724894e-15+1.12410081e-15j  3.32373018e-15+3.88578059e-16j  1.10467191e-14+1.36696210e-15j  4.96651331e-15-1.73472348e-16j  7.49400542e-15-2.22044605e-16j  3.09474668e-15+5.82867088e-16j
          1.23512311e-15-1.23338839e-15j  4.65122732e-15-1.56125113e-15j]
        labels=[('kl', 'YJrhqSZN')],
        shape=(8,),
    )
    grad_by_imag_M: Tensor(
        [-6.09234885e-15+1.83186799e-15j -7.32747196e-15+2.44942955e-15j -6.87644386e-15+1.16573418e-15j -5.66907632e-15-1.09114107e-15j -1.31873679e-14-2.77555756e-17j -1.20459198e-14-3.19189120e-16j
         -2.24993635e-15-9.71445147e-17j -1.20528587e-14-1.61025707e-15j]
        labels=[('kl', 'YJrhqSZN')],
        shape=(8,),
    )
    hessian_by_real_M: Tensor(
        [[53.11160595+0.00000000e+00j -4.49919863+1.77635684e-15j  5.55457783-8.88178420e-16j 11.36799076+1.94289029e-16j -4.70914911+0.00000000e+00j -2.88892866-8.88178420e-16j  0.54778907+0.00000000e+00j
           9.24184111+0.00000000e+00j]
         [-4.49919863+1.77635684e-15j 42.08252123+4.44089210e-16j 12.22172805-8.88178420e-16j -1.75745059-8.88178420e-16j  4.95186353+0.00000000e+00j  8.07723797+8.88178420e-16j -6.93689056-8.88178420e-16j
           5.00156992+0.00000000e+00j]
         [ 5.55457783-8.88178420e-16j 12.22172805-8.88178420e-16j 31.24050204+0.00000000e+00j -2.37682105+8.88178420e-16j  4.58817819-8.88178420e-16j -1.55517147-2.22044605e-16j -2.39980895+8.88178420e-16j
           7.43661288+5.55111512e-17j]
         [11.36799076+1.94289029e-16j -1.75745059-8.88178420e-16j -2.37682105+8.88178420e-16j 27.49719624-5.68989300e-16j -4.12579263+0.00000000e+00j -2.3412589 +0.00000000e+00j 11.17446571+8.88178420e-16j
           6.92542627+4.44089210e-16j]
         [-4.70914911+0.00000000e+00j  4.95186353+0.00000000e+00j  4.58817819-8.88178420e-16j -4.12579263+0.00000000e+00j 25.87846448-2.22044605e-16j  2.40010322+4.44089210e-16j  0.24056796-8.88178420e-16j
           5.52109792+1.11022302e-16j]
         [-2.88892866-8.88178420e-16j  8.07723797+8.88178420e-16j -1.55517147-2.22044605e-16j -2.3412589 +0.00000000e+00j  2.40010322+4.44089210e-16j 46.73554369-7.77156117e-16j  0.58129571+0.00000000e+00j
           3.75874805+1.77635684e-15j]
         [ 0.54778907+0.00000000e+00j -6.93689056-8.88178420e-16j -2.39980895+8.88178420e-16j 11.17446571+8.88178420e-16j  0.24056796-8.88178420e-16j  0.58129571+0.00000000e+00j 58.96490469+0.00000000e+00j
          -2.43985868+8.88178420e-16j]
         [ 9.24184111+0.00000000e+00j  5.00156992+0.00000000e+00j  7.43661288+5.55111512e-17j  6.92542627+4.44089210e-16j  5.52109792+1.11022302e-16j  3.75874805+1.77635684e-15j -2.43985868+8.88178420e-16j
          24.05028141-2.22044605e-16j]]
        labels=[('kl', 'YJrhqSZN'), ('kl*', 'YJrhqSZN*')],
        shape=(8, 8),
    )
    hessian_by_imag_M: Tensor(
        [[  0.        +0.00000000e+00j -14.93677994+3.10862447e-15j  -8.30842687-8.88178420e-16j   0.20189961+0.00000000e+00j   5.73723364+4.44089210e-16j -12.5473748 +0.00000000e+00j
            5.72845252+2.22044605e-16j  -8.97059156-8.88178420e-16j]
         [ 14.93677994-3.10862447e-15j   0.        +0.00000000e+00j   3.65589032+8.88178420e-16j   1.74026046+7.77156117e-16j   8.6181222 +4.44089210e-16j  -8.5129947 +8.88178420e-16j
           -5.41573207-4.44089210e-16j  11.07394144+1.77635684e-15j]
         [  8.30842687+8.88178420e-16j  -3.65589032-8.88178420e-16j   0.        +0.00000000e+00j   3.75610274+8.88178420e-16j   4.78774238+8.88178420e-16j  -1.47012097-1.11022302e-16j
           14.31983461+2.22044605e-16j  -0.88811862+0.00000000e+00j]
         [ -0.20189961+0.00000000e+00j  -1.74026046-7.77156117e-16j  -3.75610274-8.88178420e-16j   0.        +0.00000000e+00j   6.91954332+0.00000000e+00j   2.15064681-1.11022302e-15j
           -9.13911657+0.00000000e+00j  -1.65910539-4.44089210e-16j]
         [ -5.73723364-4.44089210e-16j  -8.6181222 -4.44089210e-16j  -4.78774238-8.88178420e-16j  -6.91954332+0.00000000e+00j   0.        +0.00000000e+00j  -2.15257719-1.33226763e-15j
           -0.0441897 +5.55111512e-16j  -1.70338429-8.88178420e-16j]
         [ 12.5473748 +0.00000000e+00j   8.5129947 -8.88178420e-16j   1.47012097+1.11022302e-16j  -2.15064681+1.11022302e-15j   2.15257719+1.33226763e-15j   0.        +0.00000000e+00j
          -16.14378765-8.32667268e-16j  13.13356004-2.22044605e-16j]
         [ -5.72845252-2.22044605e-16j   5.41573207+4.44089210e-16j -14.31983461-2.22044605e-16j   9.13911657+0.00000000e+00j   0.0441897 -5.55111512e-16j  16.14378765+8.32667268e-16j
            0.        +0.00000000e+00j  -8.90040701-2.22044605e-15j]
         [  8.97059156+8.88178420e-16j -11.07394144-1.77635684e-15j   0.88811862+0.00000000e+00j   1.65910539+4.44089210e-16j   1.70338429+8.88178420e-16j -13.13356004+2.22044605e-16j
            8.90040701+2.22044605e-15j   0.        +0.00000000e+00j]]
        labels=[('kl', 'YJrhqSZN'), ('kl*', 'YJrhqSZN*')],
        shape=(8, 8),
    )
    eigvals of hessian_by_real_M: DiagonalTensor(
        [11.67340304 18.90741757 24.47288244 27.39566331 41.98734806 54.63401102 60.97532214 69.51497215]
        labels=['iLnPokjV', 'iLnPokjV'],
        shape=(8, 8),
    )
    eigvals of hessian_by_imag_M: DiagonalTensor(
        [-37.26257744 -20.40261497 -11.42227396  -3.57187142   5.96572689  12.59590558  23.60749541  30.49020991]
        labels=['mghqxjHZ', 'mghqxjHZ'],
        shape=(8, 8),
    )
WCOR:
    iter_times, elapsed_time, sqdiff: 300, 0.4147491455078125, 0.16982467292085243
    MSN: Tensor(
        [[ 0.38282883-0.95224863j -0.14703024-0.352416j   -0.59717271+0.01913971j -0.29909361-0.4078719j ]
         [ 0.56749939-0.10768688j  0.76111119-0.2266054j  -0.82262242-1.05647643j -0.25339112+0.19586581j]
         [ 0.22859648+1.29220173j  0.49010569+0.24221361j  0.5005048 -0.50732524j  0.57164997+0.32739322j]
         [-0.52008302-0.1245834j  -0.80416741+0.34724288j  0.93423778+0.90619228j  0.03413356-0.39142872j]]
        labels=['kl', 'kr'],
        shape=(4, 4),
    )
    grad_by_real_M: Tensor(
        [ 2.38697950e-15-6.93889390e-17j  5.81566045e-15-1.16573418e-15j -8.18789481e-16+2.87964097e-16j -1.26045008e-14+6.93889390e-16j -3.63598041e-15-1.23165367e-15j  1.66533454e-16-4.16333634e-16j
         -2.31203945e-14-1.62023173e-15j -1.94132904e-14+6.93889390e-16j]
        labels=[('kl', 'YJrhqSZN')],
        shape=(8,),
    )
    grad_by_imag_M: Tensor(
        [-7.21644966e-16+8.32667268e-16j -5.32907052e-15+1.44892778e-15j -2.43312315e-14+1.20736754e-15j -1.41692214e-14-1.16920362e-15j -1.63098701e-14+6.10622664e-16j -6.02295991e-15-8.18789481e-16j
          7.10195791e-15-1.38777878e-16j -2.04974926e-14-1.87523608e-15j]
        labels=[('kl', 'YJrhqSZN')],
        shape=(8,),
    )
    hessian_by_real_M: Tensor(
        [[56.21403874+0.00000000e+00j  9.89438875+8.88178420e-16j  7.67227226+0.00000000e+00j 10.6487126 +4.44089210e-16j -4.97271713-8.88178420e-16j  0.15763088+0.00000000e+00j  0.76256019+0.00000000e+00j
           9.93987063+0.00000000e+00j]
         [ 9.89438875+8.88178420e-16j 31.70223863+4.44089210e-16j 12.13179576-6.66133815e-16j  1.85162389+0.00000000e+00j  5.7258946 -8.88178420e-16j  6.59298201-4.44089210e-16j -6.40974523+0.00000000e+00j
           4.06264113+4.44089210e-16j]
         [ 7.67227226+0.00000000e+00j 12.13179576-6.66133815e-16j 33.2719165 +0.00000000e+00j  3.50250894-2.22044605e-16j  4.42449903+4.44089210e-16j -0.59686571+0.00000000e+00j -1.09598106+0.00000000e+00j
           6.65918949-4.44089210e-16j]
         [10.6487126 +4.44089210e-16j  1.85162389+0.00000000e+00j  3.50250894-2.22044605e-16j 20.14576107+0.00000000e+00j -1.40810026+4.44089210e-16j -2.13406501-4.44089210e-16j  7.84177871+0.00000000e+00j
           7.17063973-4.44089210e-16j]
         [-4.97271713-8.88178420e-16j  5.7258946 -8.88178420e-16j  4.42449903+4.44089210e-16j -1.40810026+4.44089210e-16j 28.27334506-2.77555756e-16j  9.24950671-7.77156117e-16j  0.81922067+0.00000000e+00j
           5.14583291-1.11022302e-16j]
         [ 0.15763088+0.00000000e+00j  6.59298201-4.44089210e-16j -0.59686571+0.00000000e+00j -2.13406501-4.44089210e-16j  9.24950671-7.77156117e-16j 35.65136681-7.21644966e-16j -2.44123687+1.77635684e-15j
           3.19343433+0.00000000e+00j]
         [ 0.76256019+0.00000000e+00j -6.40974523+0.00000000e+00j -1.09598106+0.00000000e+00j  7.84177871+0.00000000e+00j  0.81922067+0.00000000e+00j -2.44123687+1.77635684e-15j 62.76476172-1.77635684e-15j
          10.21868319+0.00000000e+00j]
         [ 9.93987063+0.00000000e+00j  4.06264113+4.44089210e-16j  6.65918949-4.44089210e-16j  7.17063973-4.44089210e-16j  5.14583291-1.11022302e-16j  3.19343433+0.00000000e+00j 10.21868319+0.00000000e+00j
          18.79403672+2.22044605e-16j]]
        labels=[('kl', 'YJrhqSZN'), ('kl*', 'YJrhqSZN*')],
        shape=(8, 8),
    )
    hessian_by_imag_M: Tensor(
        [[  0.        +0.00000000e+00j -12.32898978+8.88178420e-16j  -8.59094609+0.00000000e+00j   1.55811433+0.00000000e+00j   5.85101029+0.00000000e+00j -10.83017673+1.11022302e-16j
            5.01925393-2.22044605e-16j  -4.14151753-8.88178420e-16j]
         [ 12.32898978-8.88178420e-16j   0.        +0.00000000e+00j  -0.71772989+0.00000000e+00j   1.55966393-2.22044605e-16j   6.46687529+0.00000000e+00j  -6.81159802+4.44089210e-16j
           -1.83759919+4.44089210e-16j   6.85782342+4.44089210e-16j]
         [  8.59094609+0.00000000e+00j   0.71772989+0.00000000e+00j   0.        +0.00000000e+00j   3.51860207+0.00000000e+00j   5.52594785+0.00000000e+00j  -0.68223757-2.22044605e-16j
           14.59368532+3.33066907e-16j   2.98263378+4.44089210e-16j]
         [ -1.55811433+0.00000000e+00j  -1.55966393+2.22044605e-16j  -3.51860207+0.00000000e+00j   0.        +0.00000000e+00j   7.69879071-8.88178420e-16j   2.4270183 +0.00000000e+00j
           -8.34257921+4.44089210e-16j  -2.24543197-4.44089210e-16j]
         [ -5.85101029+0.00000000e+00j  -6.46687529+0.00000000e+00j  -5.52594785+0.00000000e+00j  -7.69879071+8.88178420e-16j   0.        +0.00000000e+00j  -0.119483  -1.77635684e-15j
           -1.33818625-2.22044605e-16j   0.40855386+0.00000000e+00j]
         [ 10.83017673-1.11022302e-16j   6.81159802-4.44089210e-16j   0.68223757+2.22044605e-16j  -2.4270183 +0.00000000e+00j   0.119483  +1.77635684e-15j   0.        +0.00000000e+00j
          -13.35484118+4.44089210e-16j   7.55180153+4.44089210e-16j]
         [ -5.01925393+2.22044605e-16j   1.83759919-4.44089210e-16j -14.59368532-3.33066907e-16j   8.34257921-4.44089210e-16j   1.33818625+2.22044605e-16j  13.35484118-4.44089210e-16j
            0.        +0.00000000e+00j  -7.05382244-8.88178420e-16j]
         [  4.14151753+8.88178420e-16j  -6.85782342-4.44089210e-16j  -2.98263378-4.44089210e-16j   2.24543197+4.44089210e-16j  -0.40855386+0.00000000e+00j  -7.55180153-4.44089210e-16j
            7.05382244+8.88178420e-16j   0.        +0.00000000e+00j]]
        labels=[('kl', 'YJrhqSZN'), ('kl*', 'YJrhqSZN*')],
        shape=(8, 8),
    )
    eigvals of hessian_by_real_M: DiagonalTensor(
        [10.19606131 16.53204946 18.29694657 20.71204905 34.14061373 48.37867464 66.7603228  71.80074771]
        labels=['iLnPokjV', 'iLnPokjV'],
        shape=(8, 8),
    )
    eigvals of hessian_by_imag_M: DiagonalTensor(
        [-27.02883915 -16.94609219 -11.82845849  -5.54999141   2.27874112  10.04262458  21.76515518  27.26686036]
        labels=['mghqxjHZ', 'mghqxjHZ'],
        shape=(8, 8),
    )
WROR:
    iter_times, elapsed_time, sqdiff: 300, 0.5694069862365723, 0.16982467292085252
    MSN: Tensor(
        [[ 0.38282883-0.95224863j -0.14703024-0.352416j   -0.59717271+0.01913971j -0.29909361-0.4078719j ]
         [ 0.56749939-0.10768688j  0.76111119-0.2266054j  -0.82262242-1.05647643j -0.25339112+0.19586581j]
         [ 0.22859648+1.29220173j  0.49010569+0.24221361j  0.5005048 -0.50732524j  0.57164997+0.32739322j]
         [-0.52008302-0.1245834j  -0.80416741+0.34724288j  0.93423778+0.90619228j  0.03413356-0.39142872j]]
        labels=['kl', 'kr'],
        shape=(4, 4),
    )
    grad_by_real_M: Tensor(
        [ 2.11775042e-14-1.51267887e-15j  2.81441537e-14-6.66133815e-16j -1.15046861e-14-8.60422844e-16j -1.96648253e-14-1.51267887e-15j  1.82007187e-14+1.59594560e-15j  4.03253819e-14+1.92901251e-15j
         -8.37524494e-15-8.11850587e-16j -6.12010442e-15-9.36750677e-16j]
        labels=[('kl', 'YJrhqSZN')],
        shape=(8,),
    )
    grad_by_imag_M: Tensor(
        [-2.88033486e-14-1.38777878e-16j -2.60347299e-14-1.19348975e-15j -3.54161145e-14+4.30211422e-16j -3.12666559e-14-1.80411242e-16j -4.08978407e-14-1.93595140e-15j -2.02476924e-14-7.45931095e-16j
         -6.57737753e-14-2.56739074e-16j -8.71039352e-14-8.53483950e-16j]
        labels=[('kl', 'YJrhqSZN')],
        shape=(8,),
    )
    hessian_by_real_M: Tensor(
        [[40.25511254+1.77635684e-15j 27.03784795+4.44089210e-16j  9.16537431+4.44089210e-16j  8.71297412+0.00000000e+00j  0.18885634+0.00000000e+00j  6.1876344 +8.88178420e-16j  1.69068271+0.00000000e+00j
          10.00955646+2.22044605e-16j]
         [27.03784795+4.44089210e-16j 43.44206722-1.06858966e-15j 10.80064924+0.00000000e+00j  4.15460234-5.55111512e-16j  8.01147207-2.22044605e-16j 10.14555952+0.00000000e+00j -3.66071121+4.44089210e-16j
           5.47826924+0.00000000e+00j]
         [ 9.16537431+4.44089210e-16j 10.80064924+0.00000000e+00j 21.50483194+0.00000000e+00j 10.78310832+4.44089210e-16j  2.43302301+4.44089210e-16j -0.29113775-4.44089210e-16j  2.34109042-4.44089210e-16j
           6.93077562+4.44089210e-16j]
         [ 8.71297412+0.00000000e+00j  4.15460234-5.55111512e-16j 10.78310832+4.44089210e-16j 24.84702147+6.66133815e-16j  1.02178383+8.88178420e-16j -1.87967811+2.22044605e-16j  4.91346678+0.00000000e+00j
           8.85661069+6.66133815e-16j]
         [ 0.18885634+0.00000000e+00j  8.01147207-2.22044605e-16j  2.43302301+4.44089210e-16j  1.02178383+8.88178420e-16j 22.98841899-9.99200722e-16j 21.2056611 -2.22044605e-16j  0.39865187+8.88178420e-16j
           4.17227936+4.44089210e-16j]
         [ 6.1876344 +8.88178420e-16j 10.14555952+0.00000000e+00j -0.29113775-4.44089210e-16j -1.87967811+2.22044605e-16j 21.2056611 -2.22044605e-16j 45.31680289+6.66133815e-16j -4.70798   +0.00000000e+00j
           2.77398129-8.88178420e-16j]
         [ 1.69068271+0.00000000e+00j -3.66071121+4.44089210e-16j  2.34109042-4.44089210e-16j  4.91346678+0.00000000e+00j  0.39865187+8.88178420e-16j -4.70798   +0.00000000e+00j 42.23456866+0.00000000e+00j
          21.76691441-6.66133815e-16j]
         [10.00955646+2.22044605e-16j  5.47826924+0.00000000e+00j  6.93077562+4.44089210e-16j  8.85661069+6.66133815e-16j  4.17227936+4.44089210e-16j  2.77398129-8.88178420e-16j 21.76691441-6.66133815e-16j
          26.90119584-4.44089210e-16j]]
        labels=[('kl', 'YJrhqSZN'), ('kl*', 'YJrhqSZN*')],
        shape=(8, 8),
    )
    hessian_by_imag_M: Tensor(
        [[ 0.        +0.00000000e+00j -6.9651265 +0.00000000e+00j -4.61382398+8.88178420e-16j  3.96572897+0.00000000e+00j  1.39116366-1.11022302e-16j -9.43291566+8.88178420e-16j  3.2476337 -4.44089210e-16j
           3.00120276-8.88178420e-16j]
         [ 6.9651265 +0.00000000e+00j  0.        +0.00000000e+00j -4.22755035+8.88178420e-16j  1.69672522-4.44089210e-16j  0.57471365+0.00000000e+00j -9.11158841+1.77635684e-15j  3.37800215-4.44089210e-16j
           9.46546542-4.44089210e-16j]
         [ 4.61382398-8.88178420e-16j  4.22755035-8.88178420e-16j  0.        +0.00000000e+00j  3.10681053+0.00000000e+00j  4.86614903-4.44089210e-16j  0.52903949-8.32667268e-16j  6.79088894-2.22044605e-16j
           4.80426141+8.88178420e-16j]
         [-3.96572897+0.00000000e+00j -1.69672522+4.44089210e-16j -3.10681053+0.00000000e+00j  0.        +0.00000000e+00j  7.74279803+0.00000000e+00j  3.72589581-2.22044605e-16j -8.48782976-4.44089210e-16j
          -3.10461374+0.00000000e+00j]
         [-1.39116366+1.11022302e-16j -0.57471365+0.00000000e+00j -4.86614903+4.44089210e-16j -7.74279803+0.00000000e+00j  0.        +0.00000000e+00j  2.93293686+0.00000000e+00j -2.33084822+2.22044605e-16j
           4.13584087+0.00000000e+00j]
         [ 9.43291566-8.88178420e-16j  9.11158841-1.77635684e-15j -0.52903949+8.32667268e-16j -3.72589581+2.22044605e-16j -2.93293686+0.00000000e+00j  0.        +0.00000000e+00j -6.90815331-8.88178420e-16j
           8.7369039 -4.44089210e-16j]
         [-3.2476337 +4.44089210e-16j -3.37800215+4.44089210e-16j -6.79088894+2.22044605e-16j  8.48782976+4.44089210e-16j  2.33084822-2.22044605e-16j  6.90815331+8.88178420e-16j  0.        +0.00000000e+00j
          -3.70446328+0.00000000e+00j]
         [-3.00120276+8.88178420e-16j -9.46546542+4.44089210e-16j -4.80426141-8.88178420e-16j  3.10461374+0.00000000e+00j -4.13584087+0.00000000e+00j -8.7369039 +4.44089210e-16j  3.70446328+0.00000000e+00j
           0.        +0.00000000e+00j]]
        labels=[('kl', 'YJrhqSZN'), ('kl*', 'YJrhqSZN*')],
        shape=(8, 8),
    )
    eigvals of hessian_by_real_M: DiagonalTensor(
        [ 7.2099412   8.73315841 10.55907058 17.23384902 25.94279264 49.34489638 62.56067153 85.90563978]
        labels=['XCuYYYpE', 'XCuYYYpE'],
        shape=(8, 8),
    )
    eigvals of hessian_by_imag_M: DiagonalTensor(
        [-19.82480323 -11.24061397  -8.76372569  -7.26312073  -1.46693523   8.39194908  12.06845503  28.09879473]
        labels=['EPzYaSBs', 'EPzYaSBs'],
        shape=(8, 8),
    )
IWROR:
    iter_times, elapsed_time, sqdiff: 300, 0.45285892486572266, 0.16982467292084777
    MSN: Tensor(
        [[ 0.38282883-0.95224863j -0.14703024-0.352416j   -0.59717271+0.01913971j -0.29909361-0.4078719j ]
         [ 0.56749939-0.10768688j  0.76111119-0.2266054j  -0.82262242-1.05647643j -0.25339112+0.19586581j]
         [ 0.22859648+1.29220173j  0.49010569+0.24221361j  0.5005048 -0.50732524j  0.57164997+0.32739322j]
         [-0.52008302-0.1245834j  -0.80416741+0.34724288j  0.93423778+0.90619228j  0.03413356-0.39142872j]]
        labels=['kl', 'kr'],
        shape=(4, 4),
    )
    grad_by_real_M: Tensor(
        [ 3.12250226e-14-1.09634524e-15j  3.62904151e-14-1.13797860e-15j -5.07927034e-15+3.38271078e-16j -4.15986690e-14+1.96370697e-15j  1.37112544e-14+7.70217223e-16j  2.68084166e-14+2.63677968e-16j
          1.40165657e-15+7.28583860e-16j -3.40005801e-14-1.11022302e-15j]
        labels=[('kl', 'YJrhqSZN')],
        shape=(8,),
    )
    grad_by_imag_M: Tensor(
        [-3.63944985e-14-8.32667268e-17j -6.80011603e-15-4.99600361e-16j  2.77226159e-14-1.16573418e-15j -6.07153217e-15+7.63278329e-17j -2.14342433e-14+1.52655666e-16j -2.44387843e-14-4.05925293e-16j
         -1.88182803e-14+2.08166817e-16j -4.36456427e-14-1.80411242e-16j]
        labels=[('kl', 'YJrhqSZN')],
        shape=(8,),
    )
    hessian_by_real_M: Tensor(
        [[ 3.78932406e+01+8.88178420e-16j  2.53499740e+01+1.77635684e-15j  8.02659742e+00+0.00000000e+00j  7.91853187e+00-4.44089210e-16j  3.88636386e-01-4.44089210e-16j  5.87360481e+00+0.00000000e+00j
           1.52498851e+00-2.22044605e-16j  9.65298888e+00-4.44089210e-16j]
         [ 2.53499740e+01+1.77635684e-15j  4.12391395e+01+1.69309011e-15j  9.90272833e+00+4.44089210e-16j  3.77664972e+00+2.22044605e-16j  7.79912826e+00-3.33066907e-16j  9.75680887e+00+0.00000000e+00j
          -3.79514782e+00-2.22044605e-16j  5.17265375e+00+0.00000000e+00j]
         [ 8.02659742e+00+0.00000000e+00j  9.90272833e+00+4.44089210e-16j  1.97955727e+01+0.00000000e+00j  9.67970283e+00-8.88178420e-16j  2.58688172e+00+4.44089210e-16j -2.74826317e-02+6.66133815e-16j
           1.49006890e+00-4.44089210e-16j  6.13203760e+00+4.44089210e-16j]
         [ 7.91853187e+00-4.44089210e-16j  3.77664972e+00+2.22044605e-16j  9.67970283e+00-8.88178420e-16j  2.33103492e+01-2.22044605e-16j  1.19182392e+00-4.44089210e-16j -1.63221330e+00+0.00000000e+00j
           4.02175966e+00+8.88178420e-16j  8.10014318e+00+2.22044605e-16j]
         [ 3.88636386e-01-4.44089210e-16j  7.79912826e+00-3.33066907e-16j  2.58688172e+00+4.44089210e-16j  1.19182392e+00-4.44089210e-16j  2.09220373e+01+1.22124533e-15j  1.92292020e+01+4.44089210e-16j
          -6.82073215e-02-2.22044605e-16j  3.98765572e+00+0.00000000e+00j]
         [ 5.87360481e+00+0.00000000e+00j  9.75680887e+00+0.00000000e+00j -2.74826317e-02+6.66133815e-16j -1.63221330e+00+0.00000000e+00j  1.92292020e+01+4.44089210e-16j  4.26139913e+01+6.66133815e-16j
          -5.20260861e+00+0.00000000e+00j  2.40318250e+00+8.88178420e-16j]
         [ 1.52498851e+00-2.22044605e-16j -3.79514782e+00-2.22044605e-16j  1.49006890e+00-4.44089210e-16j  4.02175966e+00+8.88178420e-16j -6.82073215e-02-2.22044605e-16j -5.20260861e+00+0.00000000e+00j
           3.96292694e+01-1.77635684e-15j  2.04259574e+01-8.88178420e-16j]
         [ 9.65298888e+00-4.44089210e-16j  5.17265375e+00+0.00000000e+00j  6.13203760e+00+4.44089210e-16j  8.10014318e+00+2.22044605e-16j  3.98765572e+00+0.00000000e+00j  2.40318250e+00+8.88178420e-16j
           2.04259574e+01-8.88178420e-16j  2.55284585e+01+8.88178420e-16j]]
        labels=[('kl', 'YJrhqSZN'), ('kl*', 'YJrhqSZN*')],
        shape=(8, 8),
    )
    hessian_by_imag_M: Tensor(
        [[ 0.        +0.00000000e+00j -7.60088782+0.00000000e+00j -4.44488844+0.00000000e+00j  3.86653516+4.44089210e-16j  1.36356055-3.88578059e-16j -8.83731481-8.88178420e-16j  3.55966621+2.22044605e-16j
           3.01888518+0.00000000e+00j]
         [ 7.60088782+0.00000000e+00j  0.        +0.00000000e+00j -4.29717197+8.88178420e-16j  1.55658244-2.22044605e-16j  0.64335694+4.44089210e-16j -8.62303262+8.88178420e-16j  3.53380321+4.44089210e-16j
           9.18070156-4.44089210e-16j]
         [ 4.44488844+0.00000000e+00j  4.29717197-8.88178420e-16j  0.        +0.00000000e+00j  2.09627205+8.88178420e-16j  4.42476251+4.44089210e-16j  0.46831921+3.60822483e-16j  6.56238918+6.66133815e-16j
           4.57193447+4.44089210e-16j]
         [-3.86653516-4.44089210e-16j -1.55658244+2.22044605e-16j -2.09627205-8.88178420e-16j  0.        +0.00000000e+00j  7.16181245-4.44089210e-16j  3.49281512+1.11022302e-16j -7.81321937+8.88178420e-16j
          -2.88624207+0.00000000e+00j]
         [-1.36356055+3.88578059e-16j -0.64335694-4.44089210e-16j -4.42476251-4.44089210e-16j -7.16181245+4.44089210e-16j  0.        +0.00000000e+00j  1.64189174+0.00000000e+00j -1.77280791+0.00000000e+00j
           3.89646794+0.00000000e+00j]
         [ 8.83731481+8.88178420e-16j  8.62303262-8.88178420e-16j -0.46831921-3.60822483e-16j -3.49281512-1.11022302e-16j -1.64189174+0.00000000e+00j  0.        +0.00000000e+00j -6.23777737+0.00000000e+00j
           8.39439648+2.22044605e-16j]
         [-3.55966621-2.22044605e-16j -3.53380321-4.44089210e-16j -6.56238918-6.66133815e-16j  7.81321937-8.88178420e-16j  1.77280791+0.00000000e+00j  6.23777737+0.00000000e+00j  0.        +0.00000000e+00j
          -4.16768397-1.77635684e-15j]
         [-3.01888518+0.00000000e+00j -9.18070156+4.44089210e-16j -4.57193447-4.44089210e-16j  2.88624207+0.00000000e+00j -3.89646794+0.00000000e+00j -8.39439648-2.22044605e-16j  4.16768397+1.77635684e-15j
           0.        +0.00000000e+00j]]
        labels=[('kl', 'YJrhqSZN'), ('kl*', 'YJrhqSZN*')],
        shape=(8, 8),
    )
    eigvals of hessian_by_real_M: DiagonalTensor(
        [ 6.78323433  8.23941394 10.06326385 16.49429251 24.80043962 45.14479181 58.91732843 80.48929393]
        labels=['UJWyhZsV', 'UJWyhZsV'],
        shape=(8, 8),
    )
    eigvals of hessian_by_imag_M: DiagonalTensor(
        [-18.00283992 -11.11826589  -8.45798023  -7.14044173  -1.63030728   8.10249678  10.72962781  27.51771046]
        labels=['ixIEhLGI', 'ixIEhLGI'],
        shape=(8, 8),
    )
WLBOR:
    iter_times, elapsed_time, sqdiff: 300, 1.26859712600708, 0.16982467292085116
    MSN: Tensor(
        [[ 0.38282883-0.95224863j -0.14703024-0.352416j   -0.59717271+0.01913972j -0.29909361-0.4078719j ]
         [ 0.56749939-0.10768688j  0.76111119-0.2266054j  -0.82262242-1.05647643j -0.25339112+0.19586581j]
         [ 0.22859648+1.29220174j  0.49010569+0.24221361j  0.5005048 -0.50732524j  0.57164997+0.32739322j]
         [-0.52008302-0.12458341j -0.80416741+0.34724288j  0.93423778+0.90619228j  0.03413356-0.39142872j]]
        labels=['kl', 'kr'],
        shape=(4, 4),
    )
    grad_by_real_M: Tensor(
        [-1.52890062e-10-5.41233725e-16j  1.74419120e-09+4.16333634e-16j  3.59398961e-09-1.11022302e-16j  2.70529025e-10-7.42461648e-16j  3.45915580e-09+8.50014503e-17j  5.67408530e-09-1.94289029e-16j
          9.36796936e-09+1.34788014e-15j  1.32822270e-09-2.53963517e-15j]
        labels=[('kl', 'YJrhqSZN')],
        shape=(8,),
    )
    grad_by_imag_M: Tensor(
        [-2.11903327e-09+1.47104551e-15j  9.39511394e-09-5.62050406e-16j  4.21431640e-09+2.77555756e-16j  4.52992359e-10-1.49706636e-15j  6.33367631e-10-8.32667268e-16j  2.96481012e-09+7.35522754e-16j
          2.52135269e-09-1.56819002e-15j -9.17710005e-10+5.64652491e-16j]
        labels=[('kl', 'YJrhqSZN')],
        shape=(8,),
    )
    hessian_by_real_M: Tensor(
        [[55.59601651-1.77635684e-15j -3.65277819+0.00000000e+00j  6.01299838+0.00000000e+00j 11.71502911-4.44089210e-16j -5.23944103-8.88178420e-16j -3.04371552+1.77635684e-15j  0.55041452-4.44089210e-16j
           9.18861416+0.00000000e+00j]
         [-3.65277819+0.00000000e+00j 41.24270002+2.22044605e-16j 12.46446022+4.44089210e-16j -1.42332366+2.22044605e-16j  4.87181329+0.00000000e+00j  7.85563647+0.00000000e+00j -6.78207041-4.44089210e-16j
           4.94831779+1.77635684e-15j]
         [ 6.01299838+0.00000000e+00j 12.46446022+4.44089210e-16j 33.04764538+8.88178420e-16j -1.6896325 +8.88178420e-16j  4.68158652+0.00000000e+00j -1.6222198 +0.00000000e+00j -2.26442276-8.88178420e-16j
           7.52450074+4.99600361e-16j]
         [11.71502911-4.44089210e-16j -1.42332366+2.22044605e-16j -1.6896325 +8.88178420e-16j 27.15728661-9.33281230e-16j -4.18905094+4.44089210e-16j -2.4526875 -4.44089210e-16j 11.62859276+0.00000000e+00j
           7.16495562+2.22044605e-16j]
         [-5.23944103-8.88178420e-16j  4.87181329+0.00000000e+00j  4.68158652+0.00000000e+00j -4.18905094+4.44089210e-16j 27.31108849-1.55431223e-15j  3.19118413+0.00000000e+00j  0.50184515-2.22044605e-16j
           5.48377664+2.22044605e-16j]
         [-3.04371552+1.77635684e-15j  7.85563647+0.00000000e+00j -1.6222198 +0.00000000e+00j -2.4526875 -4.44089210e-16j  3.19118413+0.00000000e+00j 46.21198076+1.66533454e-16j  1.00195721-1.77635684e-15j
           3.90355819+1.77635684e-15j]
         [ 0.55041452-4.44089210e-16j -6.78207041-4.44089210e-16j -2.26442276-8.88178420e-16j 11.62859276+0.00000000e+00j  0.50184515-2.22044605e-16j  1.00195721-1.77635684e-15j 61.9689352 -3.55271368e-15j
          -1.53404593-1.77635684e-15j]
         [ 9.18861416+0.00000000e+00j  4.94831779+1.77635684e-15j  7.52450074+4.99600361e-16j  7.16495562+2.22044605e-16j  5.48377664+2.22044605e-16j  3.90355819+1.77635684e-15j -1.53404593-1.77635684e-15j
          23.57621687+8.88178420e-16j]]
        labels=[('kl', 'YJrhqSZN'), ('kl*', 'YJrhqSZN*')],
        shape=(8, 8),
    )
    hessian_by_imag_M: Tensor(
        [[  0.        +0.00000000e+00j -14.26378921-2.22044605e-15j  -8.72650768+4.44089210e-16j  -0.02545891+0.00000000e+00j   6.12810699-8.88178420e-16j -12.68811869-2.22044605e-16j
            5.71016319-1.11022302e-15j  -9.03298077+0.00000000e+00j]
         [ 14.26378921+2.22044605e-15j   0.        +0.00000000e+00j   3.75812256+1.77635684e-15j   1.77806078+4.44089210e-16j   8.80647288+0.00000000e+00j  -8.4078986 +4.44089210e-16j
           -5.51304868+0.00000000e+00j  10.61999155+4.44089210e-16j]
         [  8.72650768-4.44089210e-16j  -3.75812256-1.77635684e-15j   0.        +0.00000000e+00j   4.44879482-1.33226763e-15j   5.06516988+4.44089210e-16j  -1.39114979-2.22044605e-16j
           15.08330596-2.22044605e-16j  -0.72647045-4.44089210e-16j]
         [  0.02545891+0.00000000e+00j  -1.77806078-4.44089210e-16j  -4.44879482+1.33226763e-15j   0.        +0.00000000e+00j   7.09998756+0.00000000e+00j   2.18497401+2.22044605e-16j
           -9.06753776+0.00000000e+00j  -1.75134372+4.44089210e-16j]
         [ -6.12810699+8.88178420e-16j  -8.80647288+0.00000000e+00j  -5.06516988-4.44089210e-16j  -7.09998756+0.00000000e+00j   0.        +0.00000000e+00j  -1.43135455-2.22044605e-15j
           -0.25939238+1.11022302e-16j  -1.65096061-4.44089210e-16j]
         [ 12.68811869+2.22044605e-16j   8.4078986 -4.44089210e-16j   1.39114979+2.22044605e-16j  -2.18497401-2.22044605e-16j   1.43135455+2.22044605e-15j   0.        +0.00000000e+00j
          -16.42191785-6.66133815e-16j  12.68432269-4.44089210e-16j]
         [ -5.71016319+1.11022302e-15j   5.51304868+0.00000000e+00j -15.08330596+2.22044605e-16j   9.06753776+0.00000000e+00j   0.25939238-1.11022302e-16j  16.42191785+6.66133815e-16j
            0.        +0.00000000e+00j  -8.31837688+4.44089210e-16j]
         [  9.03298077+0.00000000e+00j -10.61999155-4.44089210e-16j   0.72647045+4.44089210e-16j   1.75134372-4.44089210e-16j   1.65096061+4.44089210e-16j -12.68432269+4.44089210e-16j
            8.31837688-4.44089210e-16j   0.        +0.00000000e+00j]]
        labels=[('kl', 'YJrhqSZN'), ('kl*', 'YJrhqSZN*')],
        shape=(8, 8),
    )
    eigvals of hessian_by_real_M: DiagonalTensor(
        [11.76216496 19.6872262  24.32699759 27.93019022 42.00547968 56.0252812  63.35613097 71.01839903]
        labels=['iLnPokjV', 'iLnPokjV'],
        shape=(8, 8),
    )
    eigvals of hessian_by_imag_M: DiagonalTensor(
        [-36.75768059 -20.62356283 -11.70115352  -4.02744275   5.74914526  12.43939014  24.49810812  30.42319615]
        labels=['mghqxjHZ', 'mghqxjHZ'],
        shape=(8, 8),
    )
WNAG:
    iter_times, elapsed_time, sqdiff: 300, 0.4576566219329834, 1.591498236613587
    MSN: Tensor(
        [[-0.02319135-0.49565551j -0.13570007-0.09507341j  0.16515998-0.11307321j  0.13502978-0.41438549j]
         [ 0.83996104+0.04890391j  0.49875171-0.25266094j  0.37447027+0.33137384j  0.57122651+1.16731117j]
         [ 0.5851935 +0.78385766j  0.11992739-0.42473433j -0.19866946+0.04686844j  1.52410734+0.56487868j]
         [ 0.3365543 -1.39039902j  0.1869667 +0.05578247j  0.78488086+0.19246798j -0.76249289-0.03136989j]]
        labels=['kl', 'kr'],
        shape=(4, 4),
    )
    grad_by_real_M: Tensor(
        [ 0.85928619+9.99200722e-16j  0.68037754+1.55431223e-15j -0.60878516-1.01585407e-14j -0.92893728-1.13242749e-14j -0.5740393 -1.11022302e-15j -0.60579132-6.99440506e-15j -0.08630731+1.11022302e-16j
         -0.99155114-2.66453526e-15j]
        labels=[('kl', 'YJrhqSZN')],
        shape=(8,),
    )
    grad_by_imag_M: Tensor(
        [ 0.1247004 +1.11022302e-16j  0.49833145+0.00000000e+00j  0.72152265+3.10862447e-15j  0.63751049+2.22044605e-16j  0.13842174+9.49240686e-15j -0.08520195+1.36557432e-14j  1.31056465-2.05391260e-15j
          1.73589538-3.21964677e-15j]
        labels=[('kl', 'YJrhqSZN')],
        shape=(8,),
    )
    hessian_by_real_M: Tensor(
        [[ 5.25992120e+02-2.84217094e-14j  5.79603103e+02+1.42108547e-14j -3.63357316e+01+1.42108547e-14j -2.63952918e+01-7.10542736e-15j  1.04372009e+01-5.32907052e-15j  5.95668575e+01-7.10542736e-15j
          -2.46482649e+01-1.15463195e-14j -2.54236291e+01+0.00000000e+00j]
         [ 5.79603103e+02+1.42108547e-14j  7.30326264e+02-2.84217094e-14j -4.69132993e+01+2.84217094e-14j -2.00497957e+01-1.42108547e-14j  2.96078131e+01+0.00000000e+00j  8.10179843e+01-7.10542736e-15j
           1.78288727e+01-7.10542736e-15j  3.97580273e+01-7.10542736e-15j]
         [-3.63357316e+01+1.42108547e-14j -4.69132993e+01+2.84217094e-14j  4.76569295e+02+2.84217094e-14j  5.73295914e+02+2.84217094e-14j  1.28031665e+01+3.55271368e-15j  2.84745001e+01-1.77635684e-15j
          -7.33462561e+01+1.77635684e-15j -1.06505384e+02+0.00000000e+00j]
         [-2.63952918e+01-7.10542736e-15j -2.00497957e+01-1.42108547e-14j  5.73295914e+02+2.84217094e-14j  7.96756160e+02+0.00000000e+00j -1.15749480e+01-7.10542736e-15j  9.05975073e-02-1.06581410e-14j
          -9.10040314e+01+0.00000000e+00j -1.29169768e+02+0.00000000e+00j]
         [ 1.04372009e+01-5.32907052e-15j  2.96078131e+01+0.00000000e+00j  1.28031665e+01+3.55271368e-15j -1.15749480e+01-7.10542736e-15j  2.51679623e+02+1.42108547e-14j  3.07689241e+02+2.84217094e-14j
           4.03886210e+01+7.10542736e-15j  7.52596690e+01-7.10542736e-15j]
         [ 5.95668575e+01-7.10542736e-15j  8.10179843e+01-7.10542736e-15j  2.84745001e+01-1.77635684e-15j  9.05975073e-02-1.06581410e-14j  3.07689241e+02+2.84217094e-14j  4.36826142e+02+1.42108547e-14j
           1.08921629e+01+1.42108547e-14j  6.90161724e+01-1.42108547e-14j]
         [-2.46482649e+01-1.15463195e-14j  1.78288727e+01-7.10542736e-15j -7.33462561e+01+1.77635684e-15j -9.10040314e+01+0.00000000e+00j  4.03886210e+01+7.10542736e-15j  1.08921629e+01+1.42108547e-14j
           4.11091388e+02+0.00000000e+00j  4.92153385e+02-1.42108547e-14j]
         [-2.54236291e+01+0.00000000e+00j  3.97580273e+01-7.10542736e-15j -1.06505384e+02+0.00000000e+00j -1.29169768e+02+0.00000000e+00j  7.52596690e+01-7.10542736e-15j  6.90161724e+01-1.42108547e-14j
           4.92153385e+02-1.42108547e-14j  7.28726408e+02+0.00000000e+00j]]
        labels=[('kl', 'YJrhqSZN'), ('kl*', 'YJrhqSZN*')],
        shape=(8, 8),
    )
    hessian_by_imag_M: Tensor(
        [[   0.        +0.00000000e+00j -158.88776662+1.13686838e-13j   81.13666528+1.42108547e-14j  107.35402095+5.32907052e-15j  -26.09967404-1.77635684e-15j  -48.37083225+7.10542736e-15j
            -6.87913266-8.88178420e-15j  -47.67613588+7.10542736e-15j]
         [ 158.88776662-1.13686838e-13j    0.        +0.00000000e+00j  154.5532161 +1.77635684e-14j  195.09149529+5.32907052e-15j  -49.49622459+8.88178420e-15j  -65.57282333+7.10542736e-15j
           -29.6804169 -1.77635684e-15j  -97.09195762+0.00000000e+00j]
         [ -81.13666528-1.42108547e-14j -154.5532161 -1.77635684e-14j    0.        +0.00000000e+00j -162.94923346+5.68434189e-14j  -16.12913202-2.66453526e-15j  -20.01804922+1.77635684e-15j
           -30.88284186+0.00000000e+00j  -43.75282911+0.00000000e+00j]
         [-107.35402095-5.32907052e-15j -195.09149529-5.32907052e-15j  162.94923346-5.68434189e-14j    0.        +0.00000000e+00j  -15.6931039 +0.00000000e+00j   -2.27874355-7.10542736e-15j
           -80.61513595+7.10542736e-15j  -84.67262625+0.00000000e+00j]
         [  26.09967404+1.77635684e-15j   49.49622459-8.88178420e-15j   16.12913202+2.66453526e-15j   15.6931039 +0.00000000e+00j    0.        +0.00000000e+00j  -56.40339115+0.00000000e+00j
            80.98175989+7.10542736e-15j   88.61616475+7.10542736e-15j]
         [  48.37083225-7.10542736e-15j   65.57282333-7.10542736e-15j   20.01804922-1.77635684e-15j    2.27874355+7.10542736e-15j   56.40339115+0.00000000e+00j    0.        +0.00000000e+00j
           142.40739918-8.88178420e-15j  172.13698642-7.10542736e-15j]
         [   6.87913266+8.88178420e-15j   29.6804169 +1.77635684e-15j   30.88284186+0.00000000e+00j   80.61513595-7.10542736e-15j  -80.98175989-7.10542736e-15j -142.40739918+8.88178420e-15j
             0.        +0.00000000e+00j -184.96721484+0.00000000e+00j]
         [  47.67613588-7.10542736e-15j   97.09195762+0.00000000e+00j   43.75282911+0.00000000e+00j   84.67262625+0.00000000e+00j  -88.61616475-7.10542736e-15j -172.13698642+7.10542736e-15j
           184.96721484+0.00000000e+00j    0.        +0.00000000e+00j]]
        labels=[('kl', 'YJrhqSZN'), ('kl*', 'YJrhqSZN*')],
        shape=(8, 8),
    )
    eigvals of hessian_by_real_M: DiagonalTensor(
        [  17.44102766   31.83624716   43.99540456   54.23496267  623.57044775  971.68923254 1212.69903161 1402.50104547]
        labels=['iLnPokjV', 'iLnPokjV'],
        shape=(8, 8),
    )
    eigvals of hessian_by_imag_M: DiagonalTensor(
        [-336.05266829 -183.84864294 -157.58646089 -139.42526153  -53.81167486   38.5265275   365.24725609  466.95092493]
        labels=['mghqxjHZ', 'mghqxjHZ'],
        shape=(8, 8),
    )
SNAG:
    iter_times, elapsed_time, sqdiff: 300, 0.41701197624206543, 0.169824672920853
    MSN: Tensor(
        [[ 0.38282883-0.95224863j -0.14703024-0.352416j   -0.59717271+0.01913971j -0.29909361-0.4078719j ]
         [ 0.56749939-0.10768688j  0.76111119-0.2266054j  -0.82262242-1.05647643j -0.25339112+0.19586581j]
         [ 0.22859648+1.29220173j  0.49010569+0.24221361j  0.5005048 -0.50732524j  0.57164997+0.32739322j]
         [-0.52008302-0.1245834j  -0.80416741+0.34724288j  0.93423778+0.90619228j  0.03413356-0.39142872j]]
        labels=['kl', 'kr'],
        shape=(4, 4),
    )
    grad_by_real_M: Tensor(
        [-6.31439345e-16+1.11022302e-16j -1.58380253e-15-1.80411242e-16j -3.29250516e-15-4.71844785e-16j -5.30651911e-15-7.28583860e-17j -1.45976981e-15-5.23886490e-16j -4.21884749e-15-7.63278329e-16j
         -3.30204614e-15-1.94289029e-16j -7.03560474e-15-5.20417043e-17j]
        labels=[('kl', 'YJrhqSZN')],
        shape=(8,),
    )
    grad_by_imag_M: Tensor(
        [-5.41233725e-15+5.55111512e-17j -6.09234885e-15+2.13370988e-16j -3.63598041e-15-2.08166817e-16j -2.86923263e-15-4.04190570e-16j -2.50841015e-15-1.56992475e-16j  7.63278329e-16+1.24900090e-16j
          9.50628465e-16+5.08273978e-16j -2.60208521e-16+2.31151903e-16j]
        labels=[('kl', 'YJrhqSZN')],
        shape=(8,),
    )
    hessian_by_real_M: Tensor(
        [[ 4.91299159+0.00000000e+00j  3.77181104-1.66533454e-16j  0.68184891+0.00000000e+00j  0.47960607-5.55111512e-17j -0.69147144+0.00000000e+00j  0.63950045-4.16333634e-17j  0.03867364+5.55111512e-17j
           0.74159708+0.00000000e+00j]
         [ 3.77181104-1.66533454e-16j  5.98342542+0.00000000e+00j  0.85574172-1.11022302e-16j  0.40899101-9.71445147e-17j  0.22473729+2.42861287e-17j  1.3818653 -5.55111512e-17j -0.46950351+0.00000000e+00j
           0.5310953 +2.22044605e-16j]
         [ 0.68184891+0.00000000e+00j  0.85574172-1.11022302e-16j  3.20487008+2.77555756e-17j  1.29282905+5.55111512e-17j  0.30441436+2.77555756e-17j  0.30707523-6.93889390e-18j  0.01740489-1.11022302e-16j
           0.09613808-1.11022302e-16j]
         [ 0.47960607-5.55111512e-17j  0.40899101-9.71445147e-17j  1.29282905+5.55111512e-17j  2.51004362+0.00000000e+00j  0.78715521+5.55111512e-17j  0.36858036+8.32667268e-17j -0.78446672-2.77555756e-17j
           0.10439617+0.00000000e+00j]
         [-0.69147144+0.00000000e+00j  0.22473729+2.42861287e-17j  0.30441436+2.77555756e-17j  0.78715521+5.55111512e-17j  2.64207283+0.00000000e+00j  1.3132401 -5.55111512e-17j  0.25330788+5.55111512e-17j
           0.20436392+0.00000000e+00j]
         [ 0.63950045-4.16333634e-17j  1.3818653 -5.55111512e-17j  0.30707523-6.93889390e-18j  0.36858036+8.32667268e-17j  1.3132401 -5.55111512e-17j  4.2055685 +8.32667268e-17j -1.18262159+8.32667268e-17j
          -0.3901233 -5.55111512e-17j]
         [ 0.03867364+5.55111512e-17j -0.46950351+0.00000000e+00j  0.01740489-1.11022302e-16j -0.78446672-2.77555756e-17j  0.25330788+5.55111512e-17j -1.18262159+8.32667268e-17j  5.63301674-5.55111512e-17j
           3.875876  -1.11022302e-16j]
         [ 0.74159708+0.00000000e+00j  0.5310953 +2.22044605e-16j  0.09613808-1.11022302e-16j  0.10439617+0.00000000e+00j  0.20436392+0.00000000e+00j -0.3901233 -5.55111512e-17j  3.875876  -1.11022302e-16j
           4.46662881-2.22044605e-16j]]
        labels=[('kl', 'YJrhqSZN'), ('kl*', 'YJrhqSZN*')],
        shape=(8, 8),
    )
    hessian_by_imag_M: Tensor(
