b=4, chi=2, seed=105, 
NOR:
    iter_times, elapsed_time, sqdiff: 300, 0.38219499588012695, 2.8631462042542593
    MSN: Tensor(
        [[ 0.3214297 +0.62820761j -0.16779073+0.51178771j  1.3423921 +0.23397337j -0.14722724+0.29585718j]
         [-0.50507047-0.22088921j -0.5917918 +0.22215246j -0.43816386+0.53462947j  0.64834642+0.34948605j]
         [ 0.15152478+0.13839181j  0.04520137-0.35597865j  0.10089576+0.09267416j -0.63220744-0.0046713j ]
         [ 0.607122  -0.15451843j -0.87789566-0.53018516j  0.5196431 -0.14382866j -0.85423897+1.67942976j]]
        labels=['kl', 'kr'],
        shape=(4, 4),
    )
    grad_by_real_M: Tensor(
        [ 1.12410081e-15-7.77156117e-16j -6.13398221e-15+2.12330153e-15j -9.76996262e-15+2.10942375e-15j -4.99600361e-15-1.11022302e-15j  4.44089210e-16+6.10622664e-16j  3.44169138e-15-6.66133815e-16j
          4.32986980e-15+7.77156117e-16j  2.16493490e-15-7.21644966e-16j]
        labels=[('kl', 'sNhIsiwu')],
        shape=(8,),
    )
    grad_by_imag_M: Tensor(
        [-1.01030295e-14+2.35922393e-16j -8.61810623e-15-4.71844785e-16j  3.77475828e-15-1.33226763e-15j -3.27515792e-15+8.04911693e-16j  7.21644966e-16+4.44089210e-16j -1.55431223e-15-1.16573418e-15j
          1.78745907e-14+1.22124533e-15j -4.77395901e-15-1.27675648e-15j]
        labels=[('kl', 'sNhIsiwu')],
        shape=(8,),
    )
    hessian_by_real_M: Tensor(
        [[ 28.95241988-8.88178420e-16j   2.47237756+0.00000000e+00j  -3.40235109+8.88178420e-16j  -0.70399158+0.00000000e+00j  -5.84344791+0.00000000e+00j  -5.46535842-1.11022302e-16j
            5.47812644+3.33066907e-16j  -7.31141639-4.44089210e-16j]
         [  2.47237756+0.00000000e+00j  54.82346336+0.00000000e+00j  -2.2957362 +1.11022302e-16j  -3.87868927+0.00000000e+00j  -3.60144133+0.00000000e+00j  10.51756021+0.00000000e+00j
            1.78447718+0.00000000e+00j  -1.18483716-8.88178420e-16j]
         [ -3.40235109+8.88178420e-16j  -2.2957362 +1.11022302e-16j  30.54927576-2.22044605e-16j -15.58711157-1.55431223e-15j  -2.77711729+4.44089210e-16j  11.32213834+0.00000000e+00j
           -0.62686303+0.00000000e+00j   1.63919879+3.33066907e-16j]
         [ -0.70399158+0.00000000e+00j  -3.87868927+0.00000000e+00j -15.58711157-1.55431223e-15j  42.50229697-1.77635684e-15j  -3.3902211 +2.22044605e-16j -22.63427874+0.00000000e+00j
            1.30804406+0.00000000e+00j   0.0692928 -4.44089210e-16j]
         [ -5.84344791+0.00000000e+00j  -3.60144133+0.00000000e+00j  -2.77711729+4.44089210e-16j  -3.3902211 +2.22044605e-16j  21.49650831-8.88178420e-16j   0.51383816+0.00000000e+00j
            6.06148474+1.33226763e-15j   4.21841016+0.00000000e+00j]
         [ -5.46535842-1.11022302e-16j  10.51756021+0.00000000e+00j  11.32213834+0.00000000e+00j -22.63427874+0.00000000e+00j   0.51383816+0.00000000e+00j  60.99869434+1.77635684e-15j
           -5.25599735-8.88178420e-16j  -4.58970964-8.88178420e-16j]
         [  5.47812644+3.33066907e-16j   1.78447718+0.00000000e+00j  -0.62686303+0.00000000e+00j   1.30804406+0.00000000e+00j   6.06148474+1.33226763e-15j  -5.25599735-8.88178420e-16j
           40.01601188+8.88178420e-16j -14.21376392+0.00000000e+00j]
         [ -7.31141639-4.44089210e-16j  -1.18483716-8.88178420e-16j   1.63919879+3.33066907e-16j   0.0692928 -4.44089210e-16j   4.21841016+0.00000000e+00j  -4.58970964-8.88178420e-16j
          -14.21376392+0.00000000e+00j  46.88337764-1.77635684e-15j]]
        labels=[('kl', 'sNhIsiwu'), ('kl*', 'sNhIsiwu*')],
        shape=(8, 8),
    )
    hessian_by_imag_M: Tensor(
        [[  0.        +0.00000000e+00j  12.38282376-1.33226763e-15j  11.32293032-6.66133815e-16j  -5.87772041+2.22044605e-16j  -5.82995584+0.00000000e+00j  -1.90272856+0.00000000e+00j
            1.51439353+4.44089210e-16j   0.83357784+4.44089210e-16j]
         [-12.38282376+1.33226763e-15j   0.        +0.00000000e+00j   0.90266947+0.00000000e+00j   4.88201038+0.00000000e+00j   5.13162482+2.22044605e-16j  -0.32241851+8.88178420e-16j
           -8.29755794-3.33066907e-16j   5.58463882+6.66133815e-16j]
         [-11.32293032+6.66133815e-16j  -0.90266947+0.00000000e+00j   0.        +0.00000000e+00j  -2.92781707+1.77635684e-15j   4.08224798-4.44089210e-16j  10.95484567-8.88178420e-16j
            5.64156855-5.55111512e-17j   1.05037649+3.33066907e-16j]
         [  5.87772041-2.22044605e-16j  -4.88201038+0.00000000e+00j   2.92781707-1.77635684e-15j   0.        +0.00000000e+00j   2.19668443-8.88178420e-16j -10.24516537+0.00000000e+00j
           -8.16587099-2.22044605e-16j   6.54404215+0.00000000e+00j]
         [  5.82995584+0.00000000e+00j  -5.13162482-2.22044605e-16j  -4.08224798+4.44089210e-16j  -2.19668443+8.88178420e-16j   0.        +0.00000000e+00j   8.09987758+2.22044605e-15j
           -2.60502083+4.44089210e-16j   8.22375051+0.00000000e+00j]
         [  1.90272856+0.00000000e+00j   0.32241851-8.88178420e-16j -10.95484567+8.88178420e-16j  10.24516537+0.00000000e+00j  -8.09987758-2.22044605e-15j   0.        +0.00000000e+00j
            3.59585914+0.00000000e+00j  -5.15127219+0.00000000e+00j]
         [ -1.51439353-4.44089210e-16j   8.29755794+3.33066907e-16j  -5.64156855+5.55111512e-17j   8.16587099+2.22044605e-16j   2.60502083-4.44089210e-16j  -3.59585914+0.00000000e+00j
            0.        +0.00000000e+00j  16.69756447+8.88178420e-16j]
         [ -0.83357784-4.44089210e-16j  -5.58463882-6.66133815e-16j  -1.05037649-3.33066907e-16j  -6.54404215+0.00000000e+00j  -8.22375051+0.00000000e+00j   5.15127219+0.00000000e+00j
          -16.69756447-8.88178420e-16j   0.        +0.00000000e+00j]]
        labels=[('kl', 'sNhIsiwu'), ('kl*', 'sNhIsiwu*')],
        shape=(8, 8),
    )
    eigvals of hessian_by_real_M: DiagonalTensor(
        [11.23925931 20.6017142  24.479798   32.85053015 35.60384143 52.86022924 62.24945454 86.33722126]
        labels=['xTVlZFXQ', 'xTVlZFXQ'],
        shape=(8, 8),
    )
    eigvals of hessian_by_imag_M: DiagonalTensor(
        [-24.64859477 -17.99681078 -15.82774552 -10.75908802   6.11075582  14.74510975  22.67950854  25.69686498]
        labels=['BnWZGgQN', 'BnWZGgQN'],
        shape=(8, 8),
    )
WCOR:
    iter_times, elapsed_time, sqdiff: 300, 0.41619086265563965, 2.863146204254257
    MSN: Tensor(
        [[ 0.3214297 +0.62820761j -0.16779073+0.51178771j  1.3423921 +0.23397337j -0.14722724+0.29585718j]
         [-0.50507047-0.22088921j -0.5917918 +0.22215246j -0.43816386+0.53462947j  0.64834642+0.34948605j]
         [ 0.15152478+0.13839181j  0.04520137-0.35597865j  0.10089576+0.09267416j -0.63220744-0.0046713j ]
         [ 0.607122  -0.15451843j -0.87789566-0.53018516j  0.5196431 -0.14382866j -0.85423897+1.67942976j]]
        labels=['kl', 'kr'],
        shape=(4, 4),
    )
    grad_by_real_M: Tensor(
        [ 1.55708779e-14+3.88578059e-16j -2.69229083e-15-4.16333634e-17j -4.44089210e-16-7.77156117e-16j -1.41275880e-14-1.44328993e-15j -7.21644966e-15-4.85722573e-16j -3.27515792e-15-1.22124533e-15j
         -2.11775042e-14+2.55351296e-15j -2.69784195e-14-8.18789481e-16j]
        labels=[('kl', 'sNhIsiwu')],
        shape=(8,),
    )
    grad_by_imag_M: Tensor(
        [ 9.27036226e-15+1.41553436e-15j  2.45636844e-15-6.38378239e-16j -1.88182803e-14+6.66133815e-16j  1.60427227e-14-6.38378239e-16j -6.66133815e-15+9.99200722e-16j -5.66213743e-15+1.66533454e-16j
         -1.44328993e-15-9.15933995e-16j  1.37390099e-15-6.66133815e-16j]
        labels=[('kl', 'sNhIsiwu')],
        shape=(8,),
    )
    hessian_by_real_M: Tensor(
        [[ 22.89764777+2.66453526e-15j   4.1188769 +0.00000000e+00j  -2.71524711-8.88178420e-16j  -0.30642357+0.00000000e+00j  -4.94455678+4.44089210e-16j  -3.54108781-2.22044605e-16j
            3.70707348-2.77555756e-17j  -6.17640234+2.22044605e-16j]
         [  4.1188769 +0.00000000e+00j  45.9266914 +0.00000000e+00j  -2.27651074+0.00000000e+00j  -3.03368087-4.44089210e-16j  -1.79619607-4.44089210e-16j   9.49320936+8.88178420e-16j
            0.90346563+0.00000000e+00j  -0.81739092+0.00000000e+00j]
         [ -2.71524711-8.88178420e-16j  -2.27651074+0.00000000e+00j  22.66262257-8.88178420e-16j -11.46142965+4.44089210e-16j  -2.0964368 -4.44089210e-16j   7.62994711+0.00000000e+00j
           -0.58159929+4.44089210e-16j   1.66119321+0.00000000e+00j]
         [ -0.30642357+0.00000000e+00j  -3.03368087-4.44089210e-16j -11.46142965+4.44089210e-16j  37.93075638+0.00000000e+00j  -3.93539907-1.11022302e-16j -19.75785614+8.88178420e-16j
            0.78690066+0.00000000e+00j  -0.24358172-8.88178420e-16j]
         [ -4.94455678+4.44089210e-16j  -1.79619607-4.44089210e-16j  -2.0964368 -4.44089210e-16j  -3.93539907-1.11022302e-16j  17.02535934-1.33226763e-15j   3.34538677+0.00000000e+00j
            4.57330367+0.00000000e+00j   2.62366601+0.00000000e+00j]
         [ -3.54108781-2.22044605e-16j   9.49320936+8.88178420e-16j   7.62994711+0.00000000e+00j -19.75785614+8.88178420e-16j   3.34538677+0.00000000e+00j  51.47467938+0.00000000e+00j
           -4.74176748+4.44089210e-16j  -3.87899876+4.44089210e-16j]
         [  3.70707348-2.77555756e-17j   0.90346563+0.00000000e+00j  -0.58159929+4.44089210e-16j   0.78690066+0.00000000e+00j   4.57330367+0.00000000e+00j  -4.74176748+4.44089210e-16j
           29.20434363+8.88178420e-16j -10.61268101+1.77635684e-15j]
         [ -6.17640234+2.22044605e-16j  -0.81739092+0.00000000e+00j   1.66119321+0.00000000e+00j  -0.24358172-8.88178420e-16j   2.62366601+0.00000000e+00j  -3.87899876+4.44089210e-16j
          -10.61268101+1.77635684e-15j  40.93960121+1.77635684e-15j]]
        labels=[('kl', 'sNhIsiwu'), ('kl*', 'sNhIsiwu*')],
        shape=(8, 8),
    )
    hessian_by_imag_M: Tensor(
        [[  0.        +0.00000000e+00j   8.12016531-4.44089210e-16j   8.73875305-2.22044605e-16j  -4.93135352-5.55111512e-17j  -4.47338959-4.44089210e-16j  -1.55790788+4.44089210e-16j
            0.48187667+4.44089210e-16j   0.94564893+0.00000000e+00j]
         [ -8.12016531+4.44089210e-16j   0.        +0.00000000e+00j   0.33741433+2.22044605e-16j   4.4768922 -2.22044605e-16j   4.75768414-4.44089210e-16j  -0.50039604+0.00000000e+00j
           -6.46937447-3.33066907e-16j   5.01087709+0.00000000e+00j]
         [ -8.73875305+2.22044605e-16j  -0.33741433-2.22044605e-16j   0.        +0.00000000e+00j  -4.2408896 +8.88178420e-16j   4.46396777-4.44089210e-16j   8.84359461-8.88178420e-16j
            4.06637936+1.11022302e-16j   1.05591697+0.00000000e+00j]
         [  4.93135352+5.55111512e-17j  -4.4768922 +2.22044605e-16j   4.2408896 -8.88178420e-16j   0.        +0.00000000e+00j   0.115711  +6.66133815e-16j  -9.16641827+0.00000000e+00j
           -6.5737476 +3.33066907e-16j   5.96208627+0.00000000e+00j]
         [  4.47338959+4.44089210e-16j  -4.75768414+4.44089210e-16j  -4.46396777+4.44089210e-16j  -0.115711  -6.66133815e-16j   0.        +0.00000000e+00j   4.49975918-4.44089210e-16j
           -1.05093187+0.00000000e+00j   6.58092638+0.00000000e+00j]
         [  1.55790788-4.44089210e-16j   0.50039604+0.00000000e+00j  -8.84359461+8.88178420e-16j   9.16641827+0.00000000e+00j  -4.49975918+4.44089210e-16j   0.        +0.00000000e+00j
            2.66751814+0.00000000e+00j  -4.88081724-2.22044605e-16j]
         [ -0.48187667-4.44089210e-16j   6.46937447+3.33066907e-16j  -4.06637936-1.11022302e-16j   6.5737476 -3.33066907e-16j   1.05093187+0.00000000e+00j  -2.66751814+0.00000000e+00j
            0.        +0.00000000e+00j  11.67807518+0.00000000e+00j]
         [ -0.94564893+0.00000000e+00j  -5.01087709+0.00000000e+00j  -1.05591697+0.00000000e+00j  -5.96208627+0.00000000e+00j  -6.58092638+0.00000000e+00j   4.88081724+2.22044605e-16j
          -11.67807518+0.00000000e+00j   0.        +0.00000000e+00j]]
        labels=[('kl', 'sNhIsiwu'), ('kl*', 'sNhIsiwu*')],
        shape=(8, 8),
    )
    eigvals of hessian_by_real_M: DiagonalTensor(
        [ 9.18340083 16.67594641 19.37428567 26.33958555 28.67101444 44.21274841 50.90480789 72.69991248]
        labels=['xTVlZFXQ', 'xTVlZFXQ'],
        shape=(8, 8),
    )
    eigvals of hessian_by_imag_M: DiagonalTensor(
        [-20.86121115 -15.02010874 -11.02647512  -6.6306201    6.37478431  10.05328555  17.90974048  19.20060476]
        labels=['BnWZGgQN', 'BnWZGgQN'],
        shape=(8, 8),
    )
WROR:
    iter_times, elapsed_time, sqdiff: 300, 0.4586758613586426, 2.863146204254262
    MSN: Tensor(
        [[ 0.3214297 +0.62820761j -0.16779073+0.51178771j  1.3423921 +0.23397337j -0.14722724+0.29585718j]
         [-0.50507047-0.22088921j -0.5917918 +0.22215246j -0.43816386+0.53462947j  0.64834642+0.34948605j]
         [ 0.15152478+0.13839181j  0.04520137-0.35597865j  0.10089576+0.09267416j -0.63220744-0.0046713j ]
         [ 0.607122  -0.15451843j -0.87789566-0.53018516j  0.5196431 -0.14382866j -0.85423897+1.67942976j]]
        labels=['kl', 'kr'],
        shape=(4, 4),
    )
    grad_by_real_M: Tensor(
        [-3.24740235e-15-2.22044605e-16j  9.38138456e-15-9.99200722e-16j -1.09912079e-14-1.66533454e-15j -1.77635684e-14+1.11022302e-15j  4.44089210e-15-7.54604712e-16j  3.63042929e-14-7.77156117e-16j
         -1.44606549e-14+5.55111512e-16j -2.86992652e-14-4.71844785e-16j]
        labels=[('kl', 'sNhIsiwu')],
        shape=(8,),
    )
    grad_by_imag_M: Tensor(
        [ 1.11022302e-16-8.60422844e-16j -4.66293670e-15-5.55111512e-17j -3.66373598e-15-3.33066907e-16j  1.65423231e-14-1.44328993e-15j  4.43221848e-15-4.44089210e-16j -1.98729921e-14-6.66133815e-16j
          1.45439216e-14-8.32667268e-17j  4.52415883e-15-7.21644966e-16j]
        labels=[('kl', 'sNhIsiwu')],
        shape=(8,),
    )
    hessian_by_real_M: Tensor(
        [[ 22.93254956-1.77635684e-15j  -0.3040158 -4.44089210e-16j  -2.31759794+8.88178420e-16j   1.94531002+4.44089210e-16j  -4.28319728+0.00000000e+00j  -2.22052297+5.55111512e-17j
            2.05621866+1.11022302e-16j  -4.52691733+0.00000000e+00j]
         [ -0.3040158 -4.44089210e-16j  25.36164384+2.22044605e-16j  -3.73014909+0.00000000e+00j  -0.4793738 +0.00000000e+00j   0.57559839+0.00000000e+00j   7.35337703-1.11022302e-16j
            0.87692653+0.00000000e+00j  -0.95864351-2.22044605e-16j]
         [ -2.31759794+8.88178420e-16j  -3.73014909+0.00000000e+00j  22.82822974+4.44089210e-16j -14.37182916+8.88178420e-16j  -3.63915292-4.44089210e-16j   7.91684233-4.44089210e-16j
           -1.45744715-4.44089210e-16j   3.48648483+1.66533454e-16j]
         [  1.94531002+4.44089210e-16j  -0.4793738 +0.00000000e+00j -14.37182916+8.88178420e-16j  31.69256161+0.00000000e+00j  -3.07266871+0.00000000e+00j -14.84771168+0.00000000e+00j
            0.68088634+4.44089210e-16j  -2.52757914+0.00000000e+00j]
         [ -4.28319728+0.00000000e+00j   0.57559839+0.00000000e+00j  -3.63915292-4.44089210e-16j  -3.07266871+0.00000000e+00j  18.12116303-8.88178420e-16j   0.13134259-8.88178420e-16j
            3.66914448-5.55111512e-16j   1.49498696-4.44089210e-16j]
         [ -2.22052297+5.55111512e-17j   7.35337703-1.11022302e-16j   7.91684233-4.44089210e-16j -14.84771168+0.00000000e+00j   0.13134259-8.88178420e-16j  29.85810743-8.88178420e-16j
           -4.83204651+2.22044605e-16j  -2.27970389+2.22044605e-16j]
         [  2.05621866+1.11022302e-16j   0.87692653+0.00000000e+00j  -1.45744715-4.44089210e-16j   0.68088634+4.44089210e-16j   3.66914448-5.55111512e-16j  -4.83204651+2.22044605e-16j
           24.99063202-8.88178420e-16j -11.08632739+7.21644966e-16j]
         [ -4.52691733+0.00000000e+00j  -0.95864351-2.22044605e-16j   3.48648483+1.66533454e-16j  -2.52757914+0.00000000e+00j   1.49498696-4.44089210e-16j  -2.27970389+2.22044605e-16j
          -11.08632739+7.21644966e-16j  26.2159576 -3.33066907e-16j]]
        labels=[('kl', 'sNhIsiwu'), ('kl*', 'sNhIsiwu*')],
        shape=(8, 8),
    )
    hessian_by_imag_M: Tensor(
        [[  0.        +0.00000000e+00j  -6.08318815+0.00000000e+00j   8.72559266+4.44089210e-16j  -5.03942363-1.11022302e-16j  -4.42876553+0.00000000e+00j   0.70511283-6.66133815e-16j
           -0.96910219+0.00000000e+00j   2.07386859-4.44089210e-16j]
         [  6.08318815+0.00000000e+00j   0.        +0.00000000e+00j  -3.59313568+2.22044605e-16j   5.17586882-2.22044605e-16j   4.61426683+2.22044605e-16j  -1.90123974+0.00000000e+00j
           -3.59532501+1.11022302e-16j   2.1617755 +0.00000000e+00j]
         [ -8.72559266-4.44089210e-16j   3.59313568-2.22044605e-16j   0.        +0.00000000e+00j -10.84896621+0.00000000e+00j   6.81444042-2.22044605e-16j   5.70262937+0.00000000e+00j
            3.82761672+1.11022302e-16j  -0.09925112+2.22044605e-16j]
         [  5.03942363+1.11022302e-16j  -5.17586882+2.22044605e-16j  10.84896621+0.00000000e+00j   0.        +0.00000000e+00j  -6.54589618+4.44089210e-16j  -3.33204273+8.88178420e-16j
           -5.85591297-5.55111512e-16j   5.24490842-2.22044605e-16j]
         [  4.42876553+0.00000000e+00j  -4.61426683-2.22044605e-16j  -6.81444042+2.22044605e-16j   6.54589618-4.44089210e-16j   0.        +0.00000000e+00j  -8.13084697+4.44089210e-16j
            0.83162751-8.88178420e-16j   3.39231501-2.22044605e-16j]
         [ -0.70511283+6.66133815e-16j   1.90123974+0.00000000e+00j  -5.70262937+0.00000000e+00j   3.33204273-8.88178420e-16j   8.13084697-4.44089210e-16j   0.        +0.00000000e+00j
            0.85815356+4.44089210e-16j  -2.68782148-2.22044605e-16j]
         [  0.96910219+0.00000000e+00j   3.59532501-1.11022302e-16j  -3.82761672-1.11022302e-16j   5.85591297+5.55111512e-16j  -0.83162751+8.88178420e-16j  -0.85815356-4.44089210e-16j
            0.        +0.00000000e+00j  -0.40162454+0.00000000e+00j]
         [ -2.07386859+4.44089210e-16j  -2.1617755 +0.00000000e+00j   0.09925112-2.22044605e-16j  -5.24490842+2.22044605e-16j  -3.39231501+2.22044605e-16j   2.68782148+2.22044605e-16j
            0.40162454+0.00000000e+00j   0.        +0.00000000e+00j]]
        labels=[('kl', 'sNhIsiwu'), ('kl*', 'sNhIsiwu*')],
        shape=(8, 8),
    )
    eigvals of hessian_by_real_M: DiagonalTensor(
        [ 7.8233031   9.62502285 16.36871265 18.45886249 26.23794592 30.04715767 37.68194775 55.75789242]
        labels=['SnMXiwsq', 'SnMXiwsq'],
        shape=(8, 8),
    )
    eigvals of hessian_by_imag_M: DiagonalTensor(
        [-24.24809387 -12.47165795  -4.19550218   0.14433355   1.67172954   8.41749291  12.72133787  17.96036012]
        labels=['DlNpJZrG', 'DlNpJZrG'],
        shape=(8, 8),
    )
IWROR:
    iter_times, elapsed_time, sqdiff: 300, 0.4825460910797119, 2.8631462042542606
    MSN: Tensor(
        [[ 0.3214297 +0.62820761j -0.16779073+0.51178771j  1.3423921 +0.23397337j -0.14722724+0.29585718j]
         [-0.50507047-0.22088921j -0.5917918 +0.22215246j -0.43816386+0.53462947j  0.64834642+0.34948605j]
         [ 0.15152478+0.13839181j  0.04520137-0.35597865j  0.10089576+0.09267416j -0.63220744-0.0046713j ]
         [ 0.607122  -0.15451843j -0.87789566-0.53018516j  0.5196431 -0.14382866j -0.85423897+1.67942976j]]
        labels=['kl', 'kr'],
        shape=(4, 4),
    )
    grad_by_real_M: Tensor(
        [ 1.39992185e-14-8.88178420e-16j -6.66133815e-15+7.21644966e-16j -1.29896094e-14-6.66133815e-16j  5.99520433e-15+4.99600361e-16j  2.88657986e-15+1.94289029e-16j  9.21485110e-15+6.66133815e-16j
         -1.77635684e-14+5.55111512e-16j -3.05311332e-14-4.44089210e-16j]
        labels=[('kl', 'sNhIsiwu')],
        shape=(8,),
    )
    grad_by_imag_M: Tensor(
        [-4.88498131e-15+5.89805982e-17j -2.59792188e-14-2.77555756e-16j -2.94209102e-15+1.33226763e-15j -1.69309011e-14-6.66133815e-16j -9.68669589e-15+0.00000000e+00j  4.44089210e-15+1.88737914e-15j
         -9.99200722e-16-1.22124533e-15j -1.37667655e-14+6.66133815e-16j]
        labels=[('kl', 'sNhIsiwu')],
        shape=(8,),
    )
    hessian_by_real_M: Tensor(
        [[ 17.58227063+8.88178420e-16j  -1.33254859+4.44089210e-16j  -1.65071922-4.44089210e-16j   1.67040901+4.44089210e-16j  -2.84387638+0.00000000e+00j  -1.09621223-4.16333634e-17j
            0.97302507+1.11022302e-16j  -3.67529003+0.00000000e+00j]
         [ -1.33254859+4.44089210e-16j  23.4925217 +3.33066907e-16j  -2.81085031+0.00000000e+00j  -0.40029507+0.00000000e+00j   0.99984355+0.00000000e+00j   6.77047822-2.22044605e-16j
            0.33906832+0.00000000e+00j  -0.14509827+0.00000000e+00j]
         [ -1.65071922-4.44089210e-16j  -2.81085031+0.00000000e+00j  17.16270455+1.11022302e-16j -12.78446416+0.00000000e+00j  -3.38492311-8.88178420e-16j   5.72553255+0.00000000e+00j
           -1.30392135+4.44089210e-16j   3.14356834-1.11022302e-16j]
         [  1.67040901+4.44089210e-16j  -0.40029507+0.00000000e+00j -12.78446416+0.00000000e+00j  31.64391485+2.22044605e-16j  -2.05257796+0.00000000e+00j -13.72708613+4.44089210e-16j
            0.4626997 +0.00000000e+00j  -2.44764358+0.00000000e+00j]
         [ -2.84387638+0.00000000e+00j   0.99984355+0.00000000e+00j  -3.38492311-8.88178420e-16j  -2.05257796+0.00000000e+00j  14.43746042-4.44089210e-16j  -0.41374882-4.44089210e-16j
            2.34890358-1.11022302e-16j   0.5895999 -6.66133815e-16j]
         [ -1.09621223-4.16333634e-17j   6.77047822-2.22044605e-16j   5.72553255+0.00000000e+00j -13.72708613+4.44089210e-16j  -0.41374882-4.44089210e-16j  27.30377014+4.44089210e-16j
           -4.11775009+4.44089210e-16j  -1.59605862+0.00000000e+00j]
         [  0.97302507+1.11022302e-16j   0.33906832+0.00000000e+00j  -1.30392135+4.44089210e-16j   0.4626997 +0.00000000e+00j   2.34890358-1.11022302e-16j  -4.11775009+4.44089210e-16j
           17.54211066+8.88178420e-16j -10.27008418-5.55111512e-17j]
         [ -3.67529003+0.00000000e+00j  -0.14509827+0.00000000e+00j   3.14356834-1.11022302e-16j  -2.44764358+0.00000000e+00j   0.5895999 -6.66133815e-16j  -1.59605862+0.00000000e+00j
          -10.27008418-5.55111512e-17j  27.2035576 -4.44089210e-16j]]
        labels=[('kl', 'sNhIsiwu'), ('kl*', 'sNhIsiwu*')],
        shape=(8, 8),
    )
    hessian_by_imag_M: Tensor(
        [[  0.        +0.00000000e+00j  -5.63123222+2.22044605e-16j   6.4179796 +1.11022302e-16j  -4.86331295-1.11022302e-16j  -3.21206363+4.44089210e-16j   0.11735879-1.11022302e-16j
           -1.09727671+1.11022302e-16j   2.12235738+2.22044605e-16j]
         [  5.63123222-2.22044605e-16j   0.        +0.00000000e+00j  -3.47642843-2.22044605e-16j   5.49860255+5.55111512e-17j   4.94769456-2.22044605e-16j  -2.2066707 -4.44089210e-16j
           -2.92658558-2.22044605e-16j   2.51735721+5.55111512e-17j]
         [ -6.4179796 -1.11022302e-16j   3.47642843+2.22044605e-16j   0.        +0.00000000e+00j -10.06749657-1.77635684e-15j   5.60262834-4.44089210e-16j   4.78596783-4.44089210e-16j
            2.78072392+0.00000000e+00j  -0.122389  +0.00000000e+00j]
         [  4.86331295+1.11022302e-16j  -5.49860255-5.55111512e-17j  10.06749657+1.77635684e-15j   0.        +0.00000000e+00j  -7.15750554-6.66133815e-16j  -3.65317391-8.88178420e-16j
           -5.09190137+2.22044605e-16j   5.4072694 +0.00000000e+00j]
         [  3.21206363-4.44089210e-16j  -4.94769456+2.22044605e-16j  -5.60262834+4.44089210e-16j   7.15750554+6.66133815e-16j   0.        +0.00000000e+00j  -7.93466238+0.00000000e+00j
            1.15403586+0.00000000e+00j   2.93532572+3.88578059e-16j]
         [ -0.11735879+1.11022302e-16j   2.2066707 +4.44089210e-16j  -4.78596783+4.44089210e-16j   3.65317391+8.88178420e-16j   7.93466238+0.00000000e+00j   0.        +0.00000000e+00j
            0.08603631+4.44089210e-16j  -3.34555109-5.55111512e-16j]
         [  1.09727671-1.11022302e-16j   2.92658558+2.22044605e-16j  -2.78072392+0.00000000e+00j   5.09190137-2.22044605e-16j  -1.15403586+0.00000000e+00j  -0.08603631-4.44089210e-16j
            0.        +0.00000000e+00j  -0.91015346+0.00000000e+00j]
         [ -2.12235738-2.22044605e-16j  -2.51735721-5.55111512e-17j   0.122389  +0.00000000e+00j  -5.4072694 +0.00000000e+00j  -2.93532572-3.88578059e-16j   3.34555109+5.55111512e-16j
            0.91015346+0.00000000e+00j   0.        +0.00000000e+00j]]
        labels=[('kl', 'sNhIsiwu'), ('kl*', 'sNhIsiwu*')],
        shape=(8, 8),
    )
    eigvals of hessian_by_real_M: DiagonalTensor(
        [ 6.5958782   8.01815433 14.10211593 14.97831329 20.43467688 27.51853586 34.16363221 50.55700386]
        labels=['XOMjJqsg', 'XOMjJqsg'],
        shape=(8, 8),
    )
    eigvals of hessian_by_imag_M: DiagonalTensor(
        [-22.08671367 -12.25325996  -4.36023539   0.11956409   2.3963641    8.06899386  11.67039019  16.44489677]
        labels=['xvhjPqoZ', 'xvhjPqoZ'],
        shape=(8, 8),
    )
WLBOR:
    iter_times, elapsed_time, sqdiff: 300, 1.2960259914398193, 2.863146204254261
    MSN: Tensor(
        [[ 0.3214297 +0.62820761j -0.16779073+0.51178771j  1.34239211+0.23397337j -0.14722724+0.29585718j]
         [-0.50507047-0.22088921j -0.5917918 +0.22215246j -0.43816386+0.53462948j  0.64834642+0.34948605j]
         [ 0.15152478+0.13839181j  0.04520137-0.35597865j  0.10089576+0.09267416j -0.63220744-0.0046713j ]
         [ 0.607122  -0.15451843j -0.87789566-0.53018516j  0.5196431 -0.14382866j -0.85423897+1.67942976j]]
        labels=['kl', 'kr'],
        shape=(4, 4),
    )
    grad_by_real_M: Tensor(
        [ 1.20500952e-09-4.99600361e-16j -2.61400218e-09-3.67761377e-16j -1.20987395e-08-6.66133815e-16j -4.27346268e-09+6.38378239e-16j  7.61774643e-10+2.08166817e-16j -3.43012233e-09-2.33146835e-15j
         -6.06908512e-09+2.66453526e-15j -1.24941257e-09-9.99200722e-16j]
        labels=[('kl', 'sNhIsiwu')],
        shape=(8,),
    )
    grad_by_imag_M: Tensor(
        [-7.59934232e-09+1.29063427e-15j  6.53508060e-10-1.27675648e-15j -6.27759933e-09+5.55111512e-16j  7.57671231e-10-1.24900090e-16j  1.05328920e-08+1.99840144e-15j  5.36405398e-09+1.30451205e-15j
          2.64849365e-09+1.77635684e-15j -4.25085189e-10-4.32986980e-15j]
        labels=[('kl', 'sNhIsiwu')],
        shape=(8,),
    )
    hessian_by_real_M: Tensor(
        [[ 29.29455726+0.00000000e+00j   2.04659833+8.88178420e-16j  -3.38615863+0.00000000e+00j  -0.51541789+0.00000000e+00j  -5.9326031 -4.44089210e-16j  -5.23752939+4.44089210e-16j
            5.39412212+3.33066907e-16j  -7.5062615 +3.33066907e-16j]
         [  2.04659833+8.88178420e-16j  55.86651515-1.77635684e-15j  -2.24389475+1.11022302e-16j  -3.9680897 +0.00000000e+00j  -3.34203373+0.00000000e+00j  10.74551614+0.00000000e+00j
            1.31220868+0.00000000e+00j  -0.98698593-4.44089210e-16j]
         [ -3.38615863+0.00000000e+00j  -2.24389475+1.11022302e-16j  31.2178394 -4.44089210e-16j -15.96035304-8.88178420e-16j  -2.96414878+0.00000000e+00j  10.73715966-8.88178420e-16j
           -0.79926427-4.44089210e-16j   1.70828917-4.44089210e-16j]
         [ -0.51541789+0.00000000e+00j  -3.9680897 +0.00000000e+00j -15.96035304-8.88178420e-16j  43.6315538 -1.77635684e-15j  -3.28478617-3.33066907e-16j -23.00353548+8.88178420e-16j
            0.9869075 +0.00000000e+00j   0.13174219-4.44089210e-16j]
         [ -5.9326031 -4.44089210e-16j  -3.34203373+0.00000000e+00j  -2.96414878+0.00000000e+00j  -3.28478617-3.33066907e-16j  21.77986441+0.00000000e+00j   0.40024275+4.44089210e-16j
            6.11887546+4.44089210e-16j   3.77410872+8.88178420e-16j]
         [ -5.23752939+4.44089210e-16j  10.74551614+0.00000000e+00j  10.73715966-8.88178420e-16j -23.00353548+8.88178420e-16j   0.40024275+4.44089210e-16j  62.09327883-1.77635684e-15j
           -5.31047884-1.55431223e-15j  -4.57850191+4.44089210e-16j]
         [  5.39412212+3.33066907e-16j   1.31220868+0.00000000e+00j  -0.79926427-4.44089210e-16j   0.9869075 +0.00000000e+00j   6.11887546+4.44089210e-16j  -5.31047884-1.55431223e-15j
           40.18672209+0.00000000e+00j -15.40785694-1.77635684e-15j]
         [ -7.5062615 +3.33066907e-16j  -0.98698593-4.44089210e-16j   1.70828917-4.44089210e-16j   0.13174219-4.44089210e-16j   3.77410872+8.88178420e-16j  -4.57850191+4.44089210e-16j
          -15.40785694-1.77635684e-15j  48.52070387+0.00000000e+00j]]
        labels=[('kl', 'sNhIsiwu'), ('kl*', 'sNhIsiwu*')],
        shape=(8, 8),
    )
    hessian_by_imag_M: Tensor(
        [[  0.        +0.00000000e+00j  12.00759192-1.33226763e-15j  11.61145063+0.00000000e+00j  -6.1509607 -3.33066907e-16j  -5.99230189+4.44089210e-16j  -2.31007538+0.00000000e+00j
            1.31300006+4.44089210e-16j   0.69279258+8.88178420e-16j]
         [-12.00759192+1.33226763e-15j   0.        +0.00000000e+00j   0.80679406+0.00000000e+00j   5.02899146-2.22044605e-16j   5.74517047+0.00000000e+00j  -0.3647045 +0.00000000e+00j
           -8.58847501-1.11022302e-16j   5.91500155+0.00000000e+00j]
         [-11.61145063+0.00000000e+00j  -0.80679406+0.00000000e+00j   0.        +0.00000000e+00j  -4.02347691+1.77635684e-15j   4.58875348+2.22044605e-16j  11.82017114+0.00000000e+00j
            5.73790029+4.44089210e-16j   1.07952811+0.00000000e+00j]
         [  6.1509607 +3.33066907e-16j  -5.02899146+2.22044605e-16j   4.02347691-1.77635684e-15j   0.        +0.00000000e+00j   1.7869641 +2.22044605e-16j -10.81372673+0.00000000e+00j
           -8.41157922-1.44328993e-15j   6.76701753+4.44089210e-16j]
         [  5.99230189-4.44089210e-16j  -5.74517047+0.00000000e+00j  -4.58875348-2.22044605e-16j  -1.7869641 -2.22044605e-16j   0.        +0.00000000e+00j   7.35956368+1.11022302e-16j
           -2.38694655+4.44089210e-16j   8.70078787-2.22044605e-16j]
         [  2.31007538+0.00000000e+00j   0.3647045 +0.00000000e+00j -11.82017114+0.00000000e+00j  10.81372673+0.00000000e+00j  -7.35956368-1.11022302e-16j   0.        +0.00000000e+00j
            3.69956887+4.44089210e-16j  -5.55864125+0.00000000e+00j]
         [ -1.31300006-4.44089210e-16j   8.58847501+1.11022302e-16j  -5.73790029-4.44089210e-16j   8.41157922+1.44328993e-15j   2.38694655-4.44089210e-16j  -3.69956887-4.44089210e-16j
            0.        +0.00000000e+00j  16.06949893+1.77635684e-15j]
         [ -0.69279258-8.88178420e-16j  -5.91500155+0.00000000e+00j  -1.07952811+0.00000000e+00j  -6.76701753-4.44089210e-16j  -8.70078787+2.22044605e-16j   5.55864125+0.00000000e+00j
          -16.06949893-1.77635684e-15j   0.        +0.00000000e+00j]]
        labels=[('kl', 'sNhIsiwu'), ('kl*', 'sNhIsiwu*')],
        shape=(8, 8),
    )
    eigvals of hessian_by_real_M: DiagonalTensor(
        [11.6521715  20.72752348 25.13786401 33.47901864 35.81212193 54.24896289 63.86061272 87.67275965]
        labels=['xTVlZFXQ', 'xTVlZFXQ'],
        shape=(8, 8),
    )
    eigvals of hessian_by_imag_M: DiagonalTensor(
        [-25.90212713 -18.61650741 -15.59039574 -10.36362658   7.02177328  14.46714672  23.44596963  25.53776723]
        labels=['BnWZGgQN', 'BnWZGgQN'],
        shape=(8, 8),
    )
WNAG:
    iter_times, elapsed_time, sqdiff: 300, 0.45346665382385254, 3.9740213819752004
    MSN: Tensor(
        [[ 1.23456898-0.14213187j -0.11249   +0.76370173j  0.04156484+0.52368619j -0.34828205-0.01900489j]
         [-0.05750315-0.625496j    0.21866655+0.39820867j -0.07055659-0.4072839j   0.41008838+0.23164506j]
         [-0.54935855+0.23209303j  0.18484949-0.70046995j  0.20922151+0.24719807j -0.28824266-0.17004874j]
         [-0.21570681-0.36466573j -0.2244296 -0.88457649j  1.45703378-0.25672768j -0.66317076+0.93546115j]]
        labels=['kl', 'kr'],
        shape=(4, 4),
    )
    grad_by_real_M: Tensor(
        [-0.31602964+1.99840144e-15j  0.34279119-5.55111512e-16j -1.25637895+3.33066907e-15j  0.30052235-1.11022302e-15j  1.05910035-1.44328993e-15j -0.4007444 +1.60982339e-15j  0.59819081-1.66533454e-16j
         -0.4110927 +3.33066907e-16j]
        labels=[('kl', 'sNhIsiwu')],
        shape=(8,),
    )
    grad_by_imag_M: Tensor(
        [-1.08505784+5.55111512e-16j  0.22019896+8.32667268e-16j  0.13256355+8.88178420e-16j -0.21458517+4.99600361e-16j  0.40170373-3.88578059e-15j  0.14599884+1.38777878e-15j -0.38648535+4.21884749e-15j
          0.26529275-8.88178420e-16j]
        labels=[('kl', 'sNhIsiwu')],
        shape=(8,),
    )
    hessian_by_real_M: Tensor(
        [[ 351.95919033-1.77635684e-15j -106.0079929 -7.10542736e-15j  -43.46629029+1.77635684e-15j   18.5213448 -1.77635684e-15j  -10.43370506+7.10542736e-15j  -13.96585997-3.10862447e-15j
            67.50514121+0.00000000e+00j  -34.82497524+8.88178420e-15j]
         [-106.0079929 -7.10542736e-15j   64.25727527-3.55271368e-15j   12.15920648+0.00000000e+00j  -13.04657291-2.22044605e-16j    5.41072904+1.77635684e-15j    1.94806122-1.11022302e-15j
            -4.47190179+7.10542736e-15j    6.96332105-1.77635684e-15j]
         [ -43.46629029+1.77635684e-15j   12.15920648+0.00000000e+00j  305.65558209+0.00000000e+00j  -75.04469678+0.00000000e+00j  -32.74577349+5.32907052e-15j   -2.77143334-1.77635684e-15j
           -96.04723816+7.10542736e-15j   39.09102047+0.00000000e+00j]
         [  18.5213448 -1.77635684e-15j  -13.04657291-2.22044605e-16j  -75.04469678+0.00000000e+00j   40.97475366+3.55271368e-15j   18.33251775+9.99200722e-16j   -5.99706669+0.00000000e+00j
            25.57952461-2.66453526e-15j  -17.32120109-3.88578059e-16j]
         [ -10.43370506+7.10542736e-15j    5.41072904+1.77635684e-15j  -32.74577349+5.32907052e-15j   18.33251775+9.99200722e-16j  442.03257804-1.42108547e-14j -125.6814811 +7.10542736e-15j
             9.48674851-3.55271368e-15j  -29.63423588+3.55271368e-15j]
         [ -13.96585997-3.10862447e-15j    1.94806122-1.11022302e-15j   -2.77143334-1.77635684e-15j   -5.99706669+0.00000000e+00j -125.6814811 +7.10542736e-15j   65.39678795+8.88178420e-16j
             3.3455043 -8.88178420e-16j    6.22924585+0.00000000e+00j]
         [  67.50514121+0.00000000e+00j   -4.47190179+7.10542736e-15j  -96.04723816+7.10542736e-15j   25.57952461-2.66453526e-15j    9.48674851-3.55271368e-15j    3.3455043 -8.88178420e-16j
           383.2394397 -1.42108547e-14j -122.03603968+0.00000000e+00j]
         [ -34.82497524+8.88178420e-15j    6.96332105-1.77635684e-15j   39.09102047+0.00000000e+00j  -17.32120109-3.88578059e-16j  -29.63423588+3.55271368e-15j    6.22924585+0.00000000e+00j
          -122.03603968+0.00000000e+00j   68.29847001+2.66453526e-15j]]
        labels=[('kl', 'sNhIsiwu'), ('kl*', 'sNhIsiwu*')],
        shape=(8, 8),
    )
    hessian_by_imag_M: Tensor(
        [[   0.        +0.00000000e+00j  -93.47988745+1.42108547e-14j   30.02241358-1.42108547e-14j   19.53287471+3.55271368e-15j  -43.77673865-1.06581410e-14j    3.11301986+1.77635684e-15j
          -107.79509042+7.10542736e-15j   22.32322792+3.55271368e-15j]
         [  93.47988745-1.42108547e-14j    0.        +0.00000000e+00j  -24.76434403+0.00000000e+00j    0.17755248+0.00000000e+00j  -12.76106287+0.00000000e+00j    3.54897168-5.55111512e-16j
            37.7253209 +8.88178420e-16j   -9.24570725-4.44089210e-16j]
         [ -30.02241358+1.42108547e-14j   24.76434403+0.00000000e+00j    0.        +0.00000000e+00j  -65.22768196+7.10542736e-15j  -22.73442746+0.00000000e+00j   14.03200126+8.88178420e-16j
           -56.52800015+7.10542736e-15j   47.20182891+0.00000000e+00j]
         [ -19.53287471-3.55271368e-15j   -0.17755248+0.00000000e+00j   65.22768196-7.10542736e-15j    0.        +0.00000000e+00j   -0.11051749+5.32907052e-15j   -6.90864792+4.44089210e-16j
            -6.9414733 -1.77635684e-15j   -0.77209832+0.00000000e+00j]
         [  43.77673865+1.06581410e-14j   12.76106287+0.00000000e+00j   22.73442746+0.00000000e+00j    0.11051749-5.32907052e-15j    0.        +0.00000000e+00j  -97.27182853-2.13162821e-14j
           -33.8589225 +1.77635684e-15j   17.02839273+1.77635684e-15j]
         [  -3.11301986-1.77635684e-15j   -3.54897168+5.55111512e-16j  -14.03200126-8.88178420e-16j    6.90864792-4.44089210e-16j   97.27182853+2.13162821e-14j    0.        +0.00000000e+00j
            15.81935093-1.33226763e-15j  -15.0992267 +4.44089210e-16j]
         [ 107.79509042-7.10542736e-15j  -37.7253209 -8.88178420e-16j   56.52800015-7.10542736e-15j    6.9414733 +1.77635684e-15j   33.8589225 -1.77635684e-15j  -15.81935093+1.33226763e-15j
             0.        +0.00000000e+00j  -85.18954032+7.10542736e-15j]
         [ -22.32322792-3.55271368e-15j    9.24570725+4.44089210e-16j  -47.20182891+0.00000000e+00j    0.77209832+0.00000000e+00j  -17.02839273-1.77635684e-15j   15.0992267 -4.44089210e-16j
            85.18954032-7.10542736e-15j    0.        +0.00000000e+00j]]
        labels=[('kl', 'sNhIsiwu'), ('kl*', 'sNhIsiwu*')],
        shape=(8, 8),
    )
    eigvals of hessian_by_real_M: DiagonalTensor(
        [ 13.63744307  24.41574835  27.1081221   34.32033242 255.36592986 336.00128912 476.81858113 554.14663103]
        labels=['xTVlZFXQ', 'xTVlZFXQ'],
        shape=(8, 8),
    )
    eigvals of hessian_by_imag_M: DiagonalTensor(
        [-217.65334018 -118.25013817  -63.43585434   -5.28704512   70.44072978   84.36281753   91.16786681  158.65496369]
        labels=['BnWZGgQN', 'BnWZGgQN'],
        shape=(8, 8),
    )
SNAG:
    iter_times, elapsed_time, sqdiff: 300, 0.4165771007537842, 5.968509367431156
    MSN: Tensor(
        [[ 0.25752193-0.14222927j  0.61356221+0.81000153j  0.69241017+0.4123131j   0.33640826+0.07401814j]
         [-0.76207459-0.90361248j -2.70110578+0.8044876j  -1.38282907+0.21232525j  1.15800754-0.74877129j]
         [-1.11781839-0.18339218j  0.00769534-0.68021732j -0.55410951-0.98729849j -0.26552418-1.28189803j]
         [ 0.96310204+0.45121868j -0.10946026-0.14965353j  0.14950454+0.5728749j  -0.22792405+1.27670081j]]
        labels=['kl', 'kr'],
        shape=(4, 4),
    )
    grad_by_real_M: Tensor(
        [-3.69149156e-14-1.94289029e-16j  9.54791801e-15-2.22044605e-16j  5.06261699e-14-2.77555756e-16j -3.50761087e-14+5.27355937e-16j -3.02327607e-14+7.49400542e-16j -7.96307464e-14+8.32667268e-16j
          8.18234369e-14-4.44089210e-16j -1.56874513e-13+6.03683770e-16j]
        labels=[('kl', 'sNhIsiwu')],
        shape=(8,),
    )
    grad_by_imag_M: Tensor(
        [-1.36002321e-15+5.55111512e-17j -2.21600516e-13+2.22044605e-16j -3.41393580e-15+2.77555756e-16j -6.56419363e-14+2.28983499e-16j -2.01644257e-13-5.06539255e-16j -1.22513111e-13-4.44089210e-16j
         -2.27956543e-13+3.60822483e-16j -1.60739477e-13+6.66133815e-16j]
        labels=[('kl', 'sNhIsiwu')],
        shape=(8,),
    )
    hessian_by_real_M: Tensor(
        [[ 6.93237121+0.00000000e+00j  2.84678598-3.33066907e-16j -0.87730461+5.55111512e-17j  0.15247696+2.77555756e-17j -0.67417736-1.66533454e-16j -1.2433378 -1.11022302e-16j  0.29757573-1.11022302e-16j
          -1.63999709+0.00000000e+00j]
         [ 2.84678598-3.33066907e-16j  5.34621605-2.22044605e-16j -0.85045722+4.16333634e-17j  0.51757052+0.00000000e+00j  0.93724027-5.55111512e-17j  0.3700615 +2.22044605e-16j  1.29882068+2.77555756e-17j
           0.36239049+5.55111512e-17j]
         [-0.87730461+5.55111512e-17j -0.85045722+4.16333634e-17j  3.43067002+0.00000000e+00j -0.31985159-1.11022302e-16j -1.21436615-2.22044605e-16j  1.5422128 +0.00000000e+00j -1.63883792+1.11022302e-16j
          -0.347288  -2.77555756e-17j]
         [ 0.15247696+2.77555756e-17j  0.51757052+0.00000000e+00j -0.31985159-1.11022302e-16j  4.71303011-4.44089210e-16j -1.71173388+5.55111512e-17j -3.55739979+5.55111512e-17j  0.68509157-1.11022302e-16j
          -0.09383291+2.77555756e-17j]
         [-0.67417736-1.66533454e-16j  0.93724027-5.55111512e-17j -1.21436615-2.22044605e-16j -1.71173388+5.55111512e-17j  6.67972999-2.22044605e-16j  2.74805445+0.00000000e+00j  0.44828633-2.77555756e-17j
           2.35848369-2.77555756e-17j]
         [-1.2433378 -1.11022302e-16j  0.3700615 +2.22044605e-16j  1.5422128 +0.00000000e+00j -3.55739979+5.55111512e-17j  2.74805445+0.00000000e+00j  8.74082251+0.00000000e+00j  0.08473297+5.55111512e-17j
           0.6377485 +0.00000000e+00j]
         [ 0.29757573-1.11022302e-16j  1.29882068+2.77555756e-17j -1.63883792+1.11022302e-16j  0.68509157-1.11022302e-16j  0.44828633-2.77555756e-17j  0.08473297+5.55111512e-17j  6.78523825+0.00000000e+00j
           2.48080321+0.00000000e+00j]
         [-1.63999709+0.00000000e+00j  0.36239049+5.55111512e-17j -0.347288  -2.77555756e-17j -0.09383291+2.77555756e-17j  2.35848369-2.77555756e-17j  0.6377485 +0.00000000e+00j  2.48080321+0.00000000e+00j
           5.3374206 -4.44089210e-16j]]
        labels=[('kl', 'sNhIsiwu'), ('kl*', 'sNhIsiwu*')],
        shape=(8, 8),
    )
    hessian_by_imag_M: Tensor(
