b=4, chi=2, seed=976, 
NOR:
    iter_times, elapsed_time, sqdiff: 300, 0.3930811882019043, 3.371746399435774
    MSN: Tensor(
        [[-0.69134532-0.19225817j  0.6529514 -0.19281331j -0.49211348+0.04036597j -1.24722182+1.1473638j ]
         [-0.09986162+0.93347779j  0.89409344-0.7900827j  -0.90946829+0.61457726j  0.44125446+0.34416844j]
         [-0.41959349-0.62822831j -0.43261482+0.65715958j  0.48365047-0.6052087j  -0.38450508+0.54022674j]
         [ 0.43860043-0.72071402j -0.69329719-0.27870538j  0.69401546+0.32925854j -1.02637877-0.11925814j]]
        labels=['kl', 'kr'],
        shape=(4, 4),
    )
    grad_by_real_M: Tensor(
        [ 1.13659082e-14+9.43689571e-16j  8.35442826e-15+2.49800181e-16j -2.47024623e-15+1.22124533e-15j -2.69229083e-15+3.46944695e-16j  1.17683641e-14+1.16573418e-15j -7.21644966e-16+3.33066907e-16j
         -1.55431223e-15-6.66133815e-16j -3.88578059e-15-7.21644966e-16j]
        labels=[('kl', 'mFFaJAJy')],
        shape=(8,),
    )
    grad_by_imag_M: Tensor(
        [ 1.27675648e-15-7.35522754e-16j -7.52176099e-15-4.71844785e-16j -5.93969318e-15-2.77555756e-17j  1.24900090e-16-5.82867088e-16j -1.04916076e-14-2.22044605e-16j -8.88178420e-15+5.55111512e-17j
          5.10702591e-15+5.55111512e-16j -1.28230759e-14+1.22124533e-15j]
        labels=[('kl', 'mFFaJAJy')],
        shape=(8,),
    )
    hessian_by_real_M: Tensor(
        [[ 82.81053215+0.00000000e+00j   2.80552623-1.33226763e-15j -10.7018873 +4.44089210e-16j  -7.64712519+4.44089210e-16j  -8.55475137+0.00000000e+00j  11.62039555+1.33226763e-15j
           11.40698436-8.88178420e-16j  -3.93796321-8.88178420e-16j]
         [  2.80552623-1.33226763e-15j  37.02534719-1.77635684e-15j   6.35820467+0.00000000e+00j   5.21227502+0.00000000e+00j   3.34850084-4.44089210e-16j -13.37165635+4.44089210e-16j
            8.7077472 +0.00000000e+00j   2.51355473-2.22044605e-16j]
         [-10.7018873 +4.44089210e-16j   6.35820467+0.00000000e+00j  64.1096181 +0.00000000e+00j  -8.56976471+8.88178420e-16j -14.20466069-2.22044605e-15j   1.5051447 +4.44089210e-16j
           -4.53470323+8.88178420e-16j   9.81740342-8.88178420e-16j]
         [ -7.64712519+4.44089210e-16j   5.21227502+0.00000000e+00j  -8.56976471+8.88178420e-16j  36.40787233+1.77635684e-15j   7.74309245+2.22044605e-16j -10.36128795+4.44089210e-16j
            0.51542656+3.33066907e-16j  -1.32411551+4.44089210e-16j]
         [ -8.55475137+0.00000000e+00j   3.34850084-4.44089210e-16j -14.20466069-2.22044605e-15j   7.74309245+2.22044605e-16j  79.36972763-1.77635684e-15j -20.441855  -1.77635684e-15j
           -8.76948018+4.44089210e-16j  17.37050933+8.88178420e-16j]
         [ 11.62039555+1.33226763e-15j -13.37165635+4.44089210e-16j   1.5051447 +4.44089210e-16j -10.36128795+4.44089210e-16j -20.441855  -1.77635684e-15j  44.6865924 -3.55271368e-15j
            0.33729189+2.22044605e-16j -13.99079179+0.00000000e+00j]
         [ 11.40698436-8.88178420e-16j   8.7077472 +0.00000000e+00j  -4.53470323+8.88178420e-16j   0.51542656+3.33066907e-16j  -8.76948018+4.44089210e-16j   0.33729189+2.22044605e-16j
           43.02071402+8.88178420e-16j  -8.42241575+4.44089210e-16j]
         [ -3.93796321-8.88178420e-16j   2.51355473-2.22044605e-16j   9.81740342-8.88178420e-16j  -1.32411551+4.44089210e-16j  17.37050933+8.88178420e-16j -13.99079179+0.00000000e+00j
           -8.42241575+4.44089210e-16j  57.92983544+0.00000000e+00j]]
        labels=[('kl', 'mFFaJAJy'), ('kl*', 'mFFaJAJy*')],
        shape=(8, 8),
    )
    hessian_by_imag_M: Tensor(
        [[  0.        +0.00000000e+00j   5.77019065-1.77635684e-15j   7.72286793+8.88178420e-16j   7.9523979 +0.00000000e+00j  -8.38054658+8.88178420e-16j   4.80042897-8.88178420e-16j
            5.23457302+8.88178420e-16j -13.62191033-8.88178420e-16j]
         [ -5.77019065+1.77635684e-15j   0.        +0.00000000e+00j   7.20097596+0.00000000e+00j  -6.79387856+4.44089210e-16j  -7.71172775+0.00000000e+00j  -2.51645218-8.88178420e-16j
           13.01227399-1.77635684e-15j  -3.02828612+6.66133815e-16j]
         [ -7.72286793-8.88178420e-16j  -7.20097596+0.00000000e+00j   0.        +0.00000000e+00j -10.88808684-1.77635684e-15j   4.28299408+8.88178420e-16j  -2.68692835+0.00000000e+00j
            3.82423028-8.88178420e-16j -13.59809224+0.00000000e+00j]
         [ -7.9523979 +0.00000000e+00j   6.79387856-4.44089210e-16j  10.88808684+1.77635684e-15j   0.        +0.00000000e+00j  -0.87561947+4.44089210e-16j  -2.47616862+0.00000000e+00j
           -1.80842147-3.33066907e-16j   2.600247  +2.22044605e-16j]
         [  8.38054658-8.88178420e-16j   7.71172775+0.00000000e+00j  -4.28299408-8.88178420e-16j   0.87561947-4.44089210e-16j   0.        +0.00000000e+00j -15.50192741+0.00000000e+00j
           -2.37606582+0.00000000e+00j  11.63657775+0.00000000e+00j]
         [ -4.80042897+8.88178420e-16j   2.51645218+8.88178420e-16j   2.68692835+0.00000000e+00j   2.47616862+0.00000000e+00j  15.50192741+0.00000000e+00j   0.        +0.00000000e+00j
           -3.97415386+2.22044605e-16j  -0.4970501 +8.88178420e-16j]
         [ -5.23457302-8.88178420e-16j -13.01227399+1.77635684e-15j  -3.82423028+8.88178420e-16j   1.80842147+3.33066907e-16j   2.37606582+0.00000000e+00j   3.97415386-2.22044605e-16j
            0.        +0.00000000e+00j  -1.75650114+2.66453526e-15j]
         [ 13.62191033+8.88178420e-16j   3.02828612-6.66133815e-16j  13.59809224+0.00000000e+00j  -2.600247  -2.22044605e-16j -11.63657775+0.00000000e+00j   0.4970501 -8.88178420e-16j
            1.75650114-2.66453526e-15j   0.        +0.00000000e+00j]]
        labels=[('kl', 'mFFaJAJy'), ('kl*', 'mFFaJAJy*')],
        shape=(8, 8),
    )
    eigvals of hessian_by_real_M: DiagonalTensor(
        [ 21.35071883  26.00636771  33.20297109  38.54164727  56.37649644  68.7263181   87.99448885 113.16123095]
        labels=['WPOaLBgw', 'WPOaLBgw'],
        shape=(8, 8),
    )
    eigvals of hessian_by_imag_M: DiagonalTensor(
        [-36.06107902 -20.02082838  -7.11768537  -6.54897861  10.94051034  13.64841253  20.22242396  24.93722456]
        labels=['KbSoqXna', 'KbSoqXna'],
        shape=(8, 8),
    )
WCOR:
    iter_times, elapsed_time, sqdiff: 300, 0.43671393394470215, 3.371746399435774
    MSN: Tensor(
        [[-0.69134532-0.19225817j  0.6529514 -0.19281331j -0.49211348+0.04036597j -1.24722182+1.1473638j ]
         [-0.09986162+0.93347779j  0.89409344-0.7900827j  -0.90946829+0.61457726j  0.44125446+0.34416844j]
         [-0.41959349-0.62822831j -0.43261482+0.65715958j  0.48365047-0.6052087j  -0.38450508+0.54022674j]
         [ 0.43860043-0.72071402j -0.69329719-0.27870538j  0.69401546+0.32925854j -1.02637877-0.11925814j]]
        labels=['kl', 'kr'],
        shape=(4, 4),
    )
    grad_by_real_M: Tensor(
        [ 1.01585407e-14-1.05471187e-15j -1.57374114e-14+8.39606162e-16j -2.07334150e-14+8.04911693e-16j -3.16413562e-15+5.41233725e-16j  4.28546088e-14-3.33066907e-16j -1.92623695e-14+2.77555756e-16j
         -2.62012634e-14-1.11022302e-15j  2.72559753e-14+1.27675648e-15j]
        labels=[('kl', 'mFFaJAJy')],
        shape=(8,),
    )
    grad_by_imag_M: Tensor(
        [-2.86437540e-14-3.33066907e-16j -8.34748937e-15+4.16333634e-16j  4.53803661e-14+7.49400542e-16j -2.46191956e-14+8.88178420e-16j  2.68673972e-14-2.22044605e-16j -2.83106871e-15+1.22124533e-15j
         -1.73194792e-14-6.66133815e-16j -1.49324997e-14+6.10622664e-16j]
        labels=[('kl', 'mFFaJAJy')],
        shape=(8,),
    )
    hessian_by_real_M: Tensor(
        [[ 73.13275414+0.00000000e+00j  -3.78429658+4.44089210e-16j  -9.48608533+0.00000000e+00j  -7.07199648+0.00000000e+00j  -8.04769246-8.88178420e-16j  10.67848994+0.00000000e+00j
           10.63644259+8.88178420e-16j  -3.24290404+0.00000000e+00j]
         [ -3.78429658+4.44089210e-16j  33.80242544+0.00000000e+00j   7.15549588+4.44089210e-16j   4.77346217-4.44089210e-16j   3.04980167+0.00000000e+00j -12.99687672+0.00000000e+00j
            8.19452525+8.88178420e-16j   1.67693405-2.22044605e-16j]
         [ -9.48608533+0.00000000e+00j   7.15549588+4.44089210e-16j  57.54999011+2.66453526e-15j -11.32465989+8.88178420e-16j -12.67484348-4.44089210e-16j   2.53443901+0.00000000e+00j
           -3.89098336-2.22044605e-16j  10.27789648+1.77635684e-15j]
         [ -7.07199648+0.00000000e+00j   4.77346217-4.44089210e-16j -11.32465989+8.88178420e-16j  34.2029244 +0.00000000e+00j   7.96094125+2.22044605e-16j -10.10485777+0.00000000e+00j
            0.57246276+3.33066907e-16j  -2.05494547+4.44089210e-16j]
         [ -8.04769246-8.88178420e-16j   3.04980167+0.00000000e+00j -12.67484348-4.44089210e-16j   7.96094125+2.22044605e-16j  71.5746298 -1.77635684e-15j -22.63834836-1.77635684e-15j
           -8.33899852+3.33066907e-16j  15.24769426+8.88178420e-16j]
         [ 10.67848994+0.00000000e+00j -12.99687672+0.00000000e+00j   2.53443901+0.00000000e+00j -10.10485777+0.00000000e+00j -22.63834836-1.77635684e-15j  43.22660475+0.00000000e+00j
            0.71037809+4.44089210e-16j -13.69868426+2.22044605e-16j]
         [ 10.63644259+8.88178420e-16j   8.19452525+8.88178420e-16j  -3.89098336-2.22044605e-16j   0.57246276+3.33066907e-16j  -8.33899852+3.33066907e-16j   0.71037809+4.44089210e-16j
           38.46601354+1.77635684e-15j -10.79294489+8.88178420e-16j]
         [ -3.24290404+0.00000000e+00j   1.67693405-2.22044605e-16j  10.27789648+1.77635684e-15j  -2.05494547+4.44089210e-16j  15.24769426+8.88178420e-16j -13.69868426+2.22044605e-16j
          -10.79294489+8.88178420e-16j  53.85722432+3.55271368e-15j]]
        labels=[('kl', 'mFFaJAJy'), ('kl*', 'mFFaJAJy*')],
        shape=(8, 8),
    )
    hessian_by_imag_M: Tensor(
        [[  0.        +0.00000000e+00j   5.09483144+1.77635684e-15j   6.355097  -1.77635684e-15j   5.83637327-4.44089210e-16j  -7.21762864-8.88178420e-16j   6.10267142-8.88178420e-16j
            4.37204175+0.00000000e+00j -12.76922376+8.88178420e-16j]
         [ -5.09483144-1.77635684e-15j   0.        +0.00000000e+00j   5.66215974+0.00000000e+00j  -6.93811049+4.44089210e-16j  -6.86104014-2.22044605e-16j  -2.24335721+0.00000000e+00j
           10.53743112+8.88178420e-16j  -2.51797193+3.33066907e-16j]
         [ -6.355097  +1.77635684e-15j  -5.66215974+0.00000000e+00j   0.        +0.00000000e+00j -10.8654018 +8.88178420e-16j   3.7036173 +0.00000000e+00j  -2.37313061+0.00000000e+00j
            3.78137834+0.00000000e+00j -11.58435555+0.00000000e+00j]
         [ -5.83637327+4.44089210e-16j   6.93811049-4.44089210e-16j  10.8654018 -8.88178420e-16j   0.        +0.00000000e+00j  -1.84773657+0.00000000e+00j  -1.91204676+0.00000000e+00j
           -1.96573057-7.77156117e-16j   3.26588077+8.88178420e-16j]
         [  7.21762864+8.88178420e-16j   6.86104014+2.22044605e-16j  -3.7036173 +0.00000000e+00j   1.84773657+0.00000000e+00j   0.        +0.00000000e+00j -16.10131961+3.55271368e-15j
           -1.83018671+0.00000000e+00j  12.29698148+8.88178420e-16j]
         [ -6.10267142+8.88178420e-16j   2.24335721+0.00000000e+00j   2.37313061+0.00000000e+00j   1.91204676+0.00000000e+00j  16.10131961-3.55271368e-15j   0.        +0.00000000e+00j
           -3.69452333-1.16573418e-15j  -1.18740241+0.00000000e+00j]
         [ -4.37204175+0.00000000e+00j -10.53743112-8.88178420e-16j  -3.78137834+0.00000000e+00j   1.96573057+7.77156117e-16j   1.83018671+0.00000000e+00j   3.69452333+1.16573418e-15j
            0.        +0.00000000e+00j  -3.3444125 +0.00000000e+00j]
         [ 12.76922376-8.88178420e-16j   2.51797193-3.33066907e-16j  11.58435555+0.00000000e+00j  -3.26588077-8.88178420e-16j -12.29698148-8.88178420e-16j   1.18740241+0.00000000e+00j
            3.3444125 +0.00000000e+00j   0.        +0.00000000e+00j]]
        labels=[('kl', 'mFFaJAJy'), ('kl*', 'mFFaJAJy*')],
        shape=(8, 8),
    )
    eigvals of hessian_by_real_M: DiagonalTensor(
        [ 19.08229107  22.30713133  27.24354958  35.37377757  51.80654137  63.63141445  79.79725313 106.57060799]
        labels=['WPOaLBgw', 'WPOaLBgw'],
        shape=(8, 8),
    )
    eigvals of hessian_by_imag_M: DiagonalTensor(
        [-33.93346254 -20.17930321  -5.0536107   -3.96107122   9.88629031  10.88695952  17.6275027   24.72669514]
        labels=['KbSoqXna', 'KbSoqXna'],
        shape=(8, 8),
    )
WROR:
    iter_times, elapsed_time, sqdiff: 300, 0.5301797389984131, 3.371746399435774
    MSN: Tensor(
        [[-0.69134532-0.19225817j  0.6529514 -0.19281331j -0.49211348+0.04036597j -1.24722182+1.1473638j ]
         [-0.09986162+0.93347779j  0.89409344-0.7900827j  -0.90946829+0.61457726j  0.44125446+0.34416844j]
         [-0.41959349-0.62822831j -0.43261482+0.65715958j  0.48365047-0.6052087j  -0.38450508+0.54022674j]
         [ 0.43860043-0.72071402j -0.69329719-0.27870538j  0.69401546+0.32925854j -1.02637877-0.11925814j]]
        labels=['kl', 'kr'],
        shape=(4, 4),
    )
    grad_by_real_M: Tensor(
        [-3.88300503e-14+2.49800181e-16j -1.94289029e-16+4.85722573e-16j  1.75970349e-14+3.19189120e-16j -1.60427227e-14+1.04083409e-16j  5.15143483e-14+0.00000000e+00j -3.68594044e-14-2.77555756e-16j
         -4.24105195e-14+9.99200722e-16j  2.08166817e-14-1.13797860e-15j]
        labels=[('kl', 'mFFaJAJy')],
        shape=(8,),
    )
    grad_by_imag_M: Tensor(
        [-1.55153668e-14+2.49800181e-16j  1.40165657e-15+8.32667268e-17j  9.61730695e-15-2.22044605e-16j -3.71994102e-14+2.22044605e-16j -7.01660952e-14+8.88178420e-16j  4.16888746e-14-6.10622664e-16j
          1.05471187e-14+1.11022302e-16j -5.13478149e-15+9.43689571e-16j]
        labels=[('kl', 'mFFaJAJy')],
        shape=(8,),
    )
    hessian_by_real_M: Tensor(
        [[ 49.00091391+0.00000000e+00j -18.79248765-2.66453526e-15j  -6.20605047+0.00000000e+00j  -5.43192403+4.44089210e-16j  -7.42488692-8.88178420e-16j   8.59686354+8.88178420e-16j
            7.82622154+0.00000000e+00j  -1.72708523+0.00000000e+00j]
         [-18.79248765-2.66453526e-15j  32.83566061+1.77635684e-15j   7.91363029+0.00000000e+00j   3.50902675+0.00000000e+00j   3.71015281+0.00000000e+00j -13.02182827-4.44089210e-16j
            5.95978734+0.00000000e+00j  -0.06902678+2.22044605e-16j]
         [ -6.20605047+0.00000000e+00j   7.91363029+0.00000000e+00j  41.72020732+0.00000000e+00j -18.62051313+8.88178420e-16j  -9.44415388-1.11022302e-15j   5.3073817 +4.44089210e-16j
           -3.06961235-4.44089210e-16j  10.84395925+0.00000000e+00j]
         [ -5.43192403+4.44089210e-16j   3.50902675+0.00000000e+00j -18.62051313+8.88178420e-16j  33.89755823+0.00000000e+00j   8.34301026+4.44089210e-16j -10.82521371-2.22044605e-16j
            0.56771758+0.00000000e+00j  -4.27233336-4.44089210e-16j]
         [ -7.42488692-8.88178420e-16j   3.71015281+0.00000000e+00j  -9.44415388-1.11022302e-15j   8.34301026+4.44089210e-16j  53.69276257-1.77635684e-15j -28.95796513+0.00000000e+00j
           -7.98510327+2.22044605e-16j  10.69488586+8.88178420e-16j]
         [  8.59686354+8.88178420e-16j -13.02182827-4.44089210e-16j   5.3073817 +4.44089210e-16j -10.82521371-2.22044605e-16j -28.95796513+0.00000000e+00j  45.6551236 -3.55271368e-15j
            2.86676411+0.00000000e+00j -13.89317499-8.88178420e-16j]
         [  7.82622154+0.00000000e+00j   5.95978734+0.00000000e+00j  -3.06961235-4.44089210e-16j   0.56771758+0.00000000e+00j  -7.98510327+2.22044605e-16j   2.86676411+0.00000000e+00j
           28.55202989+8.88178420e-16j -18.00633398-8.88178420e-16j]
         [ -1.72708523+0.00000000e+00j  -0.06902678+2.22044605e-16j  10.84395925+0.00000000e+00j  -4.27233336-4.44089210e-16j  10.69488586+8.88178420e-16j -13.89317499-8.88178420e-16j
          -18.00633398-8.88178420e-16j  49.6957243 +0.00000000e+00j]]
        labels=[('kl', 'mFFaJAJy'), ('kl*', 'mFFaJAJy*')],
        shape=(8, 8),
    )
    hessian_by_imag_M: Tensor(
        [[  0.        +0.00000000e+00j  -0.8674127 -1.77635684e-15j   2.32030323+4.44089210e-16j   2.06057807+8.88178420e-16j  -4.33921641+8.88178420e-16j   8.98603147+8.88178420e-16j
            2.45071449-1.33226763e-15j -10.13786533+1.11022302e-16j]
         [  0.8674127 +1.77635684e-15j   0.        +0.00000000e+00j   2.54260396+0.00000000e+00j  -6.94332403-6.66133815e-16j  -5.27424484+6.66133815e-16j  -2.34784954-8.88178420e-16j
            5.22786518+4.44089210e-16j  -0.98094063-2.22044605e-16j]
         [ -2.32030323-4.44089210e-16j  -2.54260396+0.00000000e+00j   0.        +0.00000000e+00j -13.36831334+1.77635684e-15j   2.50931821+0.00000000e+00j  -0.58868924+4.44089210e-16j
            4.26394936+4.44089210e-16j  -6.79610508-8.88178420e-16j]
         [ -2.06057807-8.88178420e-16j   6.94332403+6.66133815e-16j  13.36831334-1.77635684e-15j   0.        +0.00000000e+00j  -4.48641645+0.00000000e+00j  -0.40252361+8.88178420e-16j
           -3.02309788+1.11022302e-16j   4.93306897+0.00000000e+00j]
         [  4.33921641-8.88178420e-16j   5.27424484-6.66133815e-16j  -2.50931821+0.00000000e+00j   4.48641645+0.00000000e+00j   0.        +0.00000000e+00j -20.35403925-1.77635684e-15j
           -1.23767918-4.44089210e-16j  13.41806302+0.00000000e+00j]
         [ -8.98603147-8.88178420e-16j   2.34784954+8.88178420e-16j   0.58868924-4.44089210e-16j   0.40252361-8.88178420e-16j  20.35403925+1.77635684e-15j   0.        +0.00000000e+00j
           -3.53552224+2.22044605e-16j  -3.26538594+8.88178420e-16j]
         [ -2.45071449+1.33226763e-15j  -5.22786518-4.44089210e-16j  -4.26394936-4.44089210e-16j   3.02309788-1.11022302e-16j   1.23767918+4.44089210e-16j   3.53552224-2.22044605e-16j
            0.        +0.00000000e+00j  -9.55873312+0.00000000e+00j]
         [ 10.13786533-1.11022302e-16j   0.98094063+2.22044605e-16j   6.79610508+8.88178420e-16j  -4.93306897+0.00000000e+00j -13.41806302+0.00000000e+00j   3.26538594-8.88178420e-16j
            9.55873312+0.00000000e+00j   0.        +0.00000000e+00j]]
        labels=[('kl', 'mFFaJAJy'), ('kl*', 'mFFaJAJy*')],
        shape=(8, 8),
    )
    eigvals of hessian_by_real_M: DiagonalTensor(
        [11.04500768 13.95192389 15.15946718 28.71463877 36.68872218 59.75601011 70.33864996 99.39556067]
        labels=['iyNNWjCY', 'iyNNWjCY'],
        shape=(8, 8),
    )
    eigvals of hessian_by_imag_M: DiagonalTensor(
        [-32.48577166 -22.46619407  -2.838449    -2.38994916   6.98348163  12.05658082  14.10375932  27.03654212]
        labels=['VaViYdzn', 'VaViYdzn'],
        shape=(8, 8),
    )
IWROR:
    iter_times, elapsed_time, sqdiff: 300, 0.5160291194915771, 3.3717463994357733
    MSN: Tensor(
        [[-0.69134532-0.19225817j  0.6529514 -0.19281331j -0.49211348+0.04036597j -1.24722182+1.1473638j ]
         [-0.09986162+0.93347779j  0.89409344-0.7900827j  -0.90946829+0.61457726j  0.44125446+0.34416844j]
         [-0.41959349-0.62822831j -0.43261482+0.65715958j  0.48365047-0.6052087j  -0.38450508+0.54022674j]
         [ 0.43860043-0.72071402j -0.69329719-0.27870538j  0.69401546+0.32925854j -1.02637877-0.11925814j]]
        labels=['kl', 'kr'],
        shape=(4, 4),
    )
    grad_by_real_M: Tensor(
        [ 1.63480340e-14-9.99200722e-16j -1.68615122e-14-6.10622664e-16j -5.82867088e-16+4.44089210e-16j  1.13797860e-15-4.92661467e-16j  4.95159469e-14-3.33066907e-16j -4.26048086e-14+1.66533454e-16j
         -3.66373598e-14-1.11022302e-16j  1.63757896e-14+9.71445147e-16j]
        labels=[('kl', 'mFFaJAJy')],
        shape=(8,),
    )
    grad_by_imag_M: Tensor(
        [-5.65103520e-14+6.38378239e-16j -2.85882429e-15+4.16333634e-17j  1.41275880e-14+8.32667268e-17j -3.08780779e-15-3.88578059e-16j  2.38697950e-14-4.44089210e-16j  4.60742555e-15-3.05311332e-16j
         -3.76365605e-14-8.88178420e-16j -1.44051437e-14-5.55111512e-17j]
        labels=[('kl', 'mFFaJAJy')],
        shape=(8,),
    )
    hessian_by_real_M: Tensor(
        [[ 50.97530938+0.00000000e+00j -17.2985005 +4.44089210e-16j  -6.50629398-4.44089210e-16j  -5.48587995-2.22044605e-16j  -7.27509012-4.44089210e-16j   8.72876834+0.00000000e+00j
            7.94753255+0.00000000e+00j  -1.83352228+0.00000000e+00j]
         [-17.2985005 +4.44089210e-16j  31.97588433+0.00000000e+00j   7.76920166-2.22044605e-16j   3.60311391-4.44089210e-16j   3.49631869+4.44089210e-16j -12.76867858+0.00000000e+00j
            6.1724756 -4.44089210e-16j   0.08821212+4.44089210e-16j]
         [ -6.50629398-4.44089210e-16j   7.76920166-2.22044605e-16j  42.70006438+1.77635684e-15j -17.73407603+0.00000000e+00j  -9.63036795-2.22044605e-16j   4.98675705+2.22044605e-16j
           -3.13226554+4.44089210e-16j  10.67642423-4.44089210e-16j]
         [ -5.48587995-2.22044605e-16j   3.60311391-4.44089210e-16j -17.73407603+0.00000000e+00j  33.08638485+0.00000000e+00j   8.23805526+8.88178420e-16j -10.50272052+2.22044605e-16j
            0.6166106 -4.44089210e-16j  -3.95490525+0.00000000e+00j]
         [ -7.27509012-4.44089210e-16j   3.49631869+4.44089210e-16j  -9.63036795-2.22044605e-16j   8.23805526+8.88178420e-16j  54.62853088-1.77635684e-15j -28.03467955+0.00000000e+00j
           -7.77885572+6.66133815e-16j  11.0252235 +0.00000000e+00j]
         [  8.72876834+0.00000000e+00j -12.76867858+0.00000000e+00j   4.98675705+2.22044605e-16j -10.50272052+2.22044605e-16j -28.03467955+0.00000000e+00j  44.33354277+3.55271368e-15j
            2.51482474+2.22044605e-16j -13.61275722-4.44089210e-16j]
         [  7.94753255+0.00000000e+00j   6.1724756 -4.44089210e-16j  -3.13226554+4.44089210e-16j   0.6166106 -4.44089210e-16j  -7.77885572+6.66133815e-16j   2.51482474+2.22044605e-16j
           29.04218519+1.77635684e-15j -17.10248289-1.77635684e-15j]
         [ -1.83352228+0.00000000e+00j   0.08821212+4.44089210e-16j  10.67642423-4.44089210e-16j  -3.95490525+0.00000000e+00j  11.0252235 +0.00000000e+00j -13.61275722-4.44089210e-16j
          -17.10248289-1.77635684e-15j  49.00706639+0.00000000e+00j]]
        labels=[('kl', 'mFFaJAJy'), ('kl*', 'mFFaJAJy*')],
        shape=(8, 8),
    )
    hessian_by_imag_M: Tensor(
        [[  0.        +0.00000000e+00j   0.33666721+1.77635684e-15j   2.84452498-4.44089210e-16j   2.34727999+0.00000000e+00j  -4.62965828+0.00000000e+00j   8.517809  +0.00000000e+00j
            2.68386433-4.44089210e-16j -10.33932203+4.44089210e-16j]
         [ -0.33666721-1.77635684e-15j   0.        +0.00000000e+00j   2.72671481+0.00000000e+00j  -6.87032552-4.44089210e-16j  -5.20349222+2.22044605e-16j  -2.24873552-8.88178420e-16j
            5.6476607 -4.44089210e-16j  -1.14501229-1.66533454e-16j]
         [ -2.84452498+4.44089210e-16j  -2.72671481+0.00000000e+00j   0.        +0.00000000e+00j -12.49024809+1.77635684e-15j   2.62998101-8.88178420e-16j  -0.93076829+8.88178420e-16j
            4.07711249+0.00000000e+00j  -7.21819771+1.77635684e-15j]
         [ -2.34727999+0.00000000e+00j   6.87032552+4.44089210e-16j  12.49024809-1.77635684e-15j   0.        +0.00000000e+00j  -4.05849537+1.77635684e-15j  -0.5605568 +0.00000000e+00j
           -2.79529238+5.55111512e-16j   4.69034991+0.00000000e+00j]
         [  4.62965828+0.00000000e+00j   5.20349222-2.22044605e-16j  -2.62998101+8.88178420e-16j   4.05849537-1.77635684e-15j   0.        +0.00000000e+00j -19.11224645+0.00000000e+00j
           -1.32603273-4.44089210e-16j  13.07496098+8.88178420e-16j]
         [ -8.517809  +0.00000000e+00j   2.24873552+8.88178420e-16j   0.93076829-8.88178420e-16j   0.5605568 +0.00000000e+00j  19.11224645+0.00000000e+00j   0.        +0.00000000e+00j
           -3.34098951-2.22044605e-16j  -2.9793727 -8.88178420e-16j]
         [ -2.68386433+4.44089210e-16j  -5.6476607 +4.44089210e-16j  -4.07711249+0.00000000e+00j   2.79529238-5.55111512e-16j   1.32603273+4.44089210e-16j   3.34098951+2.22044605e-16j
            0.        +0.00000000e+00j  -8.18877389-1.77635684e-15j]
         [ 10.33932203-4.44089210e-16j   1.14501229+1.66533454e-16j   7.21819771-1.77635684e-15j  -4.69034991+0.00000000e+00j -13.07496098-8.88178420e-16j   2.9793727 +8.88178420e-16j
            8.18877389+1.77635684e-15j   0.        +0.00000000e+00j]]
        labels=[('kl', 'mFFaJAJy'), ('kl*', 'mFFaJAJy*')],
        shape=(8, 8),
    )
    eigvals of hessian_by_real_M: DiagonalTensor(
        [11.89394747 14.50422399 15.86636375 29.0816603  37.3188893  59.19778672 69.67649074 98.2096059 ]
        labels=['ZlBzfmtQ', 'ZlBzfmtQ'],
        shape=(8, 8),
    )
    eigvals of hessian_by_imag_M: DiagonalTensor(
        [-31.60675094 -21.46119058  -2.31868115  -1.85269564   6.73038488  10.87378073  13.7112165   25.9239362 ]
        labels=['dtYsXFda', 'dtYsXFda'],
        shape=(8, 8),
    )
WLBOR:
    iter_times, elapsed_time, sqdiff: 300, 1.3639287948608398, 3.371746399435775
    MSN: Tensor(
        [[-0.69134532-0.19225817j  0.65295141-0.19281331j -0.49211348+0.04036597j -1.24722182+1.1473638j ]
         [-0.09986161+0.93347779j  0.89409343-0.7900827j  -0.90946829+0.61457726j  0.44125445+0.34416844j]
         [-0.41959349-0.62822831j -0.43261482+0.65715958j  0.48365047-0.6052087j  -0.38450508+0.54022674j]
         [ 0.43860043-0.72071402j -0.69329719-0.27870538j  0.69401547+0.32925854j -1.02637877-0.11925815j]]
        labels=['kl', 'kr'],
        shape=(4, 4),
    )
    grad_by_real_M: Tensor(
        [-3.43245133e-08+1.77635684e-15j -2.48018292e-08-7.07767178e-16j -1.65371639e-08+1.16573418e-15j  4.33583975e-08-2.63677968e-16j -7.32588818e-08-1.22124533e-15j  6.59730982e-08-1.16573418e-15j
          3.28127243e-08-4.44089210e-16j -2.55701155e-08+3.33066907e-16j]
        labels=[('kl', 'mFFaJAJy')],
        shape=(8,),
    )
    grad_by_imag_M: Tensor(
        [ 4.82925334e-08-8.88178420e-16j -1.61318058e-08-1.94289029e-16j -8.39306106e-08-4.44089210e-16j -1.21044999e-08+6.38378239e-16j -6.26520940e-08-6.66133815e-16j -1.95054825e-08-3.88578059e-16j
         -1.51391073e-08+0.00000000e+00j -1.71379698e-08+1.16573418e-15j]
        labels=[('kl', 'mFFaJAJy')],
        shape=(8,),
    )
    hessian_by_real_M: Tensor(
        [[ 82.85446578+3.55271368e-15j   2.79382741+0.00000000e+00j -10.7080332 +1.33226763e-15j  -7.66929789-4.44089210e-16j  -8.57500355+8.88178420e-16j  11.64863281+4.44089210e-16j
           11.42109151+8.88178420e-16j  -3.94487931+0.00000000e+00j]
         [  2.79382741+0.00000000e+00j  37.14692519+0.00000000e+00j   6.36849883-4.44089210e-16j   5.22930401+0.00000000e+00j   3.36444685+0.00000000e+00j -13.41626925+0.00000000e+00j
            8.72644457-8.88178420e-16j   2.52629827-4.44089210e-16j]
         [-10.7080332 +1.33226763e-15j   6.36849883-4.44089210e-16j  64.16982461+8.88178420e-16j  -8.60323924+8.88178420e-16j -14.21914992-1.33226763e-15j   1.51367672+4.44089210e-16j
           -4.54003406-2.22044605e-16j   9.84048352+0.00000000e+00j]
         [ -7.66929789-4.44089210e-16j   5.22930401+0.00000000e+00j  -8.60323924+8.88178420e-16j  36.52996645-1.77635684e-15j   7.76408815+7.21644966e-16j -10.39440493+2.22044605e-16j
            0.51508018+8.88178420e-16j  -1.32570309+4.44089210e-16j]
         [ -8.57500355+8.88178420e-16j   3.36444685+0.00000000e+00j -14.21914992-1.33226763e-15j   7.76408815+7.21644966e-16j  79.4590685 -1.77635684e-15j -20.50214905-1.77635684e-15j
           -8.79289555-4.44089210e-16j  17.41124641+8.88178420e-16j]
         [ 11.64863281+4.44089210e-16j -13.41626925+0.00000000e+00j   1.51367672+4.44089210e-16j -10.39440493+2.22044605e-16j -20.50214905-1.77635684e-15j  44.83503479+0.00000000e+00j
            0.34652795+8.88178420e-16j -14.03763056+4.44089210e-16j]
         [ 11.42109151+8.88178420e-16j   8.72644457-8.88178420e-16j  -4.54003406-2.22044605e-16j   0.51508018+8.88178420e-16j  -8.79289555-4.44089210e-16j   0.34652795+8.88178420e-16j
           43.0605106 +8.88178420e-16j  -8.47347985-4.44089210e-16j]
         [ -3.94487931+0.00000000e+00j   2.52629827-4.44089210e-16j   9.84048352+0.00000000e+00j  -1.32570309+4.44089210e-16j  17.41124641+8.88178420e-16j -14.03763056+4.44089210e-16j
           -8.47347985-4.44089210e-16j  58.12059056+3.55271368e-15j]]
        labels=[('kl', 'mFFaJAJy'), ('kl*', 'mFFaJAJy*')],
        shape=(8, 8),
    )
    hessian_by_imag_M: Tensor(
        [[  0.        +0.00000000e+00j   5.75561782+0.00000000e+00j   7.71216594+0.00000000e+00j   7.97204997-4.44089210e-16j  -8.38070492+0.00000000e+00j   4.81858447+0.00000000e+00j
            5.23345749-1.77635684e-15j -13.64931456+4.44089210e-16j]
         [ -5.75561782+0.00000000e+00j   0.        +0.00000000e+00j   7.22014363-4.44089210e-16j  -6.81689394+4.44089210e-16j  -7.73288004-2.22044605e-16j  -2.52387334+0.00000000e+00j
           13.04201539+0.00000000e+00j  -3.04024631+2.22044605e-16j]
         [ -7.71216594+0.00000000e+00j  -7.22014363+4.44089210e-16j   0.        +0.00000000e+00j -10.9339685 -8.88178420e-16j   4.28571311+0.00000000e+00j  -2.68387325-8.88178420e-16j
            3.8405724 -4.44089210e-16j -13.62381314-8.88178420e-16j]
         [ -7.97204997+4.44089210e-16j   6.81689394-4.44089210e-16j  10.9339685 +8.88178420e-16j   0.        +0.00000000e+00j  -0.882272  +4.44089210e-16j  -2.48565973-8.88178420e-16j
           -1.81458499+3.33066907e-16j   2.60864695-2.22044605e-16j]
         [  8.38070492+0.00000000e+00j   7.73288004+2.22044605e-16j  -4.28571311+0.00000000e+00j   0.882272  -4.44089210e-16j   0.        +0.00000000e+00j -15.56383504+0.00000000e+00j
           -2.37623955+0.00000000e+00j  11.66846641-1.77635684e-15j]
         [ -4.81858447+0.00000000e+00j   2.52387334+0.00000000e+00j   2.68387325+8.88178420e-16j   2.48565973+8.88178420e-16j  15.56383504+0.00000000e+00j   0.        +0.00000000e+00j
           -3.98856803-2.22044605e-16j  -0.4953997 +8.88178420e-16j]
         [ -5.23345749+1.77635684e-15j -13.04201539+0.00000000e+00j  -3.8405724 +4.44089210e-16j   1.81458499-3.33066907e-16j   2.37623955+0.00000000e+00j   3.98856803+2.22044605e-16j
            0.        +0.00000000e+00j  -1.78947944+1.77635684e-15j]
         [ 13.64931456-4.44089210e-16j   3.04024631-2.22044605e-16j  13.62381314+8.88178420e-16j  -2.60864695+2.22044605e-16j -11.66846641+1.77635684e-15j   0.4953997 -8.88178420e-16j
            1.78947944-1.77635684e-15j   0.        +0.00000000e+00j]]
        labels=[('kl', 'mFFaJAJy'), ('kl*', 'mFFaJAJy*')],
        shape=(8, 8),
    )
    eigvals of hessian_by_real_M: DiagonalTensor(
        [ 21.41855471  26.07417937  33.24188374  38.62090176  56.51693766  68.85640336  88.06248184 113.38504404]
        labels=['WPOaLBgw', 'WPOaLBgw'],
        shape=(8, 8),
    )
    eigvals of hessian_by_imag_M: DiagonalTensor(
        [-36.134336   -20.09281465  -7.14602201  -6.54347052  10.9709586   13.67636506  20.25601678  25.01330276]
        labels=['KbSoqXna', 'KbSoqXna'],
        shape=(8, 8),
    )
WNAG:
    iter_times, elapsed_time, sqdiff: 300, 0.5133380889892578, 3.3850827849510363
    MSN: Tensor(
        [[-0.69012318-0.19894857j  0.6549166 -0.18706153j -0.49257208+0.03596107j -1.25888915+1.13715278j]
         [-0.10838501+0.93336197j  0.90199204-0.78268353j -0.91579287+0.60688811j  0.43849889+0.34846458j]
         [-0.41434607-0.63264157j -0.43899302+0.65393265j  0.48960816-0.60146632j -0.38973036+0.53729348j]
         [ 0.44559428-0.71751877j -0.69159107-0.28527014j  0.69184059+0.33588579j -1.0263215 -0.12862859j]]
        labels=['kl', 'kr'],
        shape=(4, 4),
    )
    grad_by_real_M: Tensor(
        [ 0.57629629-1.30451205e-15j  0.17323172-1.27675648e-15j  0.34428568-4.99600361e-16j -0.20743473-8.88178420e-16j -0.24082816-8.88178420e-16j  0.55553962-2.22044605e-15j -0.17545454-1.13797860e-15j
         -0.67606257-1.72084569e-15j]
        labels=[('kl', 'mFFaJAJy')],
        shape=(8,),
    )
    grad_by_imag_M: Tensor(
        [ 0.45807008-2.22044605e-15j  0.31112709-2.10942375e-15j -0.53871554+8.32667268e-17j -0.78722519+8.88178420e-16j  0.5861323 +5.55111512e-17j  0.78988818-5.55111512e-16j  0.41301511-8.88178420e-16j
          0.94281344+0.00000000e+00j]
        labels=[('kl', 'mFFaJAJy')],
        shape=(8,),
    )
    hessian_by_real_M: Tensor(
        [[ 94.0563889 +0.00000000e+00j 111.10078775+3.55271368e-15j -11.30130959-1.77635684e-15j -10.97056875+1.77635684e-15j  -5.35945106-1.77635684e-15j   9.49312228+0.00000000e+00j
           13.4957481 +4.44089210e-16j -11.18171888+0.00000000e+00j]
         [111.10078775+3.55271368e-15j 219.77804384+7.10542736e-15j  -7.48180719+1.77635684e-15j   5.00436357+0.00000000e+00j   3.14214074-1.77635684e-15j -17.27008403+1.77635684e-15j
            6.20156755+0.00000000e+00j -17.40340208-1.77635684e-15j]
         [-11.30130959-1.77635684e-15j  -7.48180719+1.77635684e-15j  66.04187025+0.00000000e+00j  50.97337865+5.32907052e-15j -13.20476868-2.22044605e-16j -19.75024527-1.77635684e-15j
           -1.81375021+0.00000000e+00j -10.49319324+0.00000000e+00j]
         [-10.97056875+1.77635684e-15j   5.00436357+0.00000000e+00j  50.97337865+5.32907052e-15j 127.99042456+1.77635684e-15j  -5.60526089-1.77635684e-15j -40.78694193+1.11022302e-15j
           -0.41482537-2.22044605e-16j -17.75252972-3.55271368e-15j]
         [ -5.35945106-1.77635684e-15j   3.14214074-1.77635684e-15j -13.20476868-2.22044605e-16j  -5.60526089-1.77635684e-15j  75.24549541-8.88178420e-16j  44.96886488+1.77635684e-15j
           -4.70273722-1.33226763e-15j  23.13067611-8.88178420e-16j]
         [  9.49312228+0.00000000e+00j -17.27008403+1.77635684e-15j -19.75024527-1.77635684e-15j -40.78694193+1.11022302e-15j  44.96886488+1.77635684e-15j 133.98878133-3.55271368e-15j
           -2.85093758-8.88178420e-16j -12.24502291+0.00000000e+00j]
         [ 13.4957481 +4.44089210e-16j   6.20156755+0.00000000e+00j  -1.81375021+0.00000000e+00j  -0.41482537-2.22044605e-16j  -4.70273722-1.33226763e-15j  -2.85093758-8.88178420e-16j
           46.11748864-3.55271368e-15j  51.26119169-7.10542736e-15j]
         [-11.18171888+0.00000000e+00j -17.40340208-1.77635684e-15j -10.49319324+0.00000000e+00j -17.75252972-3.55271368e-15j  23.13067611-8.88178420e-16j -12.24502291+0.00000000e+00j
           51.26119169-7.10542736e-15j 200.32164328-9.43689571e-15j]]
        labels=[('kl', 'mFFaJAJy'), ('kl*', 'mFFaJAJy*')],
        shape=(8, 8),
    )
    hessian_by_imag_M: Tensor(
        [[  0.        +0.00000000e+00j   8.27278187+0.00000000e+00j  12.74582334-8.88178420e-16j  23.13832345+8.88178420e-16j -10.28612338+0.00000000e+00j -17.89909159-2.66453526e-15j
            5.30851212-2.66453526e-15j  -0.9177278 -2.66453526e-15j]
         [ -8.27278187+0.00000000e+00j   0.        +0.00000000e+00j  30.11097361-8.88178420e-16j  21.81092621+8.88178420e-16j -17.2016523 -4.44089210e-16j -31.41997878-3.55271368e-15j
           25.94615106-1.77635684e-15j  14.96634404-3.55271368e-15j]
         [-12.74582334+8.88178420e-16j -30.11097361+8.88178420e-16j   0.        +0.00000000e+00j   2.30631039+0.00000000e+00j   3.27226724+8.88178420e-16j  -1.05730375+1.77635684e-15j
           -0.84621706-8.88178420e-16j -25.89131881+0.00000000e+00j]
         [-23.13832345-8.88178420e-16j -21.81092621-8.88178420e-16j  -2.30631039+0.00000000e+00j   0.        +0.00000000e+00j  11.04288827-2.22044605e-15j   3.28910612+3.55271368e-15j
           -1.08611733-1.19348975e-15j -15.82755711+0.00000000e+00j]
         [ 10.28612338+0.00000000e+00j  17.2016523 +4.44089210e-16j  -3.27226724-8.88178420e-16j -11.04288827+2.22044605e-15j   0.        +0.00000000e+00j  13.13123001+3.55271368e-15j
           -0.39229148+0.00000000e+00j  -9.07768536-5.32907052e-15j]
         [ 17.89909159+2.66453526e-15j  31.41997878+3.55271368e-15j   1.05730375-1.77635684e-15j  -3.28910612-3.55271368e-15j -13.13123001-3.55271368e-15j   0.        +0.00000000e+00j
           -8.2801944 -1.33226763e-15j -23.39166767-8.88178420e-16j]
         [ -5.30851212+2.66453526e-15j -25.94615106+1.77635684e-15j   0.84621706+8.88178420e-16j   1.08611733+1.19348975e-15j   0.39229148+0.00000000e+00j   8.2801944 +1.33226763e-15j
            0.        +0.00000000e+00j  -2.77686916-3.55271368e-15j]
         [  0.9177278 +2.66453526e-15j -14.96634404+3.55271368e-15j  25.89131881+0.00000000e+00j  15.82755711+0.00000000e+00j   9.07768536+5.32907052e-15j  23.39166767+8.88178420e-16j
            2.77686916+3.55271368e-15j   0.        +0.00000000e+00j]]
        labels=[('kl', 'mFFaJAJy'), ('kl*', 'mFFaJAJy*')],
        shape=(8, 8),
    )
    eigvals of hessian_by_real_M: DiagonalTensor(
        [ 18.95390654  22.58659561  36.91364929  59.54797911 111.68819673 198.80901185 224.72719788 290.31359921]
        labels=['WPOaLBgw', 'WPOaLBgw'],
        shape=(8, 8),
    )
    eigvals of hessian_by_imag_M: DiagonalTensor(
        [-72.66050654 -46.03849042  -7.61550227  -1.70071471   9.30406939  17.75019385  34.47438827  66.48656244]
        labels=['KbSoqXna', 'KbSoqXna'],
        shape=(8, 8),
    )
SNAG:
    iter_times, elapsed_time, sqdiff: 300, 0.4139878749847412, 3.3717463994357733
    MSN: Tensor(
        [[-0.69134532-0.19225817j  0.6529514 -0.19281331j -0.49211348+0.04036597j -1.24722182+1.1473638j ]
         [-0.09986162+0.93347779j  0.89409344-0.7900827j  -0.90946829+0.61457726j  0.44125446+0.34416844j]
         [-0.41959349-0.62822831j -0.43261482+0.65715958j  0.48365047-0.6052087j  -0.38450508+0.54022674j]
         [ 0.43860043-0.72071402j -0.69329719-0.27870538j  0.69401546+0.32925854j -1.02637877-0.11925814j]]
        labels=['kl', 'kr'],
        shape=(4, 4),
    )
    grad_by_real_M: Tensor(
        [ 6.43929354e-15+2.49800181e-16j  2.14411822e-15+2.75821033e-16j -5.96744876e-16-2.63677968e-16j -2.47718512e-15-5.83300769e-17j  9.04831765e-15+0.00000000e+00j -3.41740525e-15+2.81892565e-17j
         -9.38138456e-15-1.11022302e-16j  2.04697370e-16+9.02056208e-17j]
        labels=[('kl', 'mFFaJAJy')],
        shape=(8,),
    )
    grad_by_imag_M: Tensor(
        [-4.19109192e-15+2.77555756e-17j  3.21444260e-15+4.85722573e-17j -9.65894031e-15+8.18789481e-16j  2.72937055e-15-3.88578059e-16j -7.66053887e-15+5.55111512e-17j  8.04434644e-15-3.78169718e-16j
         -6.66133815e-16-2.77555756e-16j -9.90180160e-15-8.67361738e-17j]
        labels=[('kl', 'mFFaJAJy')],
        shape=(8,),
    )
    hessian_by_real_M: Tensor(
        [[ 2.47242548e+01+0.00000000e+00j -6.51400800e+00+0.00000000e+00j -3.11010159e+00+2.22044605e-16j -1.02259147e+00-1.11022302e-16j -3.12994656e+00+2.22044605e-16j  2.33011471e+00-4.44089210e-16j
           3.08486743e+00+3.33066907e-16j -2.13820653e-01+0.00000000e+00j]
         [-6.51400800e+00+0.00000000e+00j  7.51302369e+00+0.00000000e+00j  1.89537663e+00-9.02056208e-17j  4.92501208e-01+0.00000000e+00j  1.75189597e+00+1.11022302e-16j -3.56705010e+00+5.55111512e-17j
           1.38410780e+00-2.22044605e-16j  1.17803433e+00+5.55111512e-17j]
         [-3.11010159e+00+2.22044605e-16j  1.89537663e+00-9.02056208e-17j  1.98447091e+01+0.00000000e+00j -6.36922181e+00+4.44089210e-16j -4.65546872e+00+2.22044605e-16j  2.12857196e+00-5.55111512e-17j
          -1.82228051e+00+0.00000000e+00j  3.64272098e+00+2.22044605e-16j]
         [-1.02259147e+00-1.11022302e-16j  4.92501208e-01+0.00000000e+00j -6.36922181e+00+4.44089210e-16j  9.18740118e+00+0.00000000e+00j  2.40907710e+00+0.00000000e+00j -2.53997700e+00+1.11022302e-16j
           1.36600814e-02-2.22044605e-16j -6.73463022e-01+0.00000000e+00j]
         [-3.12994656e+00+2.22044605e-16j  1.75189597e+00+1.11022302e-16j -4.65546872e+00+2.22044605e-16j  2.40907710e+00+0.00000000e+00j  2.53049225e+01-8.88178420e-16j -9.75347923e+00+0.00000000e+00j
          -3.28624853e+00-1.11022302e-16j  3.32037426e+00-4.44089210e-16j]
         [ 2.33011471e+00-4.44089210e-16j -3.56705010e+00+5.55111512e-17j  2.12857196e+00-5.55111512e-17j -2.53997700e+00+1.11022302e-16j -9.75347923e+00+0.00000000e+00j  1.26785263e+01+4.44089210e-16j
           1.16757793e+00+1.11022302e-16j -3.92624405e+00-5.55111512e-17j]
         [ 3.08486743e+00+3.33066907e-16j  1.38410780e+00-2.22044605e-16j -1.82228051e+00+0.00000000e+00j  1.36600814e-02-2.22044605e-16j -3.28624853e+00-1.11022302e-16j  1.16757793e+00+1.11022302e-16j
           1.37549441e+01-8.88178420e-16j -6.11507482e+00+4.44089210e-16j]
         [-2.13820653e-01+0.00000000e+00j  1.17803433e+00+5.55111512e-17j  3.64272098e+00+2.22044605e-16j -6.73463022e-01+0.00000000e+00j  3.32037426e+00-4.44089210e-16j -3.92624405e+00-5.55111512e-17j
          -6.11507482e+00+4.44089210e-16j  1.11889904e+01-4.44089210e-16j]]
