b=4, chi=2, seed=926, 
NOR:
    iter_times, elapsed_time, sqdiff: 300, 0.42415428161621094, 2.933543882294079
    MSN: Tensor(
        [[ 0.31462375-0.3399331j   1.05671801-0.52351147j  0.28323935+1.33060218j -0.12932514+0.00456273j]
         [-0.22855044-1.11205167j -1.17899988+0.54665942j  1.19040011-1.2601169j  -0.52920861-0.01664779j]
         [-0.37879179-0.51934253j -0.20039211+0.48325622j  0.26098845-0.69101602j -0.27511501+0.15015256j]
         [ 0.27641134-0.7036413j  -1.4844923 +1.3496145j   0.27996199-1.3321907j  -0.44476515-0.31341123j]]
        labels=['kl', 'kr'],
        shape=(4, 4),
    )
    grad_by_reM_reM: Tensor(
        [ 1.19071419e-14+1.27675648e-15j  1.06581410e-14+1.11022302e-15j -9.45077350e-15+6.66133815e-16j  1.84852134e-14+8.88178420e-16j -2.22044605e-16+3.33066907e-16j  1.30277733e-15+5.96744876e-16j
          1.33781874e-14+6.05071548e-15j -8.27983515e-15+1.66533454e-15j]
        labels=[('kl', 'FqifqhgA')],
        shape=(8,),
    )
    grad_by_imM_imM: Tensor(
        [ 3.88578059e-15-2.19269047e-15j -1.19904087e-14-6.66133815e-16j  3.19744231e-14+2.81719092e-15j  2.66453526e-15-4.99600361e-16j  1.76525461e-14-1.94289029e-15j  3.45556916e-15-2.00707506e-15j
         -1.34892097e-14-2.05391260e-15j -1.76525461e-14-2.68708666e-15j]
        labels=[('kl', 'FqifqhgA')],
        shape=(8,),
    )
    hessian_by_M_M: [[ 72.90680525+3.55271368e-15j  16.70615342-8.88178420e-16j -13.13750606+1.77635684e-15j   6.62619443+0.00000000e+00j -37.37840099+4.44089210e-16j  -9.97588568-2.22044605e-16j
       -5.10648465-8.88178420e-16j   8.20201091+0.00000000e+00j   0.        +0.00000000e+00j  15.37119278-1.77635684e-15j   8.18767943+0.00000000e+00j -12.13570304+8.88178420e-16j
        6.25258874+0.00000000e+00j  -2.10177067-1.77635684e-15j  -4.22729859+0.00000000e+00j  -1.14249278+8.88178420e-16j]
     [ 16.70615342-8.88178420e-16j  33.89736242+0.00000000e+00j  -5.81093025+2.22044605e-16j   6.83142019-1.11022302e-15j   3.12522811+4.44089210e-16j   2.41966741+0.00000000e+00j
        9.27951632+1.77635684e-15j   5.08399083+4.44089210e-16j -15.37119278+1.77635684e-15j   0.        +0.00000000e+00j   0.26575806+0.00000000e+00j   2.90277213+4.44089210e-16j
        4.22350366-1.33226763e-15j  -2.03561151-2.22044605e-16j   8.68401674+0.00000000e+00j  -6.42760657+0.00000000e+00j]
     [-13.13750606+1.77635684e-15j  -5.81093025+2.22044605e-16j  77.34238209+7.10542736e-15j  20.84102423+0.00000000e+00j  43.14761961+2.66453526e-15j  18.84795939+0.00000000e+00j
      -39.4252394 +0.00000000e+00j -11.89407644+8.88178420e-16j  -8.18767943+0.00000000e+00j  -0.26575806+0.00000000e+00j   0.        +0.00000000e+00j  -9.87284548-1.77635684e-15j
       13.19764973-3.55271368e-15j   4.25087696+3.55271368e-15j  20.34466418+3.55271368e-15j  13.43454297+0.00000000e+00j]
     [  6.62619443+0.00000000e+00j   6.83142019-1.11022302e-15j  20.84102423+0.00000000e+00j  39.86774674-6.66133815e-16j  19.12786693+0.00000000e+00j   7.15389009-8.88178420e-16j
      -19.05032675-8.88178420e-16j -13.81129942+0.00000000e+00j  12.13570304-8.88178420e-16j  -2.90277213-4.44089210e-16j   9.87284548+1.77635684e-15j   0.        +0.00000000e+00j
      -12.82828487+0.00000000e+00j  -5.76580893+4.44089210e-16j  -2.91898816+1.77635684e-15j   3.86788631-8.88178420e-16j]
     [-37.37840099+4.44089210e-16j   3.12522811+4.44089210e-16j  43.14761961+2.66453526e-15j  19.12786693+0.00000000e+00j 100.40145271+0.00000000e+00j  31.31307651-8.88178420e-16j
      -27.30546413+0.00000000e+00j -28.27023289+0.00000000e+00j  -6.25258874+0.00000000e+00j  -4.22350366+1.33226763e-15j -13.19764973+3.55271368e-15j  12.82828487+0.00000000e+00j
        0.        +0.00000000e+00j  -8.91297548+1.77635684e-15j  15.17953008+1.77635684e-15j  -8.44448862+0.00000000e+00j]
     [ -9.97588568-2.22044605e-16j   2.41966741+0.00000000e+00j  18.84795939+0.00000000e+00j   7.15389009-8.88178420e-16j  31.31307651-8.88178420e-16j  33.15950775+4.44089210e-16j
       -3.71003223+4.44089210e-16j  -3.99109778-4.44089210e-16j   2.10177067+1.77635684e-15j   2.03561151+2.22044605e-16j  -4.25087696-3.55271368e-15j   5.76580893-4.44089210e-16j
        8.91297548-1.77635684e-15j   0.        +0.00000000e+00j  -4.74171243+4.44089210e-16j  -7.67986723-2.22044605e-16j]
     [ -5.10648465-8.88178420e-16j   9.27951632+1.77635684e-15j -39.4252394 +0.00000000e+00j -19.05032675-8.88178420e-16j -27.30546413+0.00000000e+00j  -3.71003223+4.44089210e-16j
       68.50451813+0.00000000e+00j  18.31869611+8.88178420e-16j   4.22729859+0.00000000e+00j  -8.68401674+0.00000000e+00j -20.34466418-3.55271368e-15j   2.91898816-1.77635684e-15j
      -15.17953008-1.77635684e-15j   4.74171243-4.44089210e-16j   0.        +0.00000000e+00j -13.40724824+1.77635684e-15j]
     [  8.20201091+0.00000000e+00j   5.08399083+4.44089210e-16j -11.89407644+8.88178420e-16j -13.81129942+0.00000000e+00j -28.27023289+0.00000000e+00j  -3.99109778-4.44089210e-16j
       18.31869611+8.88178420e-16j  39.03972183+8.88178420e-16j   1.14249278-8.88178420e-16j   6.42760657+0.00000000e+00j -13.43454297+0.00000000e+00j  -3.86788631+8.88178420e-16j
        8.44448862+0.00000000e+00j   7.67986723+2.22044605e-16j  13.40724824-1.77635684e-15j   0.        +0.00000000e+00j]
     [  0.        +0.00000000e+00j -15.37119278+1.77635684e-15j  -8.18767943+0.00000000e+00j  12.13570304-8.88178420e-16j  -6.25258874+0.00000000e+00j   2.10177067+1.77635684e-15j
        4.22729859+0.00000000e+00j   1.14249278-8.88178420e-16j  72.90680525+3.55271368e-15j  16.70615342-8.88178420e-16j -13.13750606+1.77635684e-15j   6.62619443+0.00000000e+00j
      -37.37840099+4.44089210e-16j  -9.97588568-2.22044605e-16j  -5.10648465-8.88178420e-16j   8.20201091+0.00000000e+00j]
     [ 15.37119278-1.77635684e-15j   0.        +0.00000000e+00j  -0.26575806+0.00000000e+00j  -2.90277213-4.44089210e-16j  -4.22350366+1.33226763e-15j   2.03561151+2.22044605e-16j
       -8.68401674+0.00000000e+00j   6.42760657+0.00000000e+00j  16.70615342-8.88178420e-16j  33.89736242+0.00000000e+00j  -5.81093025+2.22044605e-16j   6.83142019-1.11022302e-15j
        3.12522811+4.44089210e-16j   2.41966741+0.00000000e+00j   9.27951632+1.77635684e-15j   5.08399083+4.44089210e-16j]
     [  8.18767943+0.00000000e+00j   0.26575806+0.00000000e+00j   0.        +0.00000000e+00j   9.87284548+1.77635684e-15j -13.19764973+3.55271368e-15j  -4.25087696-3.55271368e-15j
      -20.34466418-3.55271368e-15j -13.43454297+0.00000000e+00j -13.13750606+1.77635684e-15j  -5.81093025+2.22044605e-16j  77.34238209+7.10542736e-15j  20.84102423+0.00000000e+00j
       43.14761961+2.66453526e-15j  18.84795939+0.00000000e+00j -39.4252394 +0.00000000e+00j -11.89407644+8.88178420e-16j]
     [-12.13570304+8.88178420e-16j   2.90277213+4.44089210e-16j  -9.87284548-1.77635684e-15j   0.        +0.00000000e+00j  12.82828487+0.00000000e+00j   5.76580893-4.44089210e-16j
        2.91898816-1.77635684e-15j  -3.86788631+8.88178420e-16j   6.62619443+0.00000000e+00j   6.83142019-1.11022302e-15j  20.84102423+0.00000000e+00j  39.86774674-6.66133815e-16j
       19.12786693+0.00000000e+00j   7.15389009-8.88178420e-16j -19.05032675-8.88178420e-16j -13.81129942+0.00000000e+00j]
     [  6.25258874+0.00000000e+00j   4.22350366-1.33226763e-15j  13.19764973-3.55271368e-15j -12.82828487+0.00000000e+00j   0.        +0.00000000e+00j   8.91297548-1.77635684e-15j
      -15.17953008-1.77635684e-15j   8.44448862+0.00000000e+00j -37.37840099+4.44089210e-16j   3.12522811+4.44089210e-16j  43.14761961+2.66453526e-15j  19.12786693+0.00000000e+00j
      100.40145271+0.00000000e+00j  31.31307651-8.88178420e-16j -27.30546413+0.00000000e+00j -28.27023289+0.00000000e+00j]
     [ -2.10177067-1.77635684e-15j  -2.03561151-2.22044605e-16j   4.25087696+3.55271368e-15j  -5.76580893+4.44089210e-16j  -8.91297548+1.77635684e-15j   0.        +0.00000000e+00j
        4.74171243-4.44089210e-16j   7.67986723+2.22044605e-16j  -9.97588568-2.22044605e-16j   2.41966741+0.00000000e+00j  18.84795939+0.00000000e+00j   7.15389009-8.88178420e-16j
       31.31307651-8.88178420e-16j  33.15950775+4.44089210e-16j  -3.71003223+4.44089210e-16j  -3.99109778-4.44089210e-16j]
     [ -4.22729859+0.00000000e+00j   8.68401674+0.00000000e+00j  20.34466418+3.55271368e-15j  -2.91898816+1.77635684e-15j  15.17953008+1.77635684e-15j  -4.74171243+4.44089210e-16j
        0.        +0.00000000e+00j  13.40724824-1.77635684e-15j  -5.10648465-8.88178420e-16j   9.27951632+1.77635684e-15j -39.4252394 +0.00000000e+00j -19.05032675-8.88178420e-16j
      -27.30546413+0.00000000e+00j  -3.71003223+4.44089210e-16j  68.50451813+0.00000000e+00j  18.31869611+8.88178420e-16j]
     [ -1.14249278+8.88178420e-16j  -6.42760657+0.00000000e+00j  13.43454297+0.00000000e+00j   3.86788631-8.88178420e-16j  -8.44448862+0.00000000e+00j  -7.67986723-2.22044605e-16j
      -13.40724824+1.77635684e-15j   0.        +0.00000000e+00j   8.20201091+0.00000000e+00j   5.08399083+4.44089210e-16j -11.89407644+8.88178420e-16j -13.81129942+0.00000000e+00j
      -28.27023289+0.00000000e+00j  -3.99109778-4.44089210e-16j  18.31869611+8.88178420e-16j  39.03972183+8.88178420e-16j]]
