b=4, chi=2, seed=418, 
NOR:
    iter_times, elapsed_time, sqdiff: 300, 0.6738178730010986, 1.620928340435106
    MSN: Tensor(
        [[-0.21019564-0.13756507j -0.01999789+0.22440575j -0.83450467+1.38646327j  0.55584612+1.24555228j]
         [ 0.33544763-0.18644576j -0.14041924+0.16669734j -0.57906252-0.54609593j -0.45572895-0.13570006j]
         [ 0.76460955+0.7322217j  -0.81426408-0.06587618j -0.18295161-1.18988287j  0.2169639 -0.01782759j]
         [ 0.19156682+0.04035719j -0.06366384+0.28661555j  0.1936743 +0.79835621j  0.99752962+0.05671253j]]
        labels=['kl', 'kr'],
        shape=(4, 4),
    )
    grad_by_reM_reM: Tensor(
        [ 1.24344979e-14-1.09634524e-15j  1.77635684e-15+4.44089210e-16j -7.77156117e-15+4.99600361e-16j -1.06581410e-14+2.22044605e-16j -1.40720768e-14+3.41393580e-15j -6.32133235e-15+1.51267887e-15j -1.01585407e-14+1.11022302e-16j -4.91468845e-15-9.43689571e-16j]
        labels=[('kl', 'QEpVHCae')],
        shape=(8,),
    )
    grad_by_imM_imM: Tensor(
        [ 1.31838984e-15+4.99600361e-16j -7.71605002e-15-3.60822483e-16j -2.22044605e-16-2.44249065e-15j -1.11022302e-16+1.22124533e-15j -1.58206781e-15+1.02695630e-15j -2.98372438e-15-5.34294831e-16j  2.66453526e-15+1.94289029e-15j  7.77156117e-16-1.10371781e-16j]
        labels=[('kl', 'QEpVHCae')],
        shape=(8,),
    )
    hessian_by_M_M: [[ 32.71480854  -0.91447323   5.52881043  -4.9814068   -2.69837864   1.36305543  -5.5025089    1.61927817   0.           3.10515035   4.93859678 -11.48738508   4.79188124  -2.58702083   1.96989966   1.14851868]
     [ -0.91447323  59.2628768   -5.86438209 -14.3381229   28.24190979   7.01485135   4.77023643 -11.00008637  -3.10515035   0.          -5.85834666   1.3171686    1.78236655   5.87518504  -1.32084595  19.41220597]
     [  5.52881043  -5.86438209  58.47166055  10.75705526 -24.09041187  -6.87490123  23.27200494  13.64985338  -4.93859678   5.85834666   0.         -14.0101603   15.11192275 -15.54636547  -1.54856521 -18.81226314]
     [ -4.9814068  -14.3381229   10.75705526  48.74004839 -11.41296899   7.29561022   3.85960281   3.37167163  11.48738508  -1.3171686   14.0101603    0.          -3.1505026   -5.41104688   0.41736427  -0.39921356]
     [ -2.69837864  28.24190979 -24.09041187 -11.41296899  59.23885063   1.54970874  -1.4485052  -10.69462509  -4.79188124  -1.78236655 -15.11192275   3.1505026    0.           4.37930305 -19.60824093  19.95838108]
     [  1.36305543   7.01485135  -6.87490123   7.29561022   1.54970874  32.21802148  13.1348062   -4.17137556   2.58702083  -5.87518504  15.54636547   5.41104688  -4.37930305   0.           2.84650018   1.39653148]
     [ -5.5025089    4.77023643  23.27200494   3.85960281  -1.4485052   13.1348062   49.20559216   0.84389406  -1.96989966   1.32084595   1.54856521  -0.41736427  19.60824093  -2.84650018   0.          -4.16191613]
     [  1.61927817 -11.00008637  13.64985338   3.37167163 -10.69462509  -4.17137556   0.84389406  47.5626973   -1.14851868 -19.41220597  18.81226314   0.39921356 -19.95838108  -1.39653148   4.16191613   0.        ]
     [  0.          -3.10515035  -4.93859678  11.48738508  -4.79188124   2.58702083  -1.96989966  -1.14851868  32.71480854  -0.91447323   5.52881043  -4.9814068   -2.69837864   1.36305543  -5.5025089    1.61927817]
     [  3.10515035   0.           5.85834666  -1.3171686   -1.78236655  -5.87518504   1.32084595 -19.41220597  -0.91447323  59.2628768   -5.86438209 -14.3381229   28.24190979   7.01485135   4.77023643 -11.00008637]
     [  4.93859678  -5.85834666   0.          14.0101603  -15.11192275  15.54636547   1.54856521  18.81226314   5.52881043  -5.86438209  58.47166055  10.75705526 -24.09041187  -6.87490123  23.27200494  13.64985338]
     [-11.48738508   1.3171686  -14.0101603    0.           3.1505026    5.41104688  -0.41736427   0.39921356  -4.9814068  -14.3381229   10.75705526  48.74004839 -11.41296899   7.29561022   3.85960281   3.37167163]
     [  4.79188124   1.78236655  15.11192275  -3.1505026    0.          -4.37930305  19.60824093 -19.95838108  -2.69837864  28.24190979 -24.09041187 -11.41296899  59.23885063   1.54970874  -1.4485052  -10.69462509]
     [ -2.58702083   5.87518504 -15.54636547  -5.41104688   4.37930305   0.          -2.84650018  -1.39653148   1.36305543   7.01485135  -6.87490123   7.29561022   1.54970874  32.21802148  13.1348062   -4.17137556]
     [  1.96989966  -1.32084595  -1.54856521   0.41736427 -19.60824093   2.84650018   0.           4.16191613  -5.5025089    4.77023643  23.27200494   3.85960281  -1.4485052   13.1348062   49.20559216   0.84389406]
     [  1.14851868  19.41220597 -18.81226314  -0.39921356  19.95838108   1.39653148  -4.16191613   0.           1.61927817 -11.00008637  13.64985338   3.37167163 -10.69462509  -4.17137556   0.84389406  47.5626973 ]]
    eigvals of hessian_by_M_M: [  6.03898715   6.03898715  14.13041021  14.13041021  25.57495262  25.57495262  32.05881604  32.05881604  35.92626493  35.92626493  60.1101783   60.1101783   77.57693674  77.57693674 135.99800987 135.99800987]
WCOR:
    iter_times, elapsed_time, sqdiff: 300, 0.708204984664917, 1.6209283404351065
    MSN: Tensor(
        [[-0.21019564-0.13756507j -0.01999789+0.22440575j -0.83450467+1.38646327j  0.55584612+1.24555228j]
         [ 0.33544763-0.18644576j -0.14041924+0.16669734j -0.57906252-0.54609593j -0.45572895-0.13570006j]
         [ 0.76460955+0.7322217j  -0.81426408-0.06587618j -0.18295161-1.18988287j  0.2169639 -0.01782759j]
         [ 0.19156682+0.04035719j -0.06366384+0.28661555j  0.1936743 +0.79835621j  0.99752962+0.05671253j]]
        labels=['kl', 'kr'],
        shape=(4, 4),
    )
    grad_by_reM_reM: Tensor(
        [ 9.54791801e-15-2.35922393e-16j -1.25385813e-14+7.77156117e-16j  1.43218770e-14-2.49800181e-16j  1.04360964e-14-1.94289029e-15j -9.65894031e-15+2.49800181e-16j -1.72639680e-14+1.24900090e-16j -2.62567745e-14+8.32667268e-16j -1.99840144e-15+1.08246745e-15j]
        labels=[('kl', 'QEpVHCae')],
        shape=(8,),
    )
    grad_by_imM_imM: Tensor(
        [ 2.32452946e-14-1.94289029e-15j  2.33701947e-14+5.48172618e-16j -2.24820162e-15-1.44328993e-15j -2.72004641e-15+1.99840144e-15j  3.24740235e-15+1.16573418e-15j -7.97972799e-15-8.32667268e-16j -2.13717932e-14+1.16573418e-15j -1.12687637e-14+1.73472348e-16j]
        labels=[('kl', 'QEpVHCae')],
        shape=(8,),
    )
    hessian_by_M_M: [[ 30.58864837  -4.14230744   4.61913111  -3.13878057  -2.72960397   1.51249783  -4.92087727   0.62905529   0.           5.17767527   4.46747423 -12.04264942   6.1733578   -2.09991136   2.09913397   0.34666113]
     [ -4.14230744  50.22076291  -6.13357447 -11.12465261  25.12485748   3.79586138   5.63063634  -9.84742132  -5.17767527   0.          -3.71137135   2.45426524  -2.88718521   4.45346219  -1.55087828  16.33157735]
     [  4.61913111  -6.13357447  51.82373044   6.45390369 -22.79186954  -1.5457628   20.01693602  12.44600316  -4.46747423   3.71137135   0.          -9.79838623  13.49411216 -14.10209304  -2.05448913 -15.13706472]
     [ -3.13878057 -11.12465261   6.45390369  40.55350585  -9.39670797   7.6157976    1.82992757   2.13589556  12.04264942  -2.45426524   9.79838623   0.          -3.7241274   -2.9672129    0.602504     1.23577729]
     [ -2.72960397  25.12485748 -22.79186954  -9.39670797  54.86888387  -3.85343854  -0.22024236 -12.32940623  -6.1733578    2.88718521 -13.49411216   3.7241274    0.           3.99019681 -16.35657287  17.17256327]
     [  1.51249783   3.79586138  -1.5457628    7.6157976   -3.85343854  27.17415855  12.53336917  -4.0898499    2.09991136  -4.45346219  14.10209304   2.9672129   -3.99019681   0.           2.47347857  -1.18427243]
     [ -4.92087727   5.63063634  20.01693602   1.82992757  -0.22024236  12.53336917  44.64953339  -2.77063836  -2.09913397   1.55087828   2.05448913  -0.602504    16.35657287  -2.47347857   0.          -2.20002311]
     [  0.62905529  -9.84742132  12.44600316   2.13589556 -12.32940623  -4.0898499   -2.77063836  40.53009244  -0.34666113 -16.33157735  15.13706472  -1.23577729 -17.17256327   1.18427243   2.20002311   0.        ]
     [  0.          -5.17767527  -4.46747423  12.04264942  -6.1733578    2.09991136  -2.09913397  -0.34666113  30.58864837  -4.14230744   4.61913111  -3.13878057  -2.72960397   1.51249783  -4.92087727   0.62905529]
     [  5.17767527   0.           3.71137135  -2.45426524   2.88718521  -4.45346219   1.55087828 -16.33157735  -4.14230744  50.22076291  -6.13357447 -11.12465261  25.12485748   3.79586138   5.63063634  -9.84742132]
     [  4.46747423  -3.71137135   0.           9.79838623 -13.49411216  14.10209304   2.05448913  15.13706472   4.61913111  -6.13357447  51.82373044   6.45390369 -22.79186954  -1.5457628   20.01693602  12.44600316]
     [-12.04264942   2.45426524  -9.79838623   0.           3.7241274    2.9672129   -0.602504    -1.23577729  -3.13878057 -11.12465261   6.45390369  40.55350585  -9.39670797   7.6157976    1.82992757   2.13589556]
     [  6.1733578   -2.88718521  13.49411216  -3.7241274    0.          -3.99019681  16.35657287 -17.17256327  -2.72960397  25.12485748 -22.79186954  -9.39670797  54.86888387  -3.85343854  -0.22024236 -12.32940623]
     [ -2.09991136   4.45346219 -14.10209304  -2.9672129    3.99019681   0.          -2.47347857   1.18427243   1.51249783   3.79586138  -1.5457628    7.6157976   -3.85343854  27.17415855  12.53336917  -4.0898499 ]
     [  2.09913397  -1.55087828  -2.05448913   0.602504   -16.35657287   2.47347857   0.           2.20002311  -4.92087727   5.63063634  20.01693602   1.82992757  -0.22024236  12.53336917  44.64953339  -2.77063836]
     [  0.34666113  16.33157735 -15.13706472   1.23577729  17.17256327  -1.18427243  -2.20002311   0.           0.62905529  -9.84742132  12.44600316   2.13589556 -12.32940623  -4.0898499   -2.77063836  40.53009244]]
    eigvals of hessian_by_M_M: [  5.1990823    5.1990823   13.33886962  13.33886962  22.03236651  22.03236651  27.67308705  27.67308705  31.22310699  31.22310699  52.85197183  52.85197183  68.51893586  68.51893586 119.57189567 119.57189567]
WROR:
    iter_times, elapsed_time, sqdiff: 300, 0.6800389289855957, 1.6209283404351091
    MSN: Tensor(
        [[-0.21019564-0.13756507j -0.01999789+0.22440575j -0.83450467+1.38646327j  0.55584612+1.24555228j]
         [ 0.33544763-0.18644576j -0.14041924+0.16669734j -0.57906252-0.54609593j -0.45572895-0.13570006j]
         [ 0.76460955+0.7322217j  -0.81426408-0.06587618j -0.18295161-1.18988287j  0.2169639 -0.01782759j]
         [ 0.19156682+0.04035719j -0.06366384+0.28661555j  0.1936743 +0.79835621j  0.99752962+0.05671253j]]
        labels=['kl', 'kr'],
        shape=(4, 4),
    )
    grad_by_reM_reM: Tensor(
        [-1.26287869e-14-8.32667268e-17j  8.17575174e-15-8.32667268e-16j  4.42978987e-14+1.73472348e-16j -4.49640325e-15-6.66133815e-16j -2.50077736e-14+4.71844785e-16j -1.48492330e-15+2.49800181e-16j  3.25850458e-14+1.11022302e-16j  2.43416398e-14+4.68375339e-16j]
        labels=[('kl', 'QEpVHCae')],
        shape=(8,),
    )
    grad_by_imM_imM: Tensor(
        [-8.79851747e-15-7.49400542e-16j  1.37667655e-14+2.40606146e-15j -2.24126273e-15-1.11022302e-16j -3.00870440e-14-1.05471187e-15j -9.18709553e-15-6.93889390e-16j -1.24900090e-15-4.44089210e-16j -3.00870440e-14-1.66533454e-16j -1.35898237e-14-1.94289029e-16j]
        labels=[('kl', 'QEpVHCae')],
        shape=(8,),
    )
    hessian_by_M_M: [[ 2.69844616e+01 -7.72737076e+00  1.66647298e+00  7.93586895e-01 -7.73474490e-01  1.97139723e+00 -3.64716033e+00 -1.39990013e+00  0.00000000e+00  7.62534071e+00  2.48392241e+00 -1.20801763e+01  8.35679550e+00 -1.35044089e+00  2.86469528e+00 -1.16750174e+00]
     [-7.72737076e+00  3.95378794e+01 -5.54456805e+00 -7.09362141e+00  1.78349588e+01  8.42492898e-02  6.50229961e+00 -8.41983334e+00 -7.62534071e+00  0.00000000e+00  5.56884031e-01  3.75408552e+00 -1.05956240e+01  2.80870834e+00 -2.02385624e+00  1.24804708e+01]
     [ 1.66647298e+00 -5.54456805e+00  3.99420675e+01  3.13701013e+00 -1.98617587e+01  6.00456871e+00  1.41881234e+01  1.14277934e+01 -2.48392241e+00 -5.56884031e-01  0.00000000e+00 -3.64309359e+00  8.65290319e+00 -8.41066345e+00 -3.81349194e+00 -8.80574753e+00]
     [ 7.93586895e-01 -7.09362141e+00  3.13701013e+00  3.18511046e+01 -7.60646602e+00  7.14760620e+00  7.29655100e-01  1.35083467e+00  1.20801763e+01 -3.75408552e+00  3.64309359e+00  0.00000000e+00 -4.43418888e+00  2.04655581e-01  1.55138698e+00  2.97745427e+00]
     [-7.73474490e-01  1.78349588e+01 -1.98617587e+01 -7.60646602e+00  4.51879192e+01 -8.73096167e+00  1.91400986e+00 -1.48291794e+01 -8.35679550e+00  1.05956240e+01 -8.65290319e+00  4.43418888e+00  0.00000000e+00  1.18310889e+00 -8.41787795e+00  9.47621300e+00]
     [ 1.97139723e+00  8.42492898e-02  6.00456871e+00  7.14760620e+00 -8.73096167e+00  2.22702187e+01  1.06683998e+01 -3.95142157e+00  1.35044089e+00 -2.80870834e+00  8.41066345e+00 -2.04655581e-01 -1.18310889e+00  0.00000000e+00  1.17438474e-01 -4.53857486e+00]
     [-3.64716033e+00  6.50229961e+00  1.41881234e+01  7.29655100e-01  1.91400986e+00  1.06683998e+01  3.57355165e+01 -5.43771455e+00 -2.86469528e+00  2.02385624e+00  3.81349194e+00 -1.55138698e+00  8.41787795e+00 -1.17438474e-01  0.00000000e+00 -1.48228186e-02]
     [-1.39990013e+00 -8.41983334e+00  1.14277934e+01  1.35083467e+00 -1.48291794e+01 -3.95142157e+00 -5.43771455e+00  3.28117568e+01  1.16750174e+00 -1.24804708e+01  8.80574753e+00 -2.97745427e+00 -9.47621300e+00  4.53857486e+00  1.48228186e-02  0.00000000e+00]
     [ 0.00000000e+00 -7.62534071e+00 -2.48392241e+00  1.20801763e+01 -8.35679550e+00  1.35044089e+00 -2.86469528e+00  1.16750174e+00  2.69844616e+01 -7.72737076e+00  1.66647298e+00  7.93586895e-01 -7.73474490e-01  1.97139723e+00 -3.64716033e+00 -1.39990013e+00]
     [ 7.62534071e+00  0.00000000e+00 -5.56884031e-01 -3.75408552e+00  1.05956240e+01 -2.80870834e+00  2.02385624e+00 -1.24804708e+01 -7.72737076e+00  3.95378794e+01 -5.54456805e+00 -7.09362141e+00  1.78349588e+01  8.42492898e-02  6.50229961e+00 -8.41983334e+00]
     [ 2.48392241e+00  5.56884031e-01  0.00000000e+00  3.64309359e+00 -8.65290319e+00  8.41066345e+00  3.81349194e+00  8.80574753e+00  1.66647298e+00 -5.54456805e+00  3.99420675e+01  3.13701013e+00 -1.98617587e+01  6.00456871e+00  1.41881234e+01  1.14277934e+01]
     [-1.20801763e+01  3.75408552e+00 -3.64309359e+00  0.00000000e+00  4.43418888e+00 -2.04655581e-01 -1.55138698e+00 -2.97745427e+00  7.93586895e-01 -7.09362141e+00  3.13701013e+00  3.18511046e+01 -7.60646602e+00  7.14760620e+00  7.29655100e-01  1.35083467e+00]
     [ 8.35679550e+00 -1.05956240e+01  8.65290319e+00 -4.43418888e+00  0.00000000e+00 -1.18310889e+00  8.41787795e+00 -9.47621300e+00 -7.73474490e-01  1.78349588e+01 -1.98617587e+01 -7.60646602e+00  4.51879192e+01 -8.73096167e+00  1.91400986e+00 -1.48291794e+01]
     [-1.35044089e+00  2.80870834e+00 -8.41066345e+00  2.04655581e-01  1.18310889e+00  0.00000000e+00 -1.17438474e-01  4.53857486e+00  1.97139723e+00  8.42492898e-02  6.00456871e+00  7.14760620e+00 -8.73096167e+00  2.22702187e+01  1.06683998e+01 -3.95142157e+00]
     [ 2.86469528e+00 -2.02385624e+00 -3.81349194e+00  1.55138698e+00 -8.41787795e+00  1.17438474e-01  0.00000000e+00  1.48228186e-02 -3.64716033e+00  6.50229961e+00  1.41881234e+01  7.29655100e-01  1.91400986e+00  1.06683998e+01  3.57355165e+01 -5.43771455e+00]
     [-1.16750174e+00  1.24804708e+01 -8.80574753e+00  2.97745427e+00  9.47621300e+00 -4.53857486e+00 -1.48228186e-02  0.00000000e+00 -1.39990013e+00 -8.41983334e+00  1.14277934e+01  1.35083467e+00 -1.48291794e+01 -3.95142157e+00 -5.43771455e+00  3.28117568e+01]]
    eigvals of hessian_by_M_M: [ 3.9404819   3.9404819  10.96275876 10.96275876 16.95623694 16.95623694 22.5627049  22.5627049  24.00085146 24.00085146 43.04393652 43.04393652 57.37840104 57.37840104 95.47555274 95.47555274]
IWROR:
    iter_times, elapsed_time, sqdiff: 300, 0.6625189781188965, 1.6209283404351045
    MSN: Tensor(
        [[-0.21019564-0.13756507j -0.01999789+0.22440575j -0.83450467+1.38646327j  0.55584612+1.24555228j]
         [ 0.33544763-0.18644576j -0.14041924+0.16669734j -0.57906252-0.54609593j -0.45572895-0.13570006j]
         [ 0.76460955+0.7322217j  -0.81426408-0.06587618j -0.18295161-1.18988287j  0.2169639 -0.01782759j]
         [ 0.19156682+0.04035719j -0.06366384+0.28661555j  0.1936743 +0.79835621j  0.99752962+0.05671253j]]
        labels=['kl', 'kr'],
        shape=(4, 4),
    )
    grad_by_reM_reM: Tensor(
        [ 1.87072580e-14-3.33066907e-16j -1.60852234e-14-1.62370117e-15j -1.62092562e-14+1.67921232e-15j  2.57571742e-14+1.94289029e-16j -2.64233080e-14-1.55431223e-15j -1.02348685e-14+1.52655666e-16j -2.36477504e-14-1.66533454e-16j  3.51038643e-14+1.80411242e-16j]
        labels=[('kl', 'QEpVHCae')],
        shape=(8,),
    )
    grad_by_imM_imM: Tensor(
        [-8.88178420e-16+7.77156117e-16j -3.06282777e-14+3.18321758e-16j -4.80171458e-15-1.11022302e-15j -2.86159985e-14+4.44089210e-16j -2.66453526e-15-1.11022302e-16j  1.31145095e-14+8.81239526e-16j  7.38298311e-15+4.44089210e-16j  1.27745037e-14-5.55111512e-17j]
        labels=[('kl', 'QEpVHCae')],
        shape=(8,),
    )
    hessian_by_M_M: [[ 27.37227241  -4.67050206   1.56081883   0.32376998   0.17562306   1.89950756  -3.56924506  -1.74851934   0.           7.03581154   2.04017637 -11.23094345   7.99118359  -0.97855366   2.80108861  -0.35571007]
     [ -4.67050206  34.03979947  -5.61957786  -6.27080006  17.09587107   0.53238391   5.62828345  -7.20904812  -7.03581154   0.           0.64009282   3.00194     -9.51896202   2.14958541  -1.23614676  10.77801001]
     [  1.56081883  -5.61957786  42.20359769   5.52297078 -20.78812994   5.44854031  15.54653272  11.23111699  -2.04017637  -0.64009282   0.          -3.80113208   8.4580799   -7.88803856  -4.28370717  -8.52885776]
     [  0.32376998  -6.27080006   5.52297078  27.89812821  -7.36907595   6.17304506   1.11025304   1.48368963  11.23094345  -3.00194      3.80113208   0.          -4.08005197  -0.10630384   1.55610823   2.42784135]
     [  0.17562306  17.09587107 -20.78812994  -7.36907595  46.33019526  -6.07243419   1.70090381 -14.18754282  -7.99118359   9.51896202  -8.4580799    4.08005197   0.           1.01285978  -8.48239916   8.81331234]
     [  1.89950756   0.53238391   5.44854031   6.17304506  -6.07243419  18.99181916  10.05239409  -3.54567787   0.97855366  -2.14958541   7.88803856   0.10630384  -1.01285978   0.          -0.20378541  -3.75441856]
     [ -3.56924506   5.62828345  15.54653272   1.11025304   1.70090381  10.05239409  36.84974123  -2.67983959  -2.80108861   1.23614676   4.28370717  -1.55610823   8.48239916   0.20378541   0.          -0.23337007]
     [ -1.74851934  -7.20904812  11.23111699   1.48368963 -14.18754282  -3.54567787  -2.67983959  28.31726667   0.35571007 -10.77801001   8.52885776  -2.42784135  -8.81331234   3.75441856   0.23337007   0.        ]
     [  0.          -7.03581154  -2.04017637  11.23094345  -7.99118359   0.97855366  -2.80108861   0.35571007  27.37227241  -4.67050206   1.56081883   0.32376998   0.17562306   1.89950756  -3.56924506  -1.74851934]
     [  7.03581154   0.          -0.64009282  -3.00194      9.51896202  -2.14958541   1.23614676 -10.77801001  -4.67050206  34.03979947  -5.61957786  -6.27080006  17.09587107   0.53238391   5.62828345  -7.20904812]
     [  2.04017637   0.64009282   0.           3.80113208  -8.4580799    7.88803856   4.28370717   8.52885776   1.56081883  -5.61957786  42.20359769   5.52297078 -20.78812994   5.44854031  15.54653272  11.23111699]
     [-11.23094345   3.00194     -3.80113208   0.           4.08005197   0.10630384  -1.55610823  -2.42784135   0.32376998  -6.27080006   5.52297078  27.89812821  -7.36907595   6.17304506   1.11025304   1.48368963]
     [  7.99118359  -9.51896202   8.4580799   -4.08005197   0.          -1.01285978   8.48239916  -8.81331234   0.17562306  17.09587107 -20.78812994  -7.36907595  46.33019526  -6.07243419   1.70090381 -14.18754282]
     [ -0.97855366   2.14958541  -7.88803856  -0.10630384   1.01285978   0.           0.20378541   3.75441856   1.89950756   0.53238391   5.44854031   6.17304506  -6.07243419  18.99181916  10.05239409  -3.54567787]
     [  2.80108861  -1.23614676  -4.28370717   1.55610823  -8.48239916  -0.20378541   0.           0.23337007  -3.56924506   5.62828345  15.54653272   1.11025304   1.70090381  10.05239409  36.84974123  -2.67983959]
     [ -0.35571007  10.77801001  -8.52885776   2.42784135   8.81331234  -3.75441856  -0.23337007   0.          -1.74851934  -7.20904812  11.23111699   1.48368963 -14.18754282  -3.54567787  -2.67983959  28.31726667]]
    eigvals of hessian_by_M_M: [ 3.84495593  3.84495593 10.04833753 10.04833753 16.96796327 16.96796327 21.78157798 21.78157798 21.92912231 21.92912231 38.94987329 38.94987329 56.06641698 56.06641698 92.41457282 92.41457282]
WLBOR:
    iter_times, elapsed_time, sqdiff: 300, 1.5808818340301514, 1.6209283404351096
    MSN: Tensor(
        [[-0.21019564-0.13756507j -0.01999789+0.22440575j -0.83450467+1.38646327j  0.55584612+1.24555228j]
         [ 0.33544762-0.18644576j -0.14041924+0.16669734j -0.57906252-0.54609592j -0.45572895-0.13570006j]
         [ 0.76460955+0.7322217j  -0.81426408-0.06587618j -0.18295161-1.18988287j  0.21696389-0.01782759j]
         [ 0.19156682+0.04035719j -0.06366384+0.28661555j  0.1936743 +0.79835621j  0.99752962+0.05671253j]]
        labels=['kl', 'kr'],
        shape=(4, 4),
    )
    grad_by_reM_reM: Tensor(
        [-2.53531761e-08-1.45716772e-15j  4.89182535e-09-8.60422844e-16j  3.97704381e-08+0.00000000e+00j  4.55456775e-08+6.66133815e-16j  7.25352914e-09-8.60422844e-16j  1.01652424e-08-9.57567359e-16j  2.56508844e-08-1.66533454e-16j  3.19369656e-08-5.82867088e-16j]
        labels=[('kl', 'QEpVHCae')],
        shape=(8,),
    )
    grad_by_imM_imM: Tensor(
        [-1.21905845e-09+1.22124533e-15j -1.18798989e-08-8.74300632e-16j  6.53899875e-08+1.33226763e-15j  4.98290383e-08-9.43689571e-16j -1.08210984e-08-9.71445147e-16j -3.48719162e-08-1.99840144e-15j -1.05108272e-09-4.99600361e-16j  3.85628718e-08+5.91974386e-16j]
        labels=[('kl', 'QEpVHCae')],
        shape=(8,),
    )
    hessian_by_M_M: [[ 32.83618186  -1.62847844   5.65619461  -4.93267396  -3.08370106   1.26419507  -5.58808785   1.71971847   0.           3.51817867   5.16216685 -11.80943273   4.89359097  -2.70981937   1.98887053   0.87693339]
     [ -1.62847844  62.22324758  -5.79810634 -15.09692895  28.91106724   7.40168175   5.08814343 -11.51979068  -3.51817867   0.          -5.99178777   1.34273252   1.72959659   6.29344666  -1.5421048   20.38791326]
     [  5.65619461  -5.79810634  58.25449449  10.54183632 -23.95112507  -7.23193273  23.0477047   14.02704223  -5.16216685   5.99178777   0.         -13.93686848  15.36213633 -15.9406695   -1.35287303 -19.15984922]
     [ -4.93267396 -15.09692895  10.54183632  51.0637818  -11.79274069   7.55918017   3.95419451   3.48276628  11.80943273  -1.34273252  13.93686848   0.          -3.0311276   -5.7385659    0.30863907  -0.50366456]
     [ -3.08370106  28.91106724 -23.95112507 -11.79274069  59.35936176   1.29407769  -1.43138563 -10.84784615  -4.89359097  -1.72959659 -15.36213633   3.0311276    0.           4.86882583 -19.86205599  20.38180436]
     [  1.26419507   7.40168175  -7.23193273   7.55918017   1.29407769  33.8626999   13.43470284  -4.29079064   2.70981937  -6.29344666  15.9406695    5.7385659   -4.86882583   0.           2.86905671   1.62619422]
     [ -5.58808785   5.08814343  23.0477047    3.95419451  -1.43138563  13.43470284  49.2734007    0.36310197  -1.98887053   1.5421048    1.35287303  -0.30863907  19.86205599  -2.86905671   0.          -3.89178065]
     [  1.71971847 -11.51979068  14.02704223   3.48276628 -10.84784615  -4.29079064   0.36310197  49.88181139  -0.87693339 -20.38791326  19.15984922   0.50366456 -20.38180436  -1.62619422   3.89178065   0.        ]
     [  0.          -3.51817867  -5.16216685  11.80943273  -4.89359097   2.70981937  -1.98887053  -0.87693339  32.83618186  -1.62847844   5.65619461  -4.93267396  -3.08370106   1.26419507  -5.58808785   1.71971847]
     [  3.51817867   0.           5.99178777  -1.34273252  -1.72959659  -6.29344666   1.5421048  -20.38791326  -1.62847844  62.22324758  -5.79810634 -15.09692895  28.91106724   7.40168175   5.08814343 -11.51979068]
     [  5.16216685  -5.99178777   0.          13.93686848 -15.36213633  15.9406695    1.35287303  19.15984922   5.65619461  -5.79810634  58.25449449  10.54183632 -23.95112507  -7.23193273  23.0477047   14.02704223]
     [-11.80943273   1.34273252 -13.93686848   0.           3.0311276    5.7385659   -0.30863907   0.50366456  -4.93267396 -15.09692895  10.54183632  51.0637818  -11.79274069   7.55918017   3.95419451   3.48276628]
     [  4.89359097   1.72959659  15.36213633  -3.0311276    0.          -4.86882583  19.86205599 -20.38180436  -3.08370106  28.91106724 -23.95112507 -11.79274069  59.35936176   1.29407769  -1.43138563 -10.84784615]
     [ -2.70981937   6.29344666 -15.9406695   -5.7385659    4.86882583   0.          -2.86905671  -1.62619422   1.26419507   7.40168175  -7.23193273   7.55918017   1.29407769  33.8626999   13.43470284  -4.29079064]
     [  1.98887053  -1.5421048   -1.35287303   0.30863907 -19.86205599   2.86905671   0.           3.89178065  -5.58808785   5.08814343  23.0477047    3.95419451  -1.43138563  13.43470284  49.2734007    0.36310197]
     [  0.87693339  20.38791326 -19.15984922  -0.50366456  20.38180436   1.62619422  -3.89178065   0.           1.71971847 -11.51979068  14.02704223   3.48276628 -10.84784615  -4.29079064   0.36310197  49.88181139]]
    eigvals of hessian_by_M_M: [  6.16462174   6.16462174  14.54144906  14.54144906  26.04487369  26.04487369  32.9885582   32.9885582   37.1765321   37.1765321   62.10059609  62.10059609  79.17789452  79.17789452 138.56045407 138.56045407]
WNAG:
    iter_times, elapsed_time, sqdiff: 300, 0.7194459438323975, 1.6309435073260707
    MSN: Tensor(
        [[-0.20914178-0.1397621j  -0.02247113+0.22415785j -0.85023713+1.37870662j  0.54276717+1.25306055j]
         [ 0.33756421-0.18327463j -0.14194074+0.16545894j -0.57303474-0.55221564j -0.45428684-0.14123935j]
         [ 0.75781427+0.74032509j -0.81428739-0.07350365j -0.17180294-1.19009011j  0.21912704-0.01424165j]
         [ 0.19121884+0.04239743j -0.06665797+0.28638477j  0.18562013+0.80217699j  0.99870398+0.06757257j]]
        labels=['kl', 'kr'],
        shape=(4, 4),
    )
    grad_by_reM_reM: Tensor(
        [ 11.78929649-1.59872116e-14j -36.28044303-4.97379915e-14j   1.85550386-1.68753900e-14j -13.62674034-7.99360578e-15j  -0.61581866+3.64153152e-14j   1.79062872-8.88178420e-14j  10.5269927 +1.68753900e-14j -23.57666585+2.48689958e-14j]
        labels=[('kl', 'QEpVHCae')],
        shape=(8,),
    )
    grad_by_imM_imM: Tensor(
        [  4.08581367+6.92779167e-14j   4.9738041 -2.02504680e-13j   6.57482099+4.61852778e-14j -14.75405652-1.42108547e-13j  -0.10120531-5.32907052e-15j  -0.57615862+6.03961325e-14j  -2.99497806-5.24025268e-14j  21.78564504+1.59872116e-13j]
        labels=[('kl', 'QEpVHCae')],
        shape=(8,),
    )
    hessian_by_M_M: [[  56474.87205601 -147696.09655837  -15655.432069     48013.3468833    17976.85571834  -55643.8204387    -7625.77806022   -2300.94917944       0.           74988.0061307    -5326.12827561   -6848.42930566    6456.50108544    6996.82020272   16751.39677385  -53918.43868944]
     [-147696.09655837  485832.91477379   33860.39891558 -134650.63115689  -38432.6593653   154773.64687406   42178.56229445  -65560.74490408  -74988.0061307        0.           34729.78974183  -45890.47554785  -40742.02062793   55562.53536662  -33680.3225258   144047.25548751]
     [ -15655.432069     33860.39891558   62530.40915134 -163607.12999412   -7583.28329465   32329.30001816   15074.62898869  -27581.49364302    5326.12827561  -34729.78974183       0.           83011.3247222    -9379.67513207   14421.49390455   -8943.36775571   43411.86093716]
     [  48013.3468833  -134650.63115689 -163607.12999412  538269.16384447    7417.61665368  -65547.12516665  -51368.00589645  129927.03532765    6848.42930566   45890.47554785  -83011.3247222        0.           34631.41115     -80673.75644135    3394.53330719  -77058.04220215]
     [  17976.85571834  -38432.6593653    -7583.28329465    7417.61665368   41952.03275814 -109761.72295908   -2260.69218616   -3870.38455928   -6456.50108544   40742.02062793    9379.67513207  -34631.41115          0.           55733.23593076    7352.95075925  -22196.24864362]
     [ -55643.8204387   154773.64687406   32329.30001816  -65547.12516665 -109761.72295908  361218.32065875   15707.17968678  -19420.17277823   -6996.82020272  -55562.53536662  -14421.49390455   80673.75644135  -55733.23593076       0.          -16237.6948298    63254.8954128 ]
     [  -7625.77806022   42178.56229445   15074.62898869  -51368.00589645   -2260.69218616   15707.17968678   51454.91055464 -134602.85168303  -16751.39677385   33680.3225258     8943.36775571   -3394.53330719   -7352.95075925   16237.6948298        0.           68318.84794341]
     [  -2300.94917944  -65560.74490408  -27581.49364302  129927.03532765   -3870.38455928  -19420.17277823 -134602.85168303  442822.83109265   53918.43868944 -144047.25548751  -43411.86093716   77058.04220215   22196.24864362  -63254.8954128   -68318.84794341       0.        ]
     [      0.          -74988.0061307     5326.12827561    6848.42930566   -6456.50108544   -6996.82020272  -16751.39677385   53918.43868944   56474.87205601 -147696.09655837  -15655.432069     48013.3468833    17976.85571834  -55643.8204387    -7625.77806022   -2300.94917944]
     [  74988.0061307        0.          -34729.78974183   45890.47554785   40742.02062793  -55562.53536662   33680.3225258  -144047.25548751 -147696.09655837  485832.91477379   33860.39891558 -134650.63115689  -38432.6593653   154773.64687406   42178.56229445  -65560.74490408]
     [  -5326.12827561   34729.78974183       0.          -83011.3247222     9379.67513207  -14421.49390455    8943.36775571  -43411.86093716  -15655.432069     33860.39891558   62530.40915134 -163607.12999412   -7583.28329465   32329.30001816   15074.62898869  -27581.49364302]
     [  -6848.42930566  -45890.47554785   83011.3247222        0.          -34631.41115      80673.75644135   -3394.53330719   77058.04220215   48013.3468833  -134650.63115689 -163607.12999412  538269.16384447    7417.61665368  -65547.12516665  -51368.00589645  129927.03532765]
     [   6456.50108544  -40742.02062793   -9379.67513207   34631.41115          0.          -55733.23593076   -7352.95075925   22196.24864362   17976.85571834  -38432.6593653    -7583.28329465    7417.61665368   41952.03275814 -109761.72295908   -2260.69218616   -3870.38455928]
     [   6996.82020272   55562.53536662   14421.49390455  -80673.75644135   55733.23593076       0.           16237.6948298   -63254.8954128   -55643.8204387   154773.64687406   32329.30001816  -65547.12516665 -109761.72295908  361218.32065875   15707.17968678  -19420.17277823]
     [  16751.39677385  -33680.3225258    -8943.36775571    3394.53330719    7352.95075925  -16237.6948298        0.          -68318.84794341   -7625.77806022   42178.56229445   15074.62898869  -51368.00589645   -2260.69218616   15707.17968678   51454.91055464 -134602.85168303]
     [ -53918.43868944  144047.25548751   43411.86093716  -77058.04220215  -22196.24864362   63254.8954128    68318.84794341       0.           -2300.94917944  -65560.74490408  -27581.49364302  129927.03532765   -3870.38455928  -19420.17277823 -134602.85168303  442822.83109265]]
    eigvals of hessian_by_M_M: [7.75037179e-03 7.75037181e-03 1.08365154e-02 1.08365154e-02 2.50267372e-02 2.50267372e-02 4.95659877e-02 4.95659877e-02 2.22239508e+05 2.22239508e+05 3.73130320e+05 3.73130320e+05 4.94644897e+05 4.94644897e+05 9.50540637e+05 9.50540637e+05]
SNAG:
    iter_times, elapsed_time, sqdiff: 300, 0.6531171798706055, 1.620928340435106
    MSN: Tensor(
        [[-0.21019564-0.13756507j -0.01999789+0.22440575j -0.83450467+1.38646327j  0.55584612+1.24555228j]
         [ 0.33544763-0.18644576j -0.14041924+0.16669734j -0.57906252-0.54609593j -0.45572895-0.13570006j]
         [ 0.76460955+0.7322217j  -0.81426408-0.06587618j -0.18295161-1.18988287j  0.2169639 -0.01782759j]
         [ 0.19156682+0.04035719j -0.06366384+0.28661555j  0.1936743 +0.79835621j  0.99752962+0.05671253j]]
        labels=['kl', 'kr'],
        shape=(4, 4),
    )
    grad_by_reM_reM: Tensor(
        [-1.65145675e-15-7.49400542e-16j  1.38777878e-15+2.53269627e-16j -5.66213743e-15+2.91433544e-16j  5.07927034e-15-4.44089210e-16j -1.77635684e-15-1.17961196e-16j  1.53765889e-14+2.35922393e-16j  9.07607323e-15-3.33066907e-16j -1.07622244e-14+2.22044605e-16j]
        labels=[('kl', 'QEpVHCae')],
        shape=(8,),
    )
    grad_by_imM_imM: Tensor(
        [ 7.21644966e-15-1.52655666e-16j  4.65252836e-15-3.60822483e-16j -1.95676808e-15+1.66533454e-16j -1.66533454e-14-8.60422844e-16j  1.19487753e-14-5.55111512e-16j -7.53563878e-15+4.16333634e-16j -3.55271368e-15+3.05311332e-16j -1.42663659e-14+2.01227923e-16j]
        labels=[('kl', 'QEpVHCae')],
        shape=(8,),
    )
    hessian_by_M_M: [[ 10.54434399  -8.65465183   0.15509915   0.4286804   -0.92965629   2.42460189  -1.51242194   0.95303253   0.          -0.88844122   1.19768177  -3.94736419   3.97391269  -2.18264148   1.5843088   -1.22344758]
     [ -8.65465183  12.23020406  -1.48994721   0.63421488   3.43911715  -3.65272651   2.48814563  -2.93186468   0.88844122   0.          -0.46150421   3.23649097  -4.63824255   1.93065804  -1.93286709   2.56723628]
     [  0.15509915  -1.48994721  12.40853708  -7.06212867  -6.22899456   5.37006802   3.40444729   0.04601739  -1.19768177   0.46150421   0.          -4.83011439   2.85950698  -0.87263086  -1.20791092  -3.15553733]
     [  0.4286804    0.63421488  -7.06212867  11.54937607   0.17787829  -0.77725099  -1.11453493   1.4830042    3.94736419  -3.23649097   4.83011439   0.          -5.5083322    4.23278016   2.23585595   2.01461592]
     [ -0.92965629   3.43911715  -6.22899456   0.17787829  15.60059639 -11.06474023   1.15625302  -4.44865419  -3.97391269   4.63824255  -2.85950698   5.5083322    0.          -5.03052329  -2.18236376   3.30406085]
     [  2.42460189  -3.65272651   5.37006802  -0.77725099 -11.06474023  12.81107821   2.77253027  -0.77340469   2.18264148  -1.93065804   0.87263086  -4.23278016   5.03052329   0.           2.20898351  -5.66600913]
     [ -1.51242194   2.48814563   3.40444729  -1.11453493   1.15625302   2.77253027  12.3233833   -8.98589558  -1.5843088    1.93286709   1.20791092  -2.23585595   2.18236376  -2.20898351   0.          -3.69906813]
     [  0.95303253  -2.93186468   0.04601739   1.4830042   -4.44865419  -0.77340469  -8.98589558  12.86830146   1.22344758  -2.56723628   3.15553733  -2.01461592  -3.30406085   5.66600913   3.69906813   0.        ]
     [  0.           0.88844122  -1.19768177   3.94736419  -3.97391269   2.18264148  -1.5843088    1.22344758  10.54434399  -8.65465183   0.15509915   0.4286804   -0.92965629   2.42460189  -1.51242194   0.95303253]
     [ -0.88844122   0.           0.46150421  -3.23649097   4.63824255  -1.93065804   1.93286709  -2.56723628  -8.65465183  12.23020406  -1.48994721   0.63421488   3.43911715  -3.65272651   2.48814563  -2.93186468]
     [  1.19768177  -0.46150421   0.           4.83011439  -2.85950698   0.87263086   1.20791092   3.15553733   0.15509915  -1.48994721  12.40853708  -7.06212867  -6.22899456   5.37006802   3.40444729   0.04601739]
     [ -3.94736419   3.23649097  -4.83011439   0.           5.5083322   -4.23278016  -2.23585595  -2.01461592   0.4286804    0.63421488  -7.06212867  11.54937607   0.17787829  -0.77725099  -1.11453493   1.4830042 ]
     [  3.97391269  -4.63824255   2.85950698  -5.5083322    0.           5.03052329   2.18236376  -3.30406085  -0.92965629   3.43911715  -6.22899456   0.17787829  15.60059639 -11.06474023   1.15625302  -4.44865419]
     [ -2.18264148   1.93065804  -0.87263086   4.23278016  -5.03052329   0.          -2.20898351   5.66600913   2.42460189  -3.65272651   5.37006802  -0.77725099 -11.06474023  12.81107821   2.77253027  -0.77340469]
     [  1.5843088   -1.93286709  -1.20791092   2.23585595  -2.18236376   2.20898351   0.           3.69906813  -1.51242194   2.48814563   3.40444729  -1.11453493   1.15625302   2.77253027  12.3233833   -8.98589558]
     [ -1.22344758   2.56723628  -3.15553733   2.01461592   3.30406085  -5.66600913  -3.69906813   0.           0.95303253  -2.93186468   0.04601739   1.4830042   -4.44865419  -0.77340469  -8.98589558  12.86830146]]
    eigvals of hessian_by_M_M: [ 0.51560824  0.51560824  1.75855199  1.75855199  2.32339205  2.32339205  3.04979008  3.04979008  7.83932653  7.83932653 17.86678253 17.86678253 23.99447988 23.99447988 42.98788925 42.98788925]
SSpiral(8):
    iter_times, elapsed_time, sqdiff: 300, 1.0473642349243164, 1.62092834043511
    MSN: Tensor(
        [[-0.21019564-0.13756507j -0.01999789+0.22440575j -0.83450467+1.38646327j  0.55584612+1.24555228j]
         [ 0.33544763-0.18644576j -0.14041924+0.16669734j -0.57906252-0.54609593j -0.45572895-0.13570006j]
         [ 0.76460955+0.7322217j  -0.81426408-0.06587618j -0.18295161-1.18988287j  0.2169639 -0.01782759j]
         [ 0.19156682+0.04035719j -0.06366384+0.28661555j  0.1936743 +0.79835621j  0.99752962+0.05671253j]]
        labels=['kl', 'kr'],
        shape=(4, 4),
    )
    grad_by_reM_reM: Tensor(
        [ 2.49800181e-16+1.74860126e-15j  3.48332474e-15-5.55111512e-17j  3.77475828e-15-1.80411242e-16j  7.21644966e-15+5.13478149e-16j  2.26485497e-14-1.66533454e-15j -4.96130914e-16-8.18789481e-16j -2.22044605e-16-9.99200722e-16j -4.10088630e-15-4.16333634e-16j]
        labels=[('kl', 'QEpVHCae')],
        shape=(8,),
    )
    grad_by_imM_imM: Tensor(
        [-1.69309011e-15+4.16333634e-16j  1.47659662e-14+1.44675938e-15j  1.79023463e-15+4.44089210e-16j -9.20097332e-15+2.22044605e-16j  6.93889390e-15-1.11022302e-16j -4.67681449e-15-1.16226473e-15j -2.77555756e-15-1.22124533e-15j  9.02056208e-15-6.93889390e-18j]
        labels=[('kl', 'QEpVHCae')],
        shape=(8,),
    )
    hessian_by_M_M: [[ 32.96066547   4.10456032   4.89087172  -1.48947727   0.34779935   2.25819784  -5.35593013   0.33249941   0.           2.06508853   3.55497511  -8.01878824   2.38322393  -1.06681433   1.97450565   2.87684009]
     [  4.10456032  31.53847487  -6.42690294  -8.12224811  20.03166534   4.50548653   1.24835948  -5.483043    -2.06508853   0.          -3.04264298   0.08150307  -5.79916034   4.25915136  -0.56995794  10.34261346]
     [  4.89087172  -6.42690294  63.6968434   16.4245006  -24.45549745  -1.47385178  26.60311944  15.33252379  -3.55497511   3.04264298   0.          -3.57039926  13.85194224 -14.59335322  -2.24982692  -7.13615462]
     [ -1.48947727  -8.12224811  16.4245006   25.47841517  -7.21570287   2.51675283   3.38389831   1.677516     8.01878824  -0.08150307   3.57039926   0.           2.93892393  -3.59976236  -2.70277052  -1.28330488]
     [  0.34779935  20.03166534 -24.45549745  -7.21570287  59.29000161   3.71681148  -2.85736183 -11.56906508  -2.38322393   5.79916034 -13.85194224  -2.93892393   0.           6.55723872 -19.81292699  10.13667163]
     [  2.25819784   4.50548653  -1.47385178   2.51675283   3.71681148  17.7670426    7.69681684  -1.36969643   1.06681433  -4.25915136  14.59335322   3.59976236  -6.55723872   0.          -1.93353306   2.44731544]
     [ -5.35593013   1.24835948  26.60311944   3.38389831  -2.85736183   7.69681684  50.91059025   6.68766048  -1.97450565   0.56995794   2.24982692   2.70277052  19.81292699   1.93353306   0.          -0.57482534]
     [  0.33249941  -5.483043    15.33252379   1.677516   -11.56906508  -1.36969643   6.68766048  24.97657814  -2.87684009 -10.34261346   7.13615462   1.28330488 -10.13667163  -2.44731544   0.57482534   0.        ]
