b=4, chi=2, seed=387, 
NOR:
    iter_times, elapsed_time, sqdiff: 300, 0.38095617294311523, 2.234117822654664
    MSN: Tensor(
        [[ 1.00320147+0.23036767j -0.74223922+0.42731739j  0.9446244 -0.22111071j -0.23896433-0.53991232j]
         [ 0.68362512+0.20930379j -0.99109409-0.02984113j  0.18700203+0.06787168j  0.80946387-0.46310989j]
         [ 0.34653861+0.73673141j  0.32867934-0.45939125j  0.99551201-0.35431936j -0.90829383+0.89432947j]
         [-0.57427297-0.25482286j -0.01564782+0.13234372j -0.65958366+0.57766737j  0.47735296-0.61541219j]]
        labels=['kl', 'kr'],
        shape=(4, 4),
    )
    grad_by_real_M: Tensor(
        [ 1.59594560e-15+1.36002321e-15j  1.11438636e-14-2.06432094e-16j  3.98292510e-15-3.33066907e-16j  1.14352972e-14+9.02056208e-16j -3.77475828e-15-1.92901251e-15j -7.19563298e-15+2.22044605e-15j
          6.18949336e-15+2.22044605e-16j -8.66754585e-15-4.02455846e-16j]
        labels=[('kl', 'LemvpTLS')],
        shape=(8,),
    )
    grad_by_imag_M: Tensor(
        [-4.35762537e-15-2.63677968e-16j -6.85215773e-16-1.17961196e-15j -6.99440506e-15+1.38777878e-17j -6.73072709e-15+9.71445147e-16j  1.23095978e-14-1.77635684e-15j -1.72084569e-15-2.06085149e-15j
         -8.65973959e-15+8.04911693e-16j -1.65145675e-15-1.23945992e-15j]
        labels=[('kl', 'LemvpTLS')],
        shape=(8,),
    )
    hessian_by_real_M: Tensor(
        [[ 48.97673094+0.00000000e+00j  12.06478545-1.77635684e-15j  -4.45245362+2.22044605e-16j  -1.67073054+0.00000000e+00j  -9.26700904+0.00000000e+00j  -7.86828102+0.00000000e+00j
          -16.45258353-8.88178420e-16j  -3.22158489+4.44089210e-16j]
         [ 12.06478545-1.77635684e-15j  48.39864587+0.00000000e+00j  -6.75270018+0.00000000e+00j -10.1379865 +7.77156117e-16j  -1.30925387-8.88178420e-16j  10.23834639+0.00000000e+00j
           -0.94175794+4.44089210e-16j  -4.50272538-4.44089210e-16j]
         [ -4.45245362+2.22044605e-16j  -6.75270018+0.00000000e+00j  36.32279055-1.77635684e-15j   3.25885695+0.00000000e+00j  -6.78909011+8.88178420e-16j   1.02744125+0.00000000e+00j
           -2.81103151+1.77635684e-15j   5.08514616+2.22044605e-16j]
         [ -1.67073054+0.00000000e+00j -10.1379865 +7.77156117e-16j   3.25885695+0.00000000e+00j  51.90439313+0.00000000e+00j   2.44983396+0.00000000e+00j  -0.2162598 +0.00000000e+00j
           16.02791686-8.88178420e-16j  -3.18399976+9.99200722e-16j]
         [ -9.26700904+0.00000000e+00j  -1.30925387-8.88178420e-16j  -6.78909011+8.88178420e-16j   2.44983396+0.00000000e+00j  39.12994947+3.55271368e-15j  -1.78553115-6.66133815e-16j
           18.13937842-8.88178420e-16j   1.39167132-6.66133815e-16j]
         [ -7.86828102+0.00000000e+00j  10.23834639+0.00000000e+00j   1.02744125+0.00000000e+00j  -0.2162598 +0.00000000e+00j  -1.78553115-6.66133815e-16j  49.04592706+0.00000000e+00j
           -6.82577006-1.33226763e-15j  -2.955013  +4.44089210e-16j]
         [-16.45258353-8.88178420e-16j  -0.94175794+4.44089210e-16j  -2.81103151+1.77635684e-15j  16.02791686-8.88178420e-16j  18.13937842-8.88178420e-16j  -6.82577006-1.33226763e-15j
           52.68321683+0.00000000e+00j  -6.25952808+8.88178420e-16j]
         [ -3.22158489+4.44089210e-16j  -4.50272538-4.44089210e-16j   5.08514616+2.22044605e-16j  -3.18399976+9.99200722e-16j   1.39167132-6.66133815e-16j  -2.955013  +4.44089210e-16j
           -6.25952808+8.88178420e-16j  35.73583463+0.00000000e+00j]]
        labels=[('kl', 'LemvpTLS'), ('kl*', 'LemvpTLS*')],
        shape=(8, 8),
    )
    hessian_by_imag_M: Tensor(
        [[  0.        +0.00000000e+00j  -6.59063786+1.77635684e-15j  -1.40886627+4.44089210e-16j  -5.10027263-1.11022302e-16j   8.61608401-8.88178420e-16j  -5.63561522+4.44089210e-16j
            2.27265863+0.00000000e+00j   4.73041367+2.22044605e-16j]
         [  6.59063786-1.77635684e-15j   0.        +0.00000000e+00j  -6.67810496+4.44089210e-16j  -0.87732646+0.00000000e+00j  -5.85521867+1.44328993e-15j   8.64623379+0.00000000e+00j
           -0.19375356+1.11022302e-16j   4.15003186-4.44089210e-16j]
         [  1.40886627-4.44089210e-16j   6.67810496-4.44089210e-16j   0.        +0.00000000e+00j   8.60877059+6.66133815e-16j  10.70442618+0.00000000e+00j   1.55303456+2.22044605e-16j
            8.55270953+2.22044605e-16j   1.41069382+4.44089210e-16j]
         [  5.10027263+1.11022302e-16j   0.87732646+0.00000000e+00j  -8.60877059-6.66133815e-16j   0.        +0.00000000e+00j  12.61491481+4.44089210e-16j  10.76051526+7.77156117e-16j
          -11.80501175+0.00000000e+00j  -1.61259077+2.22044605e-16j]
         [ -8.61608401+8.88178420e-16j   5.85521867-1.44328993e-15j -10.70442618+0.00000000e+00j -12.61491481-4.44089210e-16j   0.        +0.00000000e+00j  -2.66692334-1.33226763e-15j
           11.33327693+0.00000000e+00j  -0.51996199+1.11022302e-16j]
         [  5.63561522-4.44089210e-16j  -8.64623379+0.00000000e+00j  -1.55303456-2.22044605e-16j -10.76051526-7.77156117e-16j   2.66692334+1.33226763e-15j   0.        +0.00000000e+00j
           -5.95351168+8.88178420e-16j  -1.01705202+0.00000000e+00j]
         [ -2.27265863+0.00000000e+00j   0.19375356-1.11022302e-16j  -8.55270953-2.22044605e-16j  11.80501175+0.00000000e+00j -11.33327693+0.00000000e+00j   5.95351168-8.88178420e-16j
            0.        +0.00000000e+00j  -5.38638506+4.44089210e-16j]
         [ -4.73041367-2.22044605e-16j  -4.15003186+4.44089210e-16j  -1.41069382-4.44089210e-16j   1.61259077-2.22044605e-16j   0.51996199-1.11022302e-16j   1.01705202+0.00000000e+00j
            5.38638506-4.44089210e-16j   0.        +0.00000000e+00j]]
        labels=[('kl', 'LemvpTLS'), ('kl*', 'LemvpTLS*')],
        shape=(8, 8),
    )
    eigvals of hessian_by_real_M: DiagonalTensor(
        [17.18142612 24.20867299 32.6455372  33.67332962 50.15801021 56.19122441 60.84544043 87.29384747]
        labels=['OhyBzeAY', 'OhyBzeAY'],
        shape=(8, 8),
    )
    eigvals of hessian_by_imag_M: DiagonalTensor(
        [-28.14859831 -22.31565652  -6.90384943  -2.31047609   4.22171642  10.34606451  18.28408504  26.82671438]
        labels=['gEDjgeQn', 'gEDjgeQn'],
        shape=(8, 8),
    )
WCOR:
    iter_times, elapsed_time, sqdiff: 300, 0.4443337917327881, 2.2341178226546616
    MSN: Tensor(
        [[ 1.00320147+0.23036767j -0.74223922+0.42731739j  0.9446244 -0.22111071j -0.23896433-0.53991232j]
         [ 0.68362512+0.20930379j -0.99109409-0.02984113j  0.18700203+0.06787168j  0.80946387-0.46310989j]
         [ 0.34653861+0.73673141j  0.32867934-0.45939125j  0.99551201-0.35431936j -0.90829383+0.89432947j]
         [-0.57427297-0.25482286j -0.01564782+0.13234372j -0.65958366+0.57766737j  0.47735296-0.61541219j]]
        labels=['kl', 'kr'],
        shape=(4, 4),
    )
    grad_by_real_M: Tensor(
        [-7.79931675e-15-2.33146835e-15j  1.73472348e-15+1.67747760e-15j  8.43769499e-15-8.60422844e-16j -2.47996068e-14-1.20736754e-15j -1.32116540e-14-7.49400542e-16j -6.33174069e-15-3.71230824e-16j
         -3.45556916e-14-5.55111512e-16j  2.62567745e-14-3.19189120e-16j]
        labels=[('kl', 'LemvpTLS')],
        shape=(8,),
    )
    grad_by_imag_M: Tensor(
        [ 1.38222767e-14+1.94289029e-16j  7.03430370e-15+1.17961196e-15j -1.22957200e-14+1.38777878e-16j -1.14769305e-14-2.91433544e-16j  5.10702591e-15-1.11022302e-16j -2.16944518e-14-9.31546507e-16j
         -2.33146835e-15-9.71445147e-16j -9.31199562e-15+7.77156117e-16j]
        labels=[('kl', 'LemvpTLS')],
        shape=(8,),
    )
    hessian_by_real_M: Tensor(
        [[ 46.92074306-3.55271368e-15j  12.48653248+8.88178420e-16j  -4.67526672+4.44089210e-16j  -1.00896464+4.44089210e-16j  -9.11534661+8.88178420e-16j  -3.88914765-8.88178420e-16j
          -15.45451088+4.44089210e-16j  -3.27900947+0.00000000e+00j]
         [ 12.48653248+8.88178420e-16j  34.12145036+8.88178420e-16j  -6.74360396+0.00000000e+00j  -6.89011922-3.88578059e-16j  -2.08266361+0.00000000e+00j   7.15752519-1.33226763e-15j
           -0.97564566+2.22044605e-16j  -3.55653705+2.22044605e-16j]
         [ -4.67526672+4.44089210e-16j  -6.74360396+0.00000000e+00j  34.58355436-1.77635684e-15j   3.10988809-8.88178420e-16j  -6.25119782+0.00000000e+00j   1.4765791 +2.22044605e-16j
           -1.09022876-8.88178420e-16j   4.40493716+6.66133815e-16j]
         [ -1.00896464+4.44089210e-16j  -6.89011922-3.88578059e-16j   3.10988809-8.88178420e-16j  34.37870455+1.77635684e-15j   3.41220248+0.00000000e+00j   0.58949772-8.88178420e-16j
            9.2938746 -8.88178420e-16j  -3.90077304+0.00000000e+00j]
         [ -9.11534661+8.88178420e-16j  -2.08266361+0.00000000e+00j  -6.25119782+0.00000000e+00j   3.41220248+0.00000000e+00j  36.18580366-3.55271368e-15j   1.11932561+0.00000000e+00j
           16.54728995-8.88178420e-16j   1.95687887-2.22044605e-16j]
         [ -3.88914765-8.88178420e-16j   7.15752519-1.33226763e-15j   1.4765791 +2.22044605e-16j   0.58949772-8.88178420e-16j   1.11932561+0.00000000e+00j  34.59429504-1.33226763e-15j
           -7.86974474+1.11022302e-15j  -2.11847606-1.38777878e-16j]
         [-15.45451088+4.44089210e-16j  -0.97564566+2.22044605e-16j  -1.09022876-8.88178420e-16j   9.2938746 -8.88178420e-16j  16.54728995-8.88178420e-16j  -7.86974474+1.11022302e-15j
           48.04388109+0.00000000e+00j  -2.6526721 +0.00000000e+00j]
         [ -3.27900947+0.00000000e+00j  -3.55653705+2.22044605e-16j   4.40493716+6.66133815e-16j  -3.90077304+0.00000000e+00j   1.95687887-2.22044605e-16j  -2.11847606-1.38777878e-16j
           -2.6526721 +0.00000000e+00j  26.32215519-1.11022302e-15j]]
        labels=[('kl', 'LemvpTLS'), ('kl*', 'LemvpTLS*')],
        shape=(8, 8),
    )
    hessian_by_imag_M: Tensor(
        [[  0.        +0.00000000e+00j  -6.73984054-1.77635684e-15j  -2.12729233-8.88178420e-16j  -4.05734822+5.55111512e-16j   7.4101098 +0.00000000e+00j  -4.25665732+4.44089210e-16j
            2.44528049-1.77635684e-15j   4.82693485-2.22044605e-16j]
         [  6.73984054+1.77635684e-15j   0.        +0.00000000e+00j  -4.21151729-4.44089210e-16j   0.13542073+4.44089210e-16j  -5.23001574+4.44089210e-16j   5.80740588+4.44089210e-16j
           -1.36203766+0.00000000e+00j   2.55358429-4.44089210e-16j]
         [  2.12729233+8.88178420e-16j   4.21151729+4.44089210e-16j   0.        +0.00000000e+00j   4.89436673-1.11022302e-15j  10.88043179+4.44089210e-16j   2.48367828-1.11022302e-16j
            7.44302295-1.11022302e-16j   1.91776096+4.44089210e-16j]
         [  4.05734822-5.55111512e-16j  -0.13542073-4.44089210e-16j  -4.89436673+1.11022302e-15j   0.        +0.00000000e+00j   9.10660082-6.66133815e-16j   6.97614293-7.21644966e-16j
          -12.38124286-8.88178420e-16j  -1.61783836-6.66133815e-16j]
         [ -7.4101098 +0.00000000e+00j   5.23001574-4.44089210e-16j -10.88043179-4.44089210e-16j  -9.10660082+6.66133815e-16j   0.        +0.00000000e+00j  -5.07741961+0.00000000e+00j
            9.96647807+0.00000000e+00j  -2.18461379+0.00000000e+00j]
         [  4.25665732-4.44089210e-16j  -5.80740588-4.44089210e-16j  -2.48367828+1.11022302e-16j  -6.97614293+7.21644966e-16j   5.07741961+0.00000000e+00j   0.        +0.00000000e+00j
           -1.6559103 +0.00000000e+00j   0.28881067+4.44089210e-16j]
         [ -2.44528049+1.77635684e-15j   1.36203766+0.00000000e+00j  -7.44302295+1.11022302e-16j  12.38124286+8.88178420e-16j  -9.96647807+0.00000000e+00j   1.6559103 +0.00000000e+00j
            0.        +0.00000000e+00j  -9.66177607+1.33226763e-15j]
         [ -4.82693485+2.22044605e-16j  -2.55358429+4.44089210e-16j  -1.91776096-4.44089210e-16j   1.61783836+6.66133815e-16j   2.18461379+0.00000000e+00j  -0.28881067-4.44089210e-16j
            9.66177607-1.33226763e-15j   0.        +0.00000000e+00j]]
        labels=[('kl', 'LemvpTLS'), ('kl*', 'LemvpTLS*')],
        shape=(8, 8),
    )
    eigvals of hessian_by_real_M: DiagonalTensor(
        [13.48273517 19.13310124 27.2625971  29.65782073 36.94676576 41.56965594 50.08405    77.01386138]
        labels=['OhyBzeAY', 'OhyBzeAY'],
        shape=(8, 8),
    )
    eigvals of hessian_by_imag_M: DiagonalTensor(
        [-25.3782897  -15.88079638 -10.02934929  -0.97711702   4.76452655   5.47457791  17.8052596   24.22118833]
        labels=['gEDjgeQn', 'gEDjgeQn'],
        shape=(8, 8),
    )
WROR:
    iter_times, elapsed_time, sqdiff: 300, 0.5056660175323486, 2.234117822654661
    MSN: Tensor(
        [[ 1.00320147+0.23036767j -0.74223922+0.42731739j  0.9446244 -0.22111071j -0.23896433-0.53991232j]
         [ 0.68362512+0.20930379j -0.99109409-0.02984113j  0.18700203+0.06787168j  0.80946387-0.46310989j]
         [ 0.34653861+0.73673141j  0.32867934-0.45939125j  0.99551201-0.35431936j -0.90829383+0.89432947j]
         [-0.57427297-0.25482286j -0.01564782+0.13234372j -0.65958366+0.57766737j  0.47735296-0.61541219j]]
        labels=['kl', 'kr'],
        shape=(4, 4),
    )
    grad_by_real_M: Tensor(
        [ 1.64868119e-14+6.93889390e-17j  2.72698530e-14+1.43635104e-15j -2.74502643e-14-8.32667268e-16j  1.32671651e-14-3.67761377e-16j  2.58126853e-15-5.27355937e-16j  4.17721413e-15-2.35922393e-16j
          1.58206781e-15+4.99600361e-16j -1.58206781e-14-2.92734587e-17j]
        labels=[('kl', 'LemvpTLS')],
        shape=(8,),
    )
    grad_by_imag_M: Tensor(
        [-3.75394160e-14-1.05471187e-15j  1.61225200e-14+5.96744876e-16j  1.12687637e-14-2.77555756e-17j -9.94690441e-15+2.77555756e-17j  1.43496326e-14-8.32667268e-17j  1.07275300e-14-4.02455846e-16j
          8.38218384e-15-2.22044605e-16j  2.10872986e-14-1.11022302e-16j]
        labels=[('kl', 'LemvpTLS')],
        shape=(8,),
    )
    hessian_by_real_M: Tensor(
        [[29.99709427+1.77635684e-15j  3.46369262-8.88178420e-16j -3.39687141+0.00000000e+00j  0.90841511-1.66533454e-16j -5.77920263-4.44089210e-16j  1.88013036+0.00000000e+00j -9.39034403+4.44089210e-16j
          -1.71407119-2.22044605e-16j]
         [ 3.46369262-8.88178420e-16j 13.9798876 +4.44089210e-16j -2.4175653 +2.77555756e-16j -1.65178205-2.22044605e-16j -4.1290702 +0.00000000e+00j  2.60613797+0.00000000e+00j -0.75933897+2.22044605e-16j
          -2.65491858+5.55111512e-17j]
         [-3.39687141+0.00000000e+00j -2.4175653 +2.77555756e-16j 23.76999827+0.00000000e+00j -3.85146916+0.00000000e+00j -4.40599219-4.44089210e-16j  2.19315374+0.00000000e+00j  1.25989166+0.00000000e+00j
           2.70840913+2.22044605e-16j]
         [ 0.90841511-1.66533454e-16j -1.65178205-2.22044605e-16j -3.85146916+0.00000000e+00j 14.0462175 +0.00000000e+00j  2.46609304+4.44089210e-16j -0.69250235-2.22044605e-16j -3.99418252+4.44089210e-16j
          -5.09419878+0.00000000e+00j]
         [-5.77920263-4.44089210e-16j -4.1290702 +0.00000000e+00j -4.40599219-4.44089210e-16j  2.46609304+4.44089210e-16j 22.60063182+0.00000000e+00j -0.38360621+4.44089210e-16j 10.11918556+0.00000000e+00j
           3.04378422+4.44089210e-16j]
         [ 1.88013036+0.00000000e+00j  2.60613797+0.00000000e+00j  2.19315374+0.00000000e+00j -0.69250235-2.22044605e-16j -0.38360621+4.44089210e-16j 16.67543441-8.88178420e-16j -5.63709217+0.00000000e+00j
           1.97108788-2.22044605e-16j]
         [-9.39034403+4.44089210e-16j -0.75933897+2.22044605e-16j  1.25989166+0.00000000e+00j -3.99418252+4.44089210e-16j 10.11918556+0.00000000e+00j -5.63709217+0.00000000e+00j 28.69499718+0.00000000e+00j
           0.30905483-8.88178420e-16j]
         [-1.71407119-2.22044605e-16j -2.65491858+5.55111512e-17j  2.70840913+2.22044605e-16j -5.09419878+0.00000000e+00j  3.04378422+4.44089210e-16j  1.97108788-2.22044605e-16j  0.30905483-8.88178420e-16j
          16.96259037+2.22044605e-16j]]
        labels=[('kl', 'LemvpTLS'), ('kl*', 'LemvpTLS*')],
        shape=(8, 8),
    )
    hessian_by_imag_M: Tensor(
        [[  0.        +0.00000000e+00j  -6.32550739+2.22044605e-16j  -2.27037411+2.22044605e-16j  -0.74530223+1.11022302e-16j   4.57942071+0.00000000e+00j  -0.5787808 -4.44089210e-16j
            1.97326573+0.00000000e+00j   3.41504372+1.11022302e-16j]
         [  6.32550739-2.22044605e-16j   0.        +0.00000000e+00j   0.71364578-2.22044605e-16j   1.74149403-2.22044605e-16j  -4.15626679+0.00000000e+00j   4.3254292 +2.22044605e-16j
           -3.70576548+1.11022302e-16j   0.38109161-2.22044605e-16j]
         [  2.27037411-2.22044605e-16j  -0.71364578+2.22044605e-16j   0.        +0.00000000e+00j  -3.97860613+0.00000000e+00j   7.69433423-4.44089210e-16j   2.43165805-2.22044605e-16j
            4.73013764+1.11022302e-16j   1.38986411+0.00000000e+00j]
         [  0.74530223-1.11022302e-16j  -1.74149403+2.22044605e-16j   3.97860613+0.00000000e+00j   0.        +0.00000000e+00j  -1.05394056+0.00000000e+00j   1.47566989-1.11022302e-16j
           -7.04355777-8.88178420e-16j   1.54540385+4.44089210e-16j]
         [ -4.57942071+0.00000000e+00j   4.15626679+0.00000000e+00j  -7.69433423+4.44089210e-16j   1.05394056+0.00000000e+00j   0.        +0.00000000e+00j  -7.4349238 +4.44089210e-16j
            5.15018589-8.88178420e-16j  -4.37287452-2.22044605e-16j]
         [  0.5787808 +4.44089210e-16j  -4.3254292 -2.22044605e-16j  -2.43165805+2.22044605e-16j  -1.47566989+1.11022302e-16j   7.4349238 -4.44089210e-16j   0.        +0.00000000e+00j
            6.54080857-4.44089210e-16j   2.61471675+5.55111512e-16j]
         [ -1.97326573+0.00000000e+00j   3.70576548-1.11022302e-16j  -4.73013764-1.11022302e-16j   7.04355777+8.88178420e-16j  -5.15018589+8.88178420e-16j  -6.54080857+4.44089210e-16j
            0.        +0.00000000e+00j -13.45694431+4.44089210e-16j]
         [ -3.41504372-1.11022302e-16j  -0.38109161+2.22044605e-16j  -1.38986411+0.00000000e+00j  -1.54540385-4.44089210e-16j   4.37287452+2.22044605e-16j  -2.61471675-5.55111512e-16j
           13.45694431-4.44089210e-16j   0.        +0.00000000e+00j]]
        labels=[('kl', 'LemvpTLS'), ('kl*', 'LemvpTLS*')],
        shape=(8, 8),
    )
    eigvals of hessian_by_real_M: DiagonalTensor(
        [ 6.90619311  7.9015439  15.31134187 17.06356563 21.33561647 21.52630806 30.0924945  46.58978788]
        labels=['JlgaPtSL', 'JlgaPtSL'],
        shape=(8, 8),
    )
    eigvals of hessian_by_imag_M: DiagonalTensor(
        [-21.80022124 -11.69263133  -4.21713813  -3.78642491   1.50056561   6.58785017  14.63834117  18.76965866]
        labels=['GVwEkxhO', 'GVwEkxhO'],
        shape=(8, 8),
    )
IWROR:
    iter_times, elapsed_time, sqdiff: 300, 0.48751282691955566, 2.234117822654664
    MSN: Tensor(
        [[ 1.00320147+0.23036767j -0.74223922+0.42731739j  0.9446244 -0.22111071j -0.23896433-0.53991232j]
         [ 0.68362512+0.20930379j -0.99109409-0.02984113j  0.18700203+0.06787168j  0.80946387-0.46310989j]
         [ 0.34653861+0.73673141j  0.32867934-0.45939125j  0.99551201-0.35431936j -0.90829383+0.89432947j]
         [-0.57427297-0.25482286j -0.01564782+0.13234372j -0.65958366+0.57766737j  0.47735296-0.61541219j]]
        labels=['kl', 'kr'],
        shape=(4, 4),
    )
    grad_by_real_M: Tensor(
        [-1.92901251e-15-1.11022302e-16j -1.37112544e-14-6.07153217e-16j  1.08524301e-14-3.60822483e-16j -1.26704203e-14-6.63531730e-16j  4.88498131e-15-1.38777878e-16j  1.46271883e-14-5.89805982e-16j
         -1.66533454e-14-4.44089210e-16j  5.00155473e-14-1.61329283e-16j]
        labels=[('kl', 'LemvpTLS')],
        shape=(8,),
    )
    grad_by_imag_M: Tensor(
        [ 7.57727214e-15+1.38777878e-17j  1.37806433e-14+4.71844785e-16j  1.19626531e-14+8.32667268e-17j -2.05564732e-16+4.30211422e-16j -3.94961841e-14+1.66533454e-16j  7.36216643e-15-8.04911693e-16j
         -2.64233080e-14+3.60822483e-16j  3.23178984e-15-6.66133815e-16j]
        labels=[('kl', 'LemvpTLS')],
        shape=(8,),
    )
    hessian_by_real_M: Tensor(
        [[ 31.88166236+0.00000000e+00j   4.86375612+8.88178420e-16j  -3.4912615 -4.44089210e-16j   0.62430904-1.11022302e-16j  -6.20664585+0.00000000e+00j   1.25560082-1.11022302e-16j
          -10.13576568+2.22044605e-16j  -1.84280423+2.22044605e-16j]
         [  4.86375612+8.88178420e-16j  16.0672798 +4.44089210e-16j  -3.33622733+1.66533454e-16j  -2.20966865-4.44089210e-16j  -3.6163128 +4.44089210e-16j   3.09973114+0.00000000e+00j
           -0.56005225-2.22044605e-16j  -2.77382675-5.55111512e-17j]
         [ -3.4912615 -4.44089210e-16j  -3.33622733+1.66533454e-16j  24.80841037+1.77635684e-15j  -2.81421264-4.44089210e-16j  -4.60038112-4.44089210e-16j   2.24298924-4.44089210e-16j
            0.84693619-4.44089210e-16j   3.08008687-5.55111512e-16j]
         [  0.62430904-1.11022302e-16j  -2.20966865-4.44089210e-16j  -2.81421264-4.44089210e-16j  15.32649289+8.88178420e-16j   2.8736777 -2.22044605e-16j  -0.1857885 +1.11022302e-16j
           -1.91514861-8.88178420e-16j  -5.27700762+2.22044605e-16j]
         [ -6.20664585+0.00000000e+00j  -3.6163128 +4.44089210e-16j  -4.60038112-4.44089210e-16j   2.8736777 -2.22044605e-16j  24.13056683+0.00000000e+00j  -0.20103672-4.44089210e-16j
           10.93064694+0.00000000e+00j   2.74689927+4.44089210e-16j]
         [  1.25560082-1.11022302e-16j   3.09973114+0.00000000e+00j   2.24298924-4.44089210e-16j  -0.1857885 +1.11022302e-16j  -0.20103672-4.44089210e-16j  18.31475058-1.77635684e-15j
           -6.71230875-4.44089210e-16j   1.2549019 +0.00000000e+00j]
         [-10.13576568+2.22044605e-16j  -0.56005225-2.22044605e-16j   0.84693619-4.44089210e-16j  -1.91514861-8.88178420e-16j  10.93064694+0.00000000e+00j  -6.71230875-4.44089210e-16j
           31.05577196+0.00000000e+00j  -0.63481797-8.88178420e-16j]
         [ -1.84280423+2.22044605e-16j  -2.77382675-5.55111512e-17j   3.08008687-5.55111512e-16j  -5.27700762+2.22044605e-16j   2.74689927+4.44089210e-16j   1.2549019 +0.00000000e+00j
           -0.63481797-8.88178420e-16j  17.77687631+0.00000000e+00j]]
        labels=[('kl', 'LemvpTLS'), ('kl*', 'LemvpTLS*')],
        shape=(8, 8),
    )
    hessian_by_imag_M: Tensor(
        [[  0.        +0.00000000e+00j  -6.68630492+8.88178420e-16j  -2.18481978+4.44089210e-16j  -1.33955755+2.22044605e-16j   4.91007428-1.33226763e-15j  -1.17407274+1.11022302e-16j
            1.98898244+0.00000000e+00j   3.87732739-1.11022302e-16j]
         [  6.68630492-8.88178420e-16j   0.        +0.00000000e+00j  -0.03274884-2.22044605e-16j   1.70608731+0.00000000e+00j  -4.61597058-2.22044605e-16j   4.18904562-2.22044605e-16j
           -3.52864545+1.11022302e-16j   0.52768153+0.00000000e+00j]
         [  2.18481978-4.44089210e-16j   0.03274884+2.22044605e-16j   0.        +0.00000000e+00j  -2.43133345-2.22044605e-16j   7.99103467-4.44089210e-16j   2.43685602+2.22044605e-16j
            5.06577725+3.33066907e-16j   1.48296553+0.00000000e+00j]
         [  1.33955755-2.22044605e-16j  -1.70608731+0.00000000e+00j   2.43133345+2.22044605e-16j   0.        +0.00000000e+00j   0.59196189+0.00000000e+00j   1.94181362+1.11022302e-16j
           -8.50338878-5.55111512e-16j   0.82224547+0.00000000e+00j]
         [ -4.91007428+1.33226763e-15j   4.61597058+2.22044605e-16j  -7.99103467+4.44089210e-16j  -0.59196189+0.00000000e+00j   0.        +0.00000000e+00j  -7.31273059+2.22044605e-16j
            5.81480839+8.88178420e-16j  -4.45294359+0.00000000e+00j]
         [  1.17407274-1.11022302e-16j  -4.18904562+2.22044605e-16j  -2.43685602-2.22044605e-16j  -1.94181362-1.11022302e-16j   7.31273059-2.22044605e-16j   0.        +0.00000000e+00j
            5.28301458-4.44089210e-16j   2.51580163+4.44089210e-16j]
         [ -1.98898244+0.00000000e+00j   3.52864545-1.11022302e-16j  -5.06577725-3.33066907e-16j   8.50338878+5.55111512e-16j  -5.81480839-8.88178420e-16j  -5.28301458+4.44089210e-16j
            0.        +0.00000000e+00j -13.50732699+2.22044605e-16j]
         [ -3.87732739+1.11022302e-16j  -0.52768153+0.00000000e+00j  -1.48296553+0.00000000e+00j  -0.82224547+0.00000000e+00j   4.45294359+0.00000000e+00j  -2.51580163-4.44089210e-16j
           13.50732699-2.22044605e-16j   0.        +0.00000000e+00j]]
        labels=[('kl', 'LemvpTLS'), ('kl*', 'LemvpTLS*')],
        shape=(8, 8),
    )
    eigvals of hessian_by_real_M: DiagonalTensor(
        [ 8.00505498  8.45085486 17.6599327  19.07672489 21.48451273 23.05875889 31.81426721 49.81170482]
        labels=['ZmnaqGBc', 'ZmnaqGBc'],
        shape=(8, 8),
    )
    eigvals of hessian_by_imag_M: DiagonalTensor(
        [-22.40700559 -11.73507246  -4.04714575  -3.63834441   0.92629742   6.65198018  15.07121854  19.17807207]
        labels=['hCLFYbMy', 'hCLFYbMy'],
        shape=(8, 8),
    )
WLBOR:
    iter_times, elapsed_time, sqdiff: 300, 1.3161280155181885, 2.234117822654662
    MSN: Tensor(
        [[ 1.00320147+0.23036767j -0.74223923+0.4273174j   0.9446244 -0.22111071j -0.23896433-0.53991232j]
         [ 0.68362512+0.20930379j -0.99109409-0.02984113j  0.18700202+0.06787168j  0.80946387-0.46310989j]
         [ 0.3465386 +0.73673141j  0.32867934-0.45939125j  0.99551201-0.35431936j -0.90829383+0.89432947j]
         [-0.57427297-0.25482286j -0.01564782+0.13234372j -0.65958366+0.57766737j  0.47735296-0.61541219j]]
        labels=['kl', 'kr'],
        shape=(4, 4),
    )
    grad_by_real_M: Tensor(
        [ 9.68174170e-09-2.08166817e-15j  6.49568739e-09+9.55832635e-16j -1.30139395e-08+4.99600361e-16j -5.35125391e-09-8.18789481e-16j -7.32715549e-09-1.26287869e-15j -5.07164800e-09-9.43689571e-16j
          3.49036991e-09+1.66533454e-16j -3.72940710e-09+1.11022302e-16j]
        labels=[('kl', 'LemvpTLS')],
        shape=(8,),
    )
    grad_by_imag_M: Tensor(
        [-4.26082530e-10+2.35922393e-16j -5.67812903e-10+2.08166817e-16j -4.67579847e-09-4.99600361e-16j -5.25866277e-09+1.08246745e-15j  1.05801199e-08-5.55111512e-17j -3.67439171e-09+1.11022302e-16j
          1.17515770e-08-1.02695630e-15j -4.94762906e-09-6.59194921e-16j]
        labels=[('kl', 'LemvpTLS')],
        shape=(8,),
    )
    hessian_by_real_M: Tensor(
        [[ 49.06502267+0.00000000e+00j  12.1073648 +4.44089210e-16j  -4.46375448-1.11022302e-16j  -1.67999408-4.44089210e-16j  -9.28725249-1.77635684e-15j  -7.87729782-4.44089210e-16j
          -16.47984263+8.88178420e-16j  -3.22995104+4.44089210e-16j]
         [ 12.1073648 +4.44089210e-16j  48.38463077+1.77635684e-15j  -6.76135581-4.44089210e-16j -10.13598101+5.55111512e-16j  -1.29890274+4.44089210e-16j  10.23264138-8.88178420e-16j
           -0.94627792-5.55111512e-17j  -4.50129502+0.00000000e+00j]
         [ -4.46375448-1.11022302e-16j  -6.76135581-4.44089210e-16j  36.39388586+0.00000000e+00j   3.30142359+0.00000000e+00j  -6.80323627+8.88178420e-16j   1.02079044+6.66133815e-16j
           -2.79819463-8.88178420e-16j   5.08606842-1.11022302e-16j]
         [ -1.67999408-4.44089210e-16j -10.13598101+5.55111512e-16j   3.30142359+0.00000000e+00j  51.88975009+0.00000000e+00j   2.45067733+8.88178420e-16j  -0.21706865+0.00000000e+00j
           16.04151594+0.00000000e+00j  -3.17614905+6.66133815e-16j]
         [ -9.28725249-1.77635684e-15j  -1.29890274+4.44089210e-16j  -6.80323627+8.88178420e-16j   2.45067733+8.88178420e-16j  39.19017219+3.55271368e-15j  -1.75202294+4.44089210e-16j
           18.16867889+8.88178420e-16j   1.39351466+5.55111512e-17j]
         [ -7.87729782-4.44089210e-16j  10.23264138-8.88178420e-16j   1.02079044+6.66133815e-16j  -0.21706865+0.00000000e+00j  -1.75202294+4.44089210e-16j  49.02666876+1.77635684e-15j
           -6.82391253+0.00000000e+00j  -2.9543448 +5.55111512e-16j]
         [-16.47984263+8.88178420e-16j  -0.94627792-5.55111512e-17j  -2.79819463-8.88178420e-16j  16.04151594+0.00000000e+00j  18.16867889+8.88178420e-16j  -6.82391253+0.00000000e+00j
           52.7584457 +0.00000000e+00j  -6.23438255-2.22044605e-15j]
         [ -3.22995104+4.44089210e-16j  -4.50129502+0.00000000e+00j   5.08606842-1.11022302e-16j  -3.17614905+6.66133815e-16j   1.39351466+5.55111512e-17j  -2.9543448 +5.55111512e-16j
           -6.23438255-2.22044605e-15j  35.7185532 -8.88178420e-16j]]
        labels=[('kl', 'LemvpTLS'), ('kl*', 'LemvpTLS*')],
        shape=(8, 8),
    )
    hessian_by_imag_M: Tensor(
        [[  0.        +0.00000000e+00j  -6.57143123+8.88178420e-16j  -1.4199288 +0.00000000e+00j  -5.1087639 +2.22044605e-16j   8.62684066-8.88178420e-16j  -5.62604762+0.00000000e+00j
            2.27991594+0.00000000e+00j   4.73319051-2.22044605e-16j]
         [  6.57143123-8.88178420e-16j   0.        +0.00000000e+00j  -6.68098645-4.44089210e-16j  -0.88040643+8.88178420e-16j  -5.85596239+5.55111512e-16j   8.64153962+0.00000000e+00j
           -0.18703142+3.33066907e-16j   4.14989404+0.00000000e+00j]
         [  1.4199288 +0.00000000e+00j   6.68098645+4.44089210e-16j   0.        +0.00000000e+00j   8.64119332-6.66133815e-16j  10.73052775-4.44089210e-16j   1.56080673-1.11022302e-16j
            8.56589229+8.88178420e-16j   1.40861359+0.00000000e+00j]
         [  5.1087639 -2.22044605e-16j   0.88040643-8.88178420e-16j  -8.64119332+6.66133815e-16j   0.        +0.00000000e+00j  12.63353817+4.44089210e-16j  10.76002065+3.33066907e-16j
          -11.80285718+1.77635684e-15j  -1.61268666+4.44089210e-16j]
         [ -8.62684066+8.88178420e-16j   5.85596239-5.55111512e-16j -10.73052775+4.44089210e-16j -12.63353817-4.44089210e-16j   0.        +0.00000000e+00j  -2.64042018-1.11022302e-16j
           11.34477111+0.00000000e+00j  -0.51749467+3.33066907e-16j]
         [  5.62604762+0.00000000e+00j  -8.64153962+0.00000000e+00j  -1.56080673+1.11022302e-16j -10.76002065-3.33066907e-16j   2.64042018+1.11022302e-16j   0.        +0.00000000e+00j
           -5.95974114+1.77635684e-15j  -1.01936686+0.00000000e+00j]
         [ -2.27991594+0.00000000e+00j   0.18703142-3.33066907e-16j  -8.56589229-8.88178420e-16j  11.80285718-1.77635684e-15j -11.34477111+0.00000000e+00j   5.95974114-1.77635684e-15j
            0.        +0.00000000e+00j  -5.36351879-4.44089210e-16j]
         [ -4.73319051+2.22044605e-16j  -4.14989404+0.00000000e+00j  -1.40861359+0.00000000e+00j   1.61268666-4.44089210e-16j   0.51749467-3.33066907e-16j   1.01936686+0.00000000e+00j
            5.36351879+4.44089210e-16j   0.        +0.00000000e+00j]]
        labels=[('kl', 'LemvpTLS'), ('kl*', 'LemvpTLS*')],
        shape=(8, 8),
    )
    eigvals of hessian_by_real_M: DiagonalTensor(
        [17.18986657 24.23026274 32.66554432 33.69592096 50.15827067 56.22125022 60.87046517 87.39554858]
        labels=['OhyBzeAY', 'OhyBzeAY'],
        shape=(8, 8),
    )
    eigvals of hessian_by_imag_M: DiagonalTensor(
        [-28.15744951 -22.34968268  -6.88322436  -2.32811605   4.21722539  10.36567598  18.29161607  26.84395516]
        labels=['gEDjgeQn', 'gEDjgeQn'],
        shape=(8, 8),
    )
WNAG:
    iter_times, elapsed_time, sqdiff: 300, 0.475383996963501, 2.2384377126799446
    MSN: Tensor(
        [[ 1.00530932+0.24151516j -0.7440473 +0.41895683j  0.95230314-0.21846187j -0.23978557-0.53468838j]
         [ 0.6795691 +0.21900657j -0.99166514-0.03473815j  0.19148109+0.07784542j  0.80834829-0.46664875j]
         [ 0.344662  +0.73474476j  0.33139955-0.46553179j  0.9886571 -0.3591799j  -0.90251507+0.90520374j]
         [-0.57487664-0.25595368j -0.0144404 +0.13779273j -0.65663553+0.57974756j  0.47134261-0.62171213j]]
        labels=['kl', 'kr'],
        shape=(4, 4),
    )
    grad_by_real_M: Tensor(
        [ 0.80072701-5.55111512e-15j -5.9254091 +3.01980663e-14j  0.36189707-3.05311332e-15j -2.47078847-4.44089210e-15j  0.22308363-7.70217223e-15j -0.55196191+2.09277040e-14j -0.55145501+7.66053887e-15j
          2.60364418-2.26485497e-14j]
        labels=[('kl', 'LemvpTLS')],
        shape=(8,),
    )
    grad_by_imag_M: Tensor(
        [-1.22698902+5.93969318e-15j  1.71070136-6.21724894e-15j -0.48610497-5.71764858e-15j  0.49050884+1.88737914e-14j -0.14562862+8.88178420e-16j  0.52876663+1.53210777e-14j  0.1095173 +5.55111512e-16j
          0.58953695-1.90958360e-14j]
        labels=[('kl', 'LemvpTLS')],
        shape=(8,),
    )
    hessian_by_real_M: Tensor(
        [[ 1.06648934e+03-5.68434189e-14j -3.04120311e+03-2.27373675e-13j -2.29967505e+02+7.10542736e-15j  7.12355550e+02-8.52651283e-14j  1.94629798e+02+2.84217094e-14j -1.08003993e+03+2.84217094e-14j
          -9.90035061e+01-7.10542736e-15j  3.10370399e+01+5.68434189e-14j]
         [-3.04120311e+03-2.27373675e-13j  1.49031533e+04+0.00000000e+00j  5.67394243e+02+0.00000000e+00j -3.04549663e+03-5.68434189e-14j -2.51347644e+02+1.13686838e-13j  3.50808305e+03-4.54747351e-13j
           4.75469650e+02+1.42108547e-14j -1.28465131e+03-3.41060513e-13j]
         [-2.29967505e+02+7.10542736e-15j  5.67394243e+02+0.00000000e+00j  1.19334690e+03-5.68434189e-14j -3.63563516e+03+2.27373675e-13j -3.65932583e+01+0.00000000e+00j -4.13705494e+02-5.68434189e-14j
           1.28806722e+01+5.32907052e-15j  1.79839711e+02+0.00000000e+00j]
         [ 7.12355550e+02-8.52651283e-14j -3.04549663e+03-5.68434189e-14j -3.63563516e+03+2.27373675e-13j  1.73123465e+04+0.00000000e+00j  7.34739054e+02+0.00000000e+00j -5.12665239e+02+0.00000000e+00j
          -3.51709399e+01-2.84217094e-14j -1.18426756e+03+0.00000000e+00j]
         [ 1.94629798e+02+2.84217094e-14j -2.51347644e+02+1.13686838e-13j -3.65932583e+01+0.00000000e+00j  7.34739054e+02+0.00000000e+00j  1.04438280e+03-5.68434189e-14j -3.19086923e+03+0.00000000e+00j
          -4.49946544e+01+3.55271368e-15j  1.78288047e+02+3.55271368e-15j]
         [-1.08003993e+03+2.84217094e-14j  3.50808305e+03-4.54747351e-13j -4.13705494e+02-5.68434189e-14j -5.12665239e+02+0.00000000e+00j -3.19086923e+03+0.00000000e+00j  1.59907342e+04-2.27373675e-13j
           1.40878510e+01-2.84217094e-14j -5.78033697e+02+0.00000000e+00j]
         [-9.90035061e+01-7.10542736e-15j  4.75469650e+02+1.42108547e-14j  1.28806722e+01+5.32907052e-15j -3.51709399e+01-2.84217094e-14j -4.49946544e+01+3.55271368e-15j  1.40878510e+01-2.84217094e-14j
           7.35509104e+02-2.84217094e-14j -2.28549423e+03-1.13686838e-13j]
         [ 3.10370399e+01+5.68434189e-14j -1.28465131e+03-3.41060513e-13j  1.79839711e+02+0.00000000e+00j -1.18426756e+03+0.00000000e+00j  1.78288047e+02+3.55271368e-15j -5.78033697e+02+0.00000000e+00j
          -2.28549423e+03-1.13686838e-13j  1.18082651e+04+0.00000000e+00j]]
        labels=[('kl', 'LemvpTLS'), ('kl*', 'LemvpTLS*')],
        shape=(8, 8),
    )
    hessian_by_imag_M: Tensor(
        [[    0.        +0.00000000e+00j  2483.74306511+2.27373675e-13j   -58.3768597 +0.00000000e+00j  -424.77626388+5.68434189e-14j   187.37173482+0.00000000e+00j  -151.17598755+0.00000000e+00j
            105.66449477-7.10542736e-15j  -518.51900317+1.42108547e-14j]
         [-2483.74306511-2.27373675e-13j     0.        +0.00000000e+00j   643.0819425 +0.00000000e+00j  -144.8818242 -2.27373675e-13j -1180.61915371-8.52651283e-14j  3318.59231831+2.27373675e-13j
            -75.1396724 +0.00000000e+00j  1307.34281377+1.13686838e-13j]
         [   58.3768597 +0.00000000e+00j  -643.0819425 +0.00000000e+00j     0.        +0.00000000e+00j  2654.9503962 +2.27373675e-13j   267.74068727+1.42108547e-14j  -723.30209243+0.00000000e+00j
            -15.05309877-4.44089210e-15j  -155.88008269+1.42108547e-14j]
         [  424.77626388-5.68434189e-14j   144.8818242 +2.27373675e-13j -2654.9503962 -2.27373675e-13j     0.        +0.00000000e+00j  -716.58935451+0.00000000e+00j  3220.02376623-1.70530257e-13j
             57.81108761-1.06581410e-14j    98.25310764+2.27373675e-13j]
         [ -187.37173482+0.00000000e+00j  1180.61915371+8.52651283e-14j  -267.74068727-1.42108547e-14j   716.58935451+0.00000000e+00j     0.        +0.00000000e+00j  2470.25000046+0.00000000e+00j
            -52.66543337+0.00000000e+00j   -34.76395649+1.42108547e-14j]
         [  151.17598755+0.00000000e+00j -3318.59231831-2.27373675e-13j   723.30209243+0.00000000e+00j -3220.02376623+1.70530257e-13j -2470.25000046+0.00000000e+00j     0.        +0.00000000e+00j
            321.20834726-2.39808173e-14j  -356.31162662-1.13686838e-13j]
         [ -105.66449477+7.10542736e-15j    75.1396724 +0.00000000e+00j    15.05309877+4.44089210e-15j   -57.81108761+1.06581410e-14j    52.66543337+0.00000000e+00j  -321.20834726+2.39808173e-14j
              0.        +0.00000000e+00j  1750.86765127+0.00000000e+00j]
         [  518.51900317-1.42108547e-14j -1307.34281377-1.13686838e-13j   155.88008269-1.42108547e-14j   -98.25310764-2.27373675e-13j    34.76395649-1.42108547e-14j   356.31162662+1.13686838e-13j
          -1750.86765127+0.00000000e+00j     0.        +0.00000000e+00j]]
        labels=[('kl', 'LemvpTLS'), ('kl*', 'LemvpTLS*')],
        shape=(8, 8),
    )
    eigvals of hessian_by_real_M: DiagonalTensor(
        [  239.82154215   277.82301848   385.91183101   523.30248879 10695.10723149 12838.671949   17337.18530766 21756.40383698]
        labels=['OhyBzeAY', 'OhyBzeAY'],
        shape=(8, 8),
    )
    eigvals of hessian_by_imag_M: DiagonalTensor(
        [-5168.12382414 -2727.25412884 -1904.8021341  -1597.13137379   286.34786548  1328.96411044  2840.91905514  6941.08042982]
        labels=['gEDjgeQn', 'gEDjgeQn'],
        shape=(8, 8),
    )
SNAG:
    iter_times, elapsed_time, sqdiff: 300, 0.43729615211486816, 2.2341178226546625
    MSN: Tensor(
        [[ 1.00320147+0.23036767j -0.74223922+0.42731739j  0.9446244 -0.22111071j -0.23896433-0.53991232j]
         [ 0.68362512+0.20930379j -0.99109409-0.02984113j  0.18700203+0.06787168j  0.80946387-0.46310989j]
         [ 0.34653861+0.73673141j  0.32867934-0.45939125j  0.99551201-0.35431936j -0.90829383+0.89432947j]
         [-0.57427297-0.25482286j -0.01564782+0.13234372j -0.65958366+0.57766737j  0.47735296-0.61541219j]]
        labels=['kl', 'kr'],
        shape=(4, 4),
    )
    grad_by_real_M: Tensor(
        [ 1.43218770e-14-4.19803081e-16j  4.71844785e-15-4.38885039e-16j -1.42247325e-14-4.23272528e-16j -4.81559237e-15+1.08366007e-16j -5.03763697e-15+5.13478149e-16j -6.38378239e-16+2.98372438e-16j
         -7.36563588e-15+4.16333634e-16j -9.07607323e-15-4.66206934e-17j]
        labels=[('kl', 'LemvpTLS')],
        shape=(8,),
    )
    grad_by_imag_M: Tensor(
        [-9.19403442e-16+3.05311332e-16j -1.80237769e-15-3.88578059e-16j -1.99146255e-15+6.93889390e-17j -4.42408696e-16-4.16333634e-16j  3.81639165e-15+1.38777878e-17j  1.61676228e-15+4.51028104e-16j
          3.35842465e-15+8.98586761e-16j -1.36175793e-15+8.32667268e-17j]
        labels=[('kl', 'LemvpTLS')],
        shape=(8,),
    )
    hessian_by_real_M: Tensor(
        [[11.05375695+4.44089210e-16j  3.36496781+1.11022302e-16j -1.44685165+1.11022302e-16j -0.13782341-2.77555756e-17j -1.985667  +5.55111512e-17j  0.27222567-2.77555756e-17j -3.30164742+5.55111512e-17j
          -1.04137741+0.00000000e+00j]
         [ 3.36496781+1.11022302e-16j  3.28752391+1.41379963e-16j -0.95180134-6.93889390e-17j -0.44698164+2.77555756e-17j -0.88006755-5.55111512e-17j  0.47304446+0.00000000e+00j -0.73658856-2.22044605e-16j
          -0.63766514-2.77555756e-17j]
         [-1.44685165+1.11022302e-16j -0.95180134-6.93889390e-17j  7.5709837 +4.44089210e-16j  1.09655593+0.00000000e+00j -0.91430185+0.00000000e+00j  0.32799781+1.11022302e-16j  0.45398488+0.00000000e+00j
           0.3228647 +2.77555756e-17j]
         [-0.13782341-2.77555756e-17j -0.44698164+2.77555756e-17j  1.09655593+0.00000000e+00j  2.77684731+0.00000000e+00j  0.58092953+0.00000000e+00j  0.03329988-2.77555756e-17j -1.10885136-1.11022302e-16j
          -1.0235474 +3.46944695e-17j]
         [-1.985667  +5.55111512e-17j -0.88006755-5.55111512e-17j -0.91430185+0.00000000e+00j  0.58092953+0.00000000e+00j  7.71063054+5.55111512e-17j  2.110794  +1.11022302e-16j  2.84441021-1.11022302e-16j
           1.10170205-5.55111512e-17j]
         [ 0.27222567-2.77555756e-17j  0.47304446+0.00000000e+00j  0.32799781+1.11022302e-16j  0.03329988-2.77555756e-17j  2.110794  +1.11022302e-16j  3.50159302+4.16333634e-17j -0.94687444-1.11022302e-16j
           0.26771958-5.55111512e-17j]
         [-3.30164742+5.55111512e-17j -0.73658856-2.22044605e-16j  0.45398488+0.00000000e+00j -1.10885136-1.11022302e-16j  2.84441021-1.11022302e-16j -0.94687444-1.11022302e-16j  9.4781295 +4.44089210e-16j
           2.39164225-2.22044605e-16j]
         [-1.04137741+0.00000000e+00j -0.63766514-2.77555756e-17j  0.3228647 +2.77555756e-17j -1.0235474 +3.46944695e-17j  1.10170205-5.55111512e-17j  0.26771958-5.55111512e-17j  2.39164225-2.22044605e-16j
           3.51599142-5.20417043e-17j]]
