b=4, chi=2, seed=512, 
NOR:
    iter_times, elapsed_time, sqdiff: 300, 0.3912467956542969, 0.29235236003336496
    MSN: Tensor(
        [[-0.31248621-0.1105403j  -0.68446498-0.60743513j -0.38116248+0.21573315j  0.26210554+0.18263277j]
         [-0.34639597-0.00711807j -0.33217401-0.05298294j -0.93361985-0.71347586j  0.78693765+0.6111548j ]
         [-0.0297623 -0.48278647j  0.61178084-0.75444407j -0.3524221 -1.42583549j -0.06561212+1.05105547j]
         [-0.15601675+0.20061138j -0.94272284+0.66216627j  0.91813327+0.11098623j -0.25443445+0.07096159j]]
        labels=['kl', 'kr'],
        shape=(4, 4),
    )
    grad_by_real_M: Tensor(
        [ 1.75276460e-14-4.09394740e-16j  4.91967578e-15+4.16333634e-16j  1.25802146e-14+3.15025783e-15j  5.41233725e-15+1.38777878e-16j  8.67361738e-15-1.04083409e-16j  2.23432384e-15-4.44089210e-16j
         -1.01134379e-15-1.16573418e-15j -4.99600361e-15+2.68882139e-16j]
        labels=[('kl', 'aMzvBLUn')],
        shape=(8,),
    )
    grad_by_imag_M: Tensor(
        [-1.77635684e-15+1.26287869e-15j -6.13398221e-15-4.85722573e-17j  1.94705363e-14-1.78329573e-15j  5.82867088e-16+3.05311332e-16j  5.90499871e-15+1.38777878e-17j -9.02056208e-16+4.57966998e-16j
         -1.16989751e-14+2.13544460e-15j  2.07993345e-15+1.31838984e-15j]
        labels=[('kl', 'aMzvBLUn')],
        shape=(8,),
    )
    hessian_by_real_M: Tensor(
        [[ 60.59619518+0.00000000e+00j -10.72073675+8.88178420e-16j  11.71477782-1.11022302e-16j   7.26074998+0.00000000e+00j   6.3036096 -8.88178420e-16j  16.60449013-1.11022302e-16j
           -8.78998107+0.00000000e+00j   6.50787141+8.88178420e-16j]
         [-10.72073675+8.88178420e-16j  33.20582744+0.00000000e+00j  -9.2297631 +0.00000000e+00j   7.31855539-4.44089210e-16j  -6.39019284-5.55111512e-17j -10.14517092-1.77635684e-15j
           12.32996325-1.77635684e-15j -13.80455655-8.88178420e-16j]
         [ 11.71477782-1.11022302e-16j  -9.2297631 +0.00000000e+00j  82.1219915 +3.55271368e-15j  -0.77149321+3.99680289e-15j  -0.89524076-1.83186799e-15j   4.38144141+0.00000000e+00j
            2.32511839+1.77635684e-15j  20.87144011-8.88178420e-16j]
         [  7.26074998+0.00000000e+00j   7.31855539-4.44089210e-16j  -0.77149321+3.99680289e-15j  34.3193002 +0.00000000e+00j  11.36959558+8.88178420e-16j  -3.64505005-1.11022302e-16j
            7.33916366+0.00000000e+00j -11.17608822+0.00000000e+00j]
         [  6.3036096 -8.88178420e-16j  -6.39019284-5.55111512e-17j  -0.89524076-1.83186799e-15j  11.36959558+8.88178420e-16j  44.98828865+1.11022302e-15j   9.80295644+1.77635684e-15j
            6.49206802+0.00000000e+00j  -0.76898262+4.44089210e-16j]
         [ 16.60449013-1.11022302e-16j -10.14517092-1.77635684e-15j   4.38144141+0.00000000e+00j  -3.64505005-1.11022302e-16j   9.80295644+1.77635684e-15j  43.48077257+0.00000000e+00j
          -16.1535694 +0.00000000e+00j   8.54669318+0.00000000e+00j]
         [ -8.78998107+0.00000000e+00j  12.32996325-1.77635684e-15j   2.32511839+1.77635684e-15j   7.33916366+0.00000000e+00j   6.49206802+0.00000000e+00j -16.1535694 +0.00000000e+00j
           72.23963204-1.77635684e-15j -21.50114005-8.88178420e-16j]
         [  6.50787141+8.88178420e-16j -13.80455655-8.88178420e-16j  20.87144011-8.88178420e-16j -11.17608822+0.00000000e+00j  -0.76898262+4.44089210e-16j   8.54669318+0.00000000e+00j
          -21.50114005-8.88178420e-16j  45.14167172+8.88178420e-16j]]
        labels=[('kl', 'aMzvBLUn'), ('kl*', 'aMzvBLUn*')],
        shape=(8, 8),
    )
    hessian_by_imag_M: Tensor(
        [[  0.        +0.00000000e+00j   2.96971263+0.00000000e+00j   1.48968135-8.88178420e-16j   6.05705972+0.00000000e+00j  -8.36550943+0.00000000e+00j   1.28682583+0.00000000e+00j
           15.42659944-1.77635684e-15j -12.35293876-4.44089210e-16j]
         [ -2.96971263+0.00000000e+00j   0.        +0.00000000e+00j   4.44407064-8.88178420e-16j  -4.18945821-1.33226763e-15j   0.70857897+1.33226763e-15j -10.12145775-8.88178420e-16j
           12.34362414+0.00000000e+00j  -5.51005331+0.00000000e+00j]
         [ -1.48968135+8.88178420e-16j  -4.44407064+8.88178420e-16j   0.        +0.00000000e+00j   6.11609789-2.66453526e-15j   0.30854437+8.88178420e-16j  20.79671817+0.00000000e+00j
          -14.50253275+2.22044605e-15j  10.56260184+0.00000000e+00j]
         [ -6.05705972+0.00000000e+00j   4.18945821+1.33226763e-15j  -6.11609789+2.66453526e-15j   0.        +0.00000000e+00j   4.94260228-8.88178420e-16j  -1.12417824+2.22044605e-16j
            8.87693356-4.44089210e-16j -11.26528434+0.00000000e+00j]
         [  8.36550943+0.00000000e+00j  -0.70857897-1.33226763e-15j  -0.30854437-8.88178420e-16j  -4.94260228+8.88178420e-16j   0.        +0.00000000e+00j   1.2783558 +0.00000000e+00j
            7.76297649+0.00000000e+00j  -5.88350923-1.11022302e-16j]
         [ -1.28682583+0.00000000e+00j  10.12145775+8.88178420e-16j -20.79671817+0.00000000e+00j   1.12417824-2.22044605e-16j  -1.2783558 +0.00000000e+00j   0.        +0.00000000e+00j
            4.37535514+0.00000000e+00j  -8.02624253+0.00000000e+00j]
         [-15.42659944+1.77635684e-15j -12.34362414+0.00000000e+00j  14.50253275-2.22044605e-15j  -8.87693356+4.44089210e-16j  -7.76297649+0.00000000e+00j  -4.37535514+0.00000000e+00j
            0.        +0.00000000e+00j  13.14441841-3.55271368e-15j]
         [ 12.35293876+4.44089210e-16j   5.51005331+0.00000000e+00j -10.56260184+0.00000000e+00j  11.26528434+0.00000000e+00j   5.88350923+1.11022302e-16j   8.02624253+0.00000000e+00j
          -13.14441841+3.55271368e-15j   0.        +0.00000000e+00j]]
        labels=[('kl', 'aMzvBLUn'), ('kl*', 'aMzvBLUn*')],
        shape=(8, 8),
    )
    eigvals of hessian_by_real_M: DiagonalTensor(
        [ 16.09331779  21.95298996  29.32070071  36.39547781  43.70323179  69.85159826  82.61113477 116.16522821]
        labels=['ReSIbdkL', 'ReSIbdkL'],
        shape=(8, 8),
    )
    eigvals of hessian_by_imag_M: DiagonalTensor(
        [-28.19720991 -23.00451611 -12.65198498  -7.7076868   -2.11134333   4.46456312  19.51969155  49.68848647]
        labels=['xzFbRROx', 'xzFbRROx'],
        shape=(8, 8),
    )
WCOR:
    iter_times, elapsed_time, sqdiff: 300, 0.439619779586792, 0.2923523600333653
    MSN: Tensor(
        [[-0.31248621-0.1105403j  -0.68446498-0.60743513j -0.38116248+0.21573315j  0.26210554+0.18263277j]
         [-0.34639597-0.00711807j -0.33217401-0.05298294j -0.93361985-0.71347586j  0.78693765+0.6111548j ]
         [-0.0297623 -0.48278647j  0.61178084-0.75444407j -0.3524221 -1.42583549j -0.06561212+1.05105547j]
         [-0.15601675+0.20061138j -0.94272284+0.66216627j  0.91813327+0.11098623j -0.25443445+0.07096159j]]
        labels=['kl', 'kr'],
        shape=(4, 4),
    )
    grad_by_real_M: Tensor(
        [-1.43357548e-14+1.15532584e-15j  1.63480340e-14+5.82867088e-16j -1.41553436e-14+2.77555756e-16j  4.00929290e-14+8.32667268e-16j  8.38912273e-15-1.10675358e-15j -8.91647867e-15+2.51187959e-15j
          2.66089234e-14-6.93889390e-17j -1.88182803e-14-6.41847686e-16j]
        labels=[('kl', 'aMzvBLUn')],
        shape=(8,),
    )
    grad_by_imag_M: Tensor(
        [-2.76757783e-14+8.74300632e-16j  2.57294186e-14+2.77555756e-17j -1.60704783e-14-1.94289029e-16j  1.95954364e-14-3.19189120e-16j  2.39010201e-14+1.26981758e-15j -3.41671136e-14+2.15105711e-16j
          2.50910404e-14+1.02348685e-16j -2.80019063e-14+5.82867088e-16j]
        labels=[('kl', 'aMzvBLUn')],
        shape=(8,),
    )
    hessian_by_real_M: Tensor(
        [[ 59.49251356+0.00000000e+00j  -9.26655646+4.44089210e-16j  11.5185166 -2.22044605e-16j   8.63270226+8.88178420e-16j   6.26919217-8.88178420e-16j  20.95903652+1.33226763e-15j
           -8.66831352+0.00000000e+00j   9.50885099+0.00000000e+00j]
         [ -9.26655646+4.44089210e-16j  51.49389388-8.88178420e-16j  -9.60490781+0.00000000e+00j  11.60920969-4.44089210e-16j  -7.66958917+8.88178420e-16j -15.19402125+1.77635684e-15j
           17.3846063 +0.00000000e+00j -20.72418699+8.88178420e-16j]
         [ 11.5185166 -2.22044605e-16j  -9.60490781+0.00000000e+00j  80.83079505+0.00000000e+00j   3.96444116+0.00000000e+00j  -0.68355542-5.55111512e-17j   1.07288812+0.00000000e+00j
            2.48102768+0.00000000e+00j  24.20695459+0.00000000e+00j]
         [  8.63270226+8.88178420e-16j  11.60920969-4.44089210e-16j   3.96444116+0.00000000e+00j  55.41659399-8.88178420e-16j  15.00023008+1.33226763e-15j  -4.05943985-4.44089210e-16j
           10.53794257+0.00000000e+00j -15.11978925+0.00000000e+00j]
         [  6.26919217-8.88178420e-16j  -7.66958917+8.88178420e-16j  -0.68355542-5.55111512e-17j  15.00023008+1.33226763e-15j  44.3926652 -1.22124533e-15j  15.42269001+4.44089210e-16j
            6.21375035+0.00000000e+00j   0.65060401-4.44089210e-16j]
         [ 20.95903652+1.33226763e-15j -15.19402125+1.77635684e-15j   1.07288812+0.00000000e+00j  -4.05943985-4.44089210e-16j  15.42269001+4.44089210e-16j  71.71589559+0.00000000e+00j
          -18.43954636-8.88178420e-16j  11.91011243+0.00000000e+00j]
         [ -8.66831352+0.00000000e+00j  17.3846063 +0.00000000e+00j   2.48102768+0.00000000e+00j  10.53794257+0.00000000e+00j   6.21375035+0.00000000e+00j -18.43954636-8.88178420e-16j
           70.92342237+1.77635684e-15j -23.76133299+8.88178420e-16j]
         [  9.50885099+0.00000000e+00j -20.72418699+8.88178420e-16j  24.20695459+0.00000000e+00j -15.11978925+0.00000000e+00j   0.65060401-4.44089210e-16j  11.91011243+0.00000000e+00j
          -23.76133299+8.88178420e-16j  68.91378381+0.00000000e+00j]]
        labels=[('kl', 'aMzvBLUn'), ('kl*', 'aMzvBLUn*')],
        shape=(8, 8),
    )
    hessian_by_imag_M: Tensor(
        [[  0.        +0.00000000e+00j   3.2824856 -8.88178420e-16j   1.4361575 +0.00000000e+00j   9.41330054+0.00000000e+00j  -8.35107529-4.44089210e-16j   4.38382189+0.00000000e+00j
           15.20578638-8.88178420e-16j -13.2052918 -8.88178420e-16j]
         [ -3.2824856 +8.88178420e-16j   0.        +0.00000000e+00j   7.10635044-1.77635684e-15j  -5.95395223+0.00000000e+00j   1.43252709+4.44089210e-16j -16.4215981 -8.88178420e-16j
           14.15397999-1.77635684e-15j  -8.62354278+0.00000000e+00j]
         [ -1.4361575 +0.00000000e+00j  -7.10635044+1.77635684e-15j   0.        +0.00000000e+00j   9.76788611+8.88178420e-16j   0.51369054-4.44089210e-16j  26.59494413+0.00000000e+00j
          -14.21634261-4.44089210e-16j  16.18478361-1.77635684e-15j]
         [ -9.41330054+0.00000000e+00j   5.95395223+0.00000000e+00j  -9.76788611-8.88178420e-16j   0.        +0.00000000e+00j   3.85883434-8.88178420e-16j   0.79113291+0.00000000e+00j
            8.38394031+0.00000000e+00j -16.45577225+8.88178420e-16j]
         [  8.35107529+4.44089210e-16j  -1.43252709-4.44089210e-16j  -0.51369054+4.44089210e-16j  -3.85883434+8.88178420e-16j   0.        +0.00000000e+00j   5.10646995-1.77635684e-15j
            7.53324419+0.00000000e+00j  -6.70271103+6.66133815e-16j]
         [ -4.38382189+0.00000000e+00j  16.4215981 +8.88178420e-16j -26.59494413+0.00000000e+00j  -0.79113291+0.00000000e+00j  -5.10646995+1.77635684e-15j   0.        +0.00000000e+00j
            8.98660923-1.77635684e-15j -13.18642337+0.00000000e+00j]
         [-15.20578638+8.88178420e-16j -14.15397999+1.77635684e-15j  14.21634261+4.44089210e-16j  -8.38394031+0.00000000e+00j  -7.53324419+0.00000000e+00j  -8.98660923+1.77635684e-15j
            0.        +0.00000000e+00j  14.0491252 -1.77635684e-15j]
         [ 13.2052918 +8.88178420e-16j   8.62354278+0.00000000e+00j -16.18478361+1.77635684e-15j  16.45577225-8.88178420e-16j   6.70271103-6.66133815e-16j  13.18642337+0.00000000e+00j
          -14.0491252 +1.77635684e-15j   0.        +0.00000000e+00j]]
        labels=[('kl', 'aMzvBLUn'), ('kl*', 'aMzvBLUn*')],
        shape=(8, 8),
    )
    eigvals of hessian_by_real_M: DiagonalTensor(
        [ 21.23989773  35.25028376  38.97696278  44.84220068  50.81935171  85.19548564  88.01480167 138.84057951]
        labels=['ReSIbdkL', 'ReSIbdkL'],
        shape=(8, 8),
    )
    eigvals of hessian_by_imag_M: DiagonalTensor(
        [-34.15018935 -29.34891744 -16.53036211  -7.22400799  -3.95331103   5.4428186   23.03875964  62.72520967]
        labels=['xzFbRROx', 'xzFbRROx'],
        shape=(8, 8),
    )
WROR:
    iter_times, elapsed_time, sqdiff: 300, 0.48163294792175293, 0.2923523600333645
    MSN: Tensor(
        [[-0.31248621-0.1105403j  -0.68446498-0.60743513j -0.38116248+0.21573315j  0.26210554+0.18263277j]
         [-0.34639597-0.00711807j -0.33217401-0.05298294j -0.93361985-0.71347586j  0.78693765+0.6111548j ]
         [-0.0297623 -0.48278647j  0.61178084-0.75444407j -0.3524221 -1.42583549j -0.06561212+1.05105547j]
         [-0.15601675+0.20061138j -0.94272284+0.66216627j  0.91813327+0.11098623j -0.25443445+0.07096159j]]
        labels=['kl', 'kr'],
        shape=(4, 4),
    )
    grad_by_real_M: Tensor(
        [ 1.33226763e-15+2.72004641e-15j  7.44404538e-14+1.13797860e-15j  4.54497551e-14+9.71445147e-17j  3.74561493e-14+1.58206781e-15j -3.10029780e-14+6.93889390e-17j -6.08471606e-14+3.74700271e-15j
         -2.64033587e-14+1.97758476e-16j -6.10830830e-14+1.98452366e-15j]
        labels=[('kl', 'aMzvBLUn')],
        shape=(8,),
    )
    grad_by_imag_M: Tensor(
        [-6.51423360e-14-6.38378239e-16j -7.21367410e-14-1.94289029e-15j  1.68476344e-14-9.99200722e-16j  7.68829445e-15-1.48492330e-15j  1.14006027e-14+1.66533454e-16j -1.54598556e-14-3.95516953e-16j
          1.68164094e-14+2.01141187e-15j -7.34134975e-15+1.53349555e-15j]
        labels=[('kl', 'aMzvBLUn')],
        shape=(8,),
    )
    hessian_by_real_M: Tensor(
        [[ 73.95470815+0.00000000e+00j  50.16437421+3.55271368e-15j  14.96725437-8.88178420e-16j   4.14098713+0.00000000e+00j   9.92804229+0.00000000e+00j  19.98071245+0.00000000e+00j
           -1.16671827-1.77635684e-15j  10.1568745 -2.22044605e-15j]
         [ 50.16437421+3.55271368e-15j 170.57875036-7.10542736e-15j  18.24748096+8.88178420e-16j  41.403787  -1.77635684e-15j -10.91308346+7.77156117e-16j -18.91188741+7.10542736e-15j
           36.45718174-3.55271368e-15j -14.60087539+3.55271368e-15j]
         [ 14.96725437-8.88178420e-16j  18.24748096+8.88178420e-16j 106.46027294+7.10542736e-15j  74.40472073+0.00000000e+00j  -0.54337589+8.88178420e-16j -41.87800747+0.00000000e+00j
            9.98957957+1.77635684e-15j   9.44903682+0.00000000e+00j]
         [  4.14098713+0.00000000e+00j  41.403787  -1.77635684e-15j  74.40472073+0.00000000e+00j 236.7458672 +0.00000000e+00j  21.44380325+8.88178420e-16j   3.23156564-3.55271368e-15j
           12.90492929-3.55271368e-15j   9.24858612-1.77635684e-15j]
         [  9.92804229+0.00000000e+00j -10.91308346+7.77156117e-16j  -0.54337589+8.88178420e-16j  21.44380325+8.88178420e-16j  68.62371782+5.27355937e-16j  74.73366075+7.10542736e-15j
            6.62423686-8.88178420e-16j  13.4585073 +0.00000000e+00j]
         [ 19.98071245+0.00000000e+00j -18.91188741+7.10542736e-15j -41.87800747+0.00000000e+00j   3.23156564-3.55271368e-15j  74.73366075+7.10542736e-15j 290.77733901+1.42108547e-14j
            8.60752014+0.00000000e+00j  18.83878762-1.77635684e-15j]
         [ -1.16671827-1.77635684e-15j  36.45718174-3.55271368e-15j   9.98957957+1.77635684e-15j  12.90492929-3.55271368e-15j   6.62423686-8.88178420e-16j   8.60752014+0.00000000e+00j
           78.78015326+0.00000000e+00j  30.94525401+0.00000000e+00j]
         [ 10.1568745 -2.22044605e-15j -14.60087539+3.55271368e-15j   9.44903682+0.00000000e+00j   9.24858612-1.77635684e-15j  13.4585073 +0.00000000e+00j  18.83878762-1.77635684e-15j
           30.94525401+0.00000000e+00j 177.24137558-1.42108547e-14j]]
        labels=[('kl', 'aMzvBLUn'), ('kl*', 'aMzvBLUn*')],
        shape=(8, 8),
    )
    hessian_by_imag_M: Tensor(
        [[  0.        +0.00000000e+00j  41.91681525+3.55271368e-15j   8.65934087+0.00000000e+00j  34.52134259-4.44089210e-16j  -5.80970286+1.77635684e-15j  26.95791476+3.55271368e-15j
           17.79830979+8.88178420e-16j   4.30918587+8.88178420e-16j]
         [-41.91681525-3.55271368e-15j   0.        +0.00000000e+00j  12.35599391-1.77635684e-15j  17.2606012 +0.00000000e+00j  -0.59309361-8.88178420e-16j -34.09557204-1.77635684e-15j
            0.70312187+0.00000000e+00j -13.1306442 -8.88178420e-16j]
         [ -8.65934087+0.00000000e+00j -12.35599391+1.77635684e-15j   0.        +0.00000000e+00j  85.943145  +0.00000000e+00j   6.54980458-8.88178420e-16j  29.41455538+3.55271368e-15j
          -10.73402243+8.88178420e-16j  39.52421897+1.77635684e-15j]
         [-34.52134259+4.44089210e-16j -17.2606012 +0.00000000e+00j -85.943145  +0.00000000e+00j   0.        +0.00000000e+00j -12.10626203+0.00000000e+00j  44.30897928+1.99840144e-15j
          -22.58070188+0.00000000e+00j -16.4791466 +8.88178420e-16j]
         [  5.80970286-1.77635684e-15j   0.59309361+8.88178420e-16j  -6.54980458+8.88178420e-16j  12.10626203+0.00000000e+00j   0.        +0.00000000e+00j  78.48568972+7.10542736e-15j
           12.28982067+1.77635684e-15j   3.16401868+2.66453526e-15j]
         [-26.95791476-3.55271368e-15j  34.09557204+1.77635684e-15j -29.41455538-3.55271368e-15j -44.30897928-1.99840144e-15j -78.48568972-7.10542736e-15j   0.        +0.00000000e+00j
           30.76409617+8.88178420e-16j -19.97258463+3.55271368e-15j]
         [-17.79830979-8.88178420e-16j  -0.70312187+0.00000000e+00j  10.73402243-8.88178420e-16j  22.58070188+0.00000000e+00j -12.28982067-1.77635684e-15j -30.76409617-8.88178420e-16j
            0.        +0.00000000e+00j  37.49521915+1.77635684e-15j]
         [ -4.30918587-8.88178420e-16j  13.1306442 +8.88178420e-16j -39.52421897-1.77635684e-15j  16.4791466 -8.88178420e-16j  -3.16401868-2.66453526e-15j  19.97258463-3.55271368e-15j
          -37.49521915-1.77635684e-15j   0.        +0.00000000e+00j]]
        labels=[('kl', 'aMzvBLUn'), ('kl*', 'aMzvBLUn*')],
        shape=(8, 8),
    )
    eigvals of hessian_by_real_M: DiagonalTensor(
        [ 28.58895104  43.80842214  65.86082412  79.61151446 173.38446356 186.29709533 295.42800949 330.18290417]
        labels=['TszGlcjh', 'TszGlcjh'],
        shape=(8, 8),
    )
    eigvals of hessian_by_imag_M: DiagonalTensor(
        [-132.78733784  -83.47617626  -44.91794128  -32.86871175   19.59609116   51.1510411   106.59345239  116.70958249]
        labels=['jOXxutpL', 'jOXxutpL'],
        shape=(8, 8),
    )
IWROR:
    iter_times, elapsed_time, sqdiff: 300, 0.4936702251434326, 0.2923523600333655
    MSN: Tensor(
        [[-0.31248621-0.1105403j  -0.68446498-0.60743513j -0.38116248+0.21573315j  0.26210554+0.18263277j]
         [-0.34639597-0.00711807j -0.33217401-0.05298294j -0.93361985-0.71347586j  0.78693765+0.6111548j ]
         [-0.0297623 -0.48278647j  0.61178084-0.75444407j -0.3524221 -1.42583549j -0.06561212+1.05105547j]
         [-0.15601675+0.20061138j -0.94272284+0.66216627j  0.91813327+0.11098623j -0.25443445+0.07096159j]]
        labels=['kl', 'kr'],
        shape=(4, 4),
    )
    grad_by_real_M: Tensor(
        [-1.77219350e-14+3.12250226e-16j -3.06976666e-14+1.27675648e-15j  3.80251386e-14+2.63677968e-16j  4.30072644e-14-1.16573418e-15j  2.98233660e-14-1.13797860e-15j  9.31893451e-15-3.33066907e-15j
         -2.05009620e-14+1.74166237e-15j  4.14390744e-14-2.08166817e-15j]
        labels=[('kl', 'aMzvBLUn')],
        shape=(8,),
    )
    grad_by_imag_M: Tensor(
        [-1.25038868e-14+6.24500451e-16j  4.72399897e-14-9.43689571e-16j  4.00929290e-14+8.32667268e-16j -2.07056594e-14-2.63677968e-16j -2.04003481e-15+2.08166817e-16j -7.10542736e-14+1.87350135e-16j
          5.00641195e-14-3.57353036e-16j  8.40993941e-15-3.35842465e-15j]
        labels=[('kl', 'aMzvBLUn')],
        shape=(8,),
    )
    hessian_by_real_M: Tensor(
        [[ 63.52760364-1.77635684e-15j  10.49342593-3.55271368e-15j  12.4471498 -4.44089210e-16j   3.66908544-7.10542736e-15j   7.30988827+8.88178420e-16j  34.12857368-3.55271368e-15j
           -9.45155112+0.00000000e+00j  15.37199064+8.88178420e-16j]
         [ 10.49342593-3.55271368e-15j 200.12227821-1.42108547e-14j   2.59515393+1.77635684e-15j  49.10540083+3.33066907e-16j -13.92610686+8.88178420e-16j -26.32005374-7.10542736e-15j
           49.63230639+1.77635684e-15j -48.04849688+0.00000000e+00j]
         [ 12.4471498 -4.44089210e-16j   2.59515393+1.77635684e-15j  87.97279271+0.00000000e+00j  29.93676316-7.10542736e-15j   0.80204702-6.66133815e-16j -36.02693215+0.00000000e+00j
            4.26649492+0.00000000e+00j  24.73990635+7.10542736e-15j]
         [  3.66908544-7.10542736e-15j  49.10540083+3.33066907e-16j  29.93676316-7.10542736e-15j 277.73549219+1.42108547e-14j  27.36703801-8.88178420e-16j  20.09832932+3.55271368e-15j
           14.88722035+1.77635684e-15j   7.16733469-3.55271368e-15j]
         [  7.30988827+8.88178420e-16j -13.92610686+8.88178420e-16j   0.80204702-6.66133815e-16j  27.36703801-8.88178420e-16j  49.42874728-1.11022302e-15j  34.78261925+7.10542736e-15j
            5.37635375-4.44089210e-16j   8.21846578+1.33226763e-15j]
         [ 34.12857368-3.55271368e-15j -26.32005374-7.10542736e-15j -36.02693215+0.00000000e+00j  20.09832932+3.55271368e-15j  34.78261925+7.10542736e-15j 339.79738856-1.42108547e-14j
           -6.12032577+0.00000000e+00j  11.94500732+3.55271368e-15j]
         [ -9.45155112+0.00000000e+00j  49.63230639+1.77635684e-15j   4.26649492+0.00000000e+00j  14.88722035+1.77635684e-15j   5.37635375-4.44089210e-16j  -6.12032577+0.00000000e+00j
           75.61380473-3.55271368e-15j -18.29975333+3.55271368e-15j]
         [ 15.37199064+8.88178420e-16j -48.04849688+0.00000000e+00j  24.73990635+7.10542736e-15j   7.16733469-3.55271368e-15j   8.21846578+1.33226763e-15j  11.94500732+3.55271368e-15j
          -18.29975333+3.55271368e-15j 232.92987429-1.42108547e-14j]]
        labels=[('kl', 'aMzvBLUn'), ('kl*', 'aMzvBLUn*')],
        shape=(8, 8),
    )
    hessian_by_imag_M: Tensor(
        [[  0.        +0.00000000e+00j  43.06081264-8.88178420e-16j   1.40762149+0.00000000e+00j  35.10736351+0.00000000e+00j  -9.95728441+8.88178420e-16j  33.83954774+3.55271368e-15j
           16.64491358+2.66453526e-15j  -6.40089354-8.88178420e-16j]
         [-43.06081264+8.88178420e-16j   0.        +0.00000000e+00j  12.9608462 +4.44089210e-16j  -1.06145177+3.55271368e-15j   4.27412048-1.77635684e-15j -66.71838966+1.77635684e-15j
           11.48394396+7.10542736e-15j -13.94850862-7.10542736e-15j]
         [ -1.40762149+0.00000000e+00j -12.9608462 -4.44089210e-16j   0.        +0.00000000e+00j  87.81115882+0.00000000e+00j   2.28975485+0.00000000e+00j  38.12798333+0.00000000e+00j
          -14.91804935+1.77635684e-15j  49.6478494 -3.55271368e-15j]
         [-35.10736351+0.00000000e+00j   1.06145177-3.55271368e-15j -87.81115882+0.00000000e+00j   0.        +0.00000000e+00j -14.38964641-1.77635684e-15j  57.35785411+3.55271368e-15j
          -11.09616575-1.77635684e-15j -35.3553051 -1.77635684e-15j]
         [  9.95728441-8.88178420e-16j  -4.27412048+1.77635684e-15j  -2.28975485+0.00000000e+00j  14.38964641+1.77635684e-15j   0.        +0.00000000e+00j  70.76544936-3.55271368e-15j
            7.34692606-4.44089210e-16j   0.26294869+0.00000000e+00j]
         [-33.83954774-3.55271368e-15j  66.71838966-1.77635684e-15j -38.12798333+0.00000000e+00j -57.35785411-3.55271368e-15j -70.76544936+3.55271368e-15j   0.        +0.00000000e+00j
           35.16688026+8.88178420e-16j -44.84727513-1.77635684e-15j]
         [-16.64491358-2.66453526e-15j -11.48394396-7.10542736e-15j  14.91804935-1.77635684e-15j  11.09616575+1.77635684e-15j  -7.34692606+4.44089210e-16j -35.16688026-8.88178420e-16j
            0.        +0.00000000e+00j  48.27707974-5.32907052e-15j]
         [  6.40089354+8.88178420e-16j  13.94850862+7.10542736e-15j -49.6478494 +3.55271368e-15j  35.3553051 +1.77635684e-15j  -0.26294869+0.00000000e+00j  44.84727513+1.77635684e-15j
          -48.27707974+5.32907052e-15j   0.        +0.00000000e+00j]]
        labels=[('kl', 'aMzvBLUn'), ('kl*', 'aMzvBLUn*')],
        shape=(8, 8),
    )
    eigvals of hessian_by_real_M: DiagonalTensor(
        [ 32.22275307  47.6417235   68.47782693  81.909974   157.76278684 260.87129462 315.37633152 362.86529114]
        labels=['HxEZwDhH', 'HxEZwDhH'],
        shape=(8, 8),
    )
    eigvals of hessian_by_imag_M: DiagonalTensor(
        [-147.88255711  -75.78676769  -61.31186377  -43.65316345    3.66119008   53.10288775  114.71800656  157.15226764]
        labels=['kbemOYby', 'kbemOYby'],
        shape=(8, 8),
    )
WLBOR:
    iter_times, elapsed_time, sqdiff: 300, 1.3078138828277588, 0.292352360033367
    MSN: Tensor(
        [[-0.31248621-0.1105403j  -0.68446498-0.60743513j -0.38116248+0.21573315j  0.26210554+0.18263277j]
         [-0.34639597-0.00711807j -0.33217401-0.05298294j -0.93361985-0.71347587j  0.78693765+0.6111548j ]
         [-0.0297623 -0.48278647j  0.61178084-0.75444407j -0.3524221 -1.42583549j -0.06561212+1.05105547j]
         [-0.15601675+0.20061138j -0.94272284+0.66216627j  0.91813327+0.11098623j -0.25443445+0.07096159j]]
        labels=['kl', 'kr'],
        shape=(4, 4),
    )
    grad_by_real_M: Tensor(
        [-1.91097958e-09+1.09287579e-15j -3.83348995e-09+1.94289029e-15j -5.24841279e-09+1.36002321e-15j -2.55964219e-09+1.08940634e-15j -3.64238462e-09+1.25593980e-15j  4.13559929e-09-1.36002321e-15j
         -1.34975629e-09+4.44089210e-16j  8.15671702e-09+5.20417043e-18j]
        labels=[('kl', 'aMzvBLUn')],
        shape=(8,),
    )
    grad_by_imag_M: Tensor(
        [-4.43305136e-09+9.85322934e-16j -9.43598999e-09+1.59594560e-16j -4.08728743e-09-1.94289029e-15j  7.49474622e-09+6.73072709e-16j  5.61177980e-09+1.85962357e-15j  3.23430491e-09-4.51028104e-16j
          5.41904227e-09+7.52869989e-16j  2.24396439e-09+6.45317133e-16j]
        labels=[('kl', 'aMzvBLUn')],
        shape=(8,),
    )
    hessian_by_real_M: Tensor(
        [[ 61.03646158+0.00000000e+00j -10.73592968-1.33226763e-15j  11.79474856+3.33066907e-16j   7.40747255-1.33226763e-15j   6.3218081 +8.88178420e-16j  16.88716881+1.11022302e-15j
           -8.87178768+8.88178420e-16j   6.52736408-8.88178420e-16j]
         [-10.73592968-1.33226763e-15j  33.85988894+8.88178420e-16j  -9.35372868+4.44089210e-16j   7.47195013+0.00000000e+00j  -6.44080245-2.22044605e-16j -10.33053419+8.88178420e-16j
           12.46764327+1.77635684e-15j -14.06506315+8.88178420e-16j]
         [ 11.79474856+3.33066907e-16j  -9.35372868+4.44089210e-16j  82.65470084+1.77635684e-15j  -0.56566007+8.88178420e-16j  -0.94726166+6.10622664e-16j   4.54149429+0.00000000e+00j
            2.27662206+1.77635684e-15j  21.25040354+0.00000000e+00j]
         [  7.40747255-1.33226763e-15j   7.47195013+0.00000000e+00j  -0.56566007+8.88178420e-16j  35.06837802-2.66453526e-15j  11.51299747-4.44089210e-16j  -3.6575401 +1.11022302e-16j
            7.42872363+0.00000000e+00j -11.32416381+0.00000000e+00j]
         [  6.3218081 +8.88178420e-16j  -6.44080245-2.22044605e-16j  -0.94726166+6.10622664e-16j  11.51299747-4.44089210e-16j  45.23791115-1.22124533e-15j   9.99468919+8.88178420e-16j
            6.57938707-1.33226763e-15j  -0.81732151-4.44089210e-16j]
         [ 16.88716881+1.11022302e-15j -10.33053419+8.88178420e-16j   4.54149429+0.00000000e+00j  -3.6575401 +1.11022302e-16j   9.99468919+8.88178420e-16j  44.48704043+1.77635684e-15j
          -16.38544652+8.88178420e-16j   8.66665434-8.88178420e-16j]
         [ -8.87178768+8.88178420e-16j  12.46764327+1.77635684e-15j   2.27662206+1.77635684e-15j   7.42872363+0.00000000e+00j   6.57938707-1.33226763e-15j -16.38544652+8.88178420e-16j
           72.78949891+1.77635684e-15j -21.6104824 -1.77635684e-15j]
         [  6.52736408-8.88178420e-16j -14.06506315+8.88178420e-16j  21.25040354+0.00000000e+00j -11.32416381+0.00000000e+00j  -0.81732151-4.44089210e-16j   8.66665434-8.88178420e-16j
          -21.6104824 -1.77635684e-15j  46.00291075+0.00000000e+00j]]
        labels=[('kl', 'aMzvBLUn'), ('kl*', 'aMzvBLUn*')],
        shape=(8, 8),
    )
    hessian_by_imag_M: Tensor(
        [[  0.        +0.00000000e+00j   3.09286131-8.88178420e-16j   1.48787602+0.00000000e+00j   6.12901636+1.33226763e-15j  -8.40843192-1.77635684e-15j   1.23808578+1.77635684e-15j
           15.52347995-8.88178420e-16j -12.49226196+4.44089210e-16j]
         [ -3.09286131+8.88178420e-16j   0.        +0.00000000e+00j   4.47304175-8.88178420e-16j  -4.26143165-4.44089210e-16j   0.67213584+8.88178420e-16j -10.35556514+0.00000000e+00j
           12.63362333+0.00000000e+00j  -5.62345305+0.00000000e+00j]
         [ -1.48787602+0.00000000e+00j  -4.47304175+8.88178420e-16j   0.        +0.00000000e+00j   6.25738855-8.88178420e-16j   0.2486015 -4.44089210e-16j  21.07399025+4.44089210e-16j
          -14.63099858+1.99840144e-15j  10.6043616 +0.00000000e+00j]
         [ -6.12901636-1.33226763e-15j   4.26143165+4.44089210e-16j  -6.25738855+8.88178420e-16j   0.        +0.00000000e+00j   5.06526868+0.00000000e+00j  -1.05808718+0.00000000e+00j
            9.00313514+4.44089210e-16j -11.45844407+0.00000000e+00j]
         [  8.40843192+1.77635684e-15j  -0.67213584-8.88178420e-16j  -0.2486015 +4.44089210e-16j  -5.06526868+0.00000000e+00j   0.        +0.00000000e+00j   1.26276589-1.77635684e-15j
            7.82803893+1.77635684e-15j  -5.91956275-4.44089210e-16j]
         [ -1.23808578-1.77635684e-15j  10.35556514+0.00000000e+00j -21.07399025-4.44089210e-16j   1.05808718+0.00000000e+00j  -1.26276589+1.77635684e-15j   0.        +0.00000000e+00j
            4.40653399+0.00000000e+00j  -8.21908048+0.00000000e+00j]
         [-15.52347995+8.88178420e-16j -12.63362333+0.00000000e+00j  14.63099858-1.99840144e-15j  -9.00313514-4.44089210e-16j  -7.82803893-1.77635684e-15j  -4.40653399+0.00000000e+00j
            0.        +0.00000000e+00j  13.46184612-3.55271368e-15j]
         [ 12.49226196-4.44089210e-16j   5.62345305+0.00000000e+00j -10.6043616 +0.00000000e+00j  11.45844407+0.00000000e+00j   5.91956275+4.44089210e-16j   8.21908048+0.00000000e+00j
          -13.46184612+3.55271368e-15j   0.        +0.00000000e+00j]]
        labels=[('kl', 'aMzvBLUn'), ('kl*', 'aMzvBLUn*')],
        shape=(8, 8),
    )
    eigvals of hessian_by_real_M: DiagonalTensor(
        [ 16.38270007  22.3869588   29.89641725  36.97000923  44.16450616  70.63972436  83.18231845 117.5141563 ]
        labels=['ReSIbdkL', 'ReSIbdkL'],
        shape=(8, 8),
    )
    eigvals of hessian_by_imag_M: DiagonalTensor(
        [-28.56496058 -23.3985433  -12.85181636  -7.81212318  -2.07262943   4.61506837  19.70664365  50.37836084]
        labels=['xzFbRROx', 'xzFbRROx'],
        shape=(8, 8),
    )
WNAG:
    iter_times, elapsed_time, sqdiff: 300, 0.4799978733062744, 0.3079902503144535
    MSN: Tensor(
        [[-0.31226684-0.10967647j -0.68381655-0.60828616j -0.38480084+0.22092474j  0.26421117+0.17865169j]
         [-0.34885277-0.00188142j -0.34421176-0.04300417j -0.93079354-0.7047368j   0.79051105+0.60591328j]
         [-0.0351685 -0.48064935j  0.59909693-0.75345592j -0.35962844-1.42361287j -0.05688894+1.05272633j]
         [-0.15780661+0.19771668j -0.94828435+0.6506926j   0.91841937+0.11766944j -0.256974  +0.07051376j]]
        labels=['kl', 'kr'],
        shape=(4, 4),
    )
    grad_by_real_M: Tensor(
        [-0.08505289+8.50014503e-17j -0.01828542+5.89805982e-17j -0.1553092 -2.08166817e-17j -0.01532039-7.63278329e-17j -0.04432181-5.89805982e-17j  0.01245253-1.04083409e-16j  0.03099991-1.42247325e-16j
          0.02516675-6.50521303e-17j]
        labels=[('kl', 'aMzvBLUn')],
        shape=(8,),
    )
    grad_by_imag_M: Tensor(
        [ 0.02698407-7.63278329e-17j -0.03741571+3.46944695e-17j -0.01832138+1.11022302e-16j -0.07716409+0.00000000e+00j -0.05197399+1.66533454e-16j -0.02207388-1.73472348e-18j -0.06062931+1.14491749e-16j
          0.00190439-4.33680869e-17j]
        labels=[('kl', 'aMzvBLUn')],
        shape=(8,),
    )
    hessian_by_real_M: Tensor(
        [[ 1.07113872+0.00000000e+00j  0.11755464-5.55111512e-17j  0.20096166+0.00000000e+00j  0.003076  -1.38777878e-17j  0.02951703+1.38777878e-17j -0.06232114+1.04083409e-17j -0.32071211+1.38777878e-17j
           0.09006214+2.77555756e-17j]
         [ 0.11755464-5.55111512e-17j  0.26108663+0.00000000e+00j  0.04454172+6.93889390e-18j  0.04912752+4.33680869e-18j  0.1040085 +6.93889390e-18j  0.0177975 +3.46944695e-18j -0.14058346-6.93889390e-18j
          -0.04628365-6.93889390e-18j]
         [ 0.20096166+0.00000000e+00j  0.04454172+6.93889390e-18j  1.32397139+0.00000000e+00j  0.17692328+0.00000000e+00j -0.03683496+1.38777878e-17j -0.02700617+3.46944695e-18j -0.10575753+0.00000000e+00j
          -0.13629532-1.73472348e-17j]
         [ 0.003076  -1.38777878e-17j  0.04912752+4.33680869e-18j  0.17692328+0.00000000e+00j  0.33468903+0.00000000e+00j  0.0616073 +7.80625564e-18j -0.01576873+3.46944695e-18j  0.17875748+1.38777878e-17j
          -0.00998594+6.93889390e-18j]
         [ 0.02951703+1.38777878e-17j  0.1040085 +6.93889390e-18j -0.03683496+1.38777878e-17j  0.0616073 +7.80625564e-18j  0.67268173+0.00000000e+00j  0.0971601 +0.00000000e+00j  0.15261716+0.00000000e+00j
           0.04534857+6.93889390e-18j]
         [-0.06232114+1.04083409e-17j  0.0177975 +3.46944695e-18j -0.02700617+3.46944695e-18j -0.01576873+3.46944695e-18j  0.0971601 +0.00000000e+00j  0.17329796+0.00000000e+00j -0.05108774+0.00000000e+00j
           0.03901252+3.46944695e-18j]
         [-0.32071211+1.38777878e-17j -0.14058346-6.93889390e-18j -0.10575753+0.00000000e+00j  0.17875748+1.38777878e-17j  0.15261716+0.00000000e+00j -0.05108774+0.00000000e+00j  1.42752134+1.11022302e-16j
           0.14505611+0.00000000e+00j]
         [ 0.09006214+2.77555756e-17j -0.04628365-6.93889390e-18j -0.13629532-1.73472348e-17j -0.00998594+6.93889390e-18j  0.04534857+6.93889390e-18j  0.03901252+3.46944695e-18j  0.14505611+0.00000000e+00j
           0.32090198+0.00000000e+00j]]
        labels=[('kl', 'aMzvBLUn'), ('kl*', 'aMzvBLUn*')],
        shape=(8, 8),
    )
    hessian_by_imag_M: Tensor(
        [[ 0.00000000e+00+0.00000000e+00j -5.06601894e-01+4.16333634e-17j -8.67165947e-02-1.38777878e-17j -9.74330742e-02-5.20417043e-18j -2.28058435e-01+2.08166817e-17j -5.43954612e-02-6.93889390e-18j
           2.34845505e-01+2.77555756e-17j  1.60305220e-01-6.93889390e-18j]
         [ 5.06601894e-01-4.16333634e-17j  0.00000000e+00+0.00000000e+00j  9.12072171e-02+6.93889390e-18j  6.47359060e-04-6.93889390e-18j -8.36530717e-03+0.00000000e+00j -3.36092981e-02+1.73472348e-18j
          -8.29169075e-02+1.38777878e-17j  6.10674313e-02+1.04083409e-17j]
         [ 8.67165947e-02+1.38777878e-17j -9.12072171e-02-6.93889390e-18j  0.00000000e+00+0.00000000e+00j -6.31092711e-01-2.77555756e-17j -8.67527805e-02-1.38777878e-17j  4.68468299e-02+0.00000000e+00j
          -3.65330257e-01+2.08166817e-17j  1.14614101e-02-1.38777878e-17j]
         [ 9.74330742e-02+5.20417043e-18j -6.47359060e-04+6.93889390e-18j  6.31092711e-01+2.77555756e-17j  0.00000000e+00+0.00000000e+00j -1.22683122e-02+1.38777878e-17j -1.60726854e-02+0.00000000e+00j
          -7.11012286e-02+1.38777878e-17j -7.06658659e-02-3.46944695e-18j]
         [ 2.28058435e-01-2.08166817e-17j  8.36530717e-03+0.00000000e+00j  8.67527805e-02+1.38777878e-17j  1.22683122e-02-1.38777878e-17j  0.00000000e+00+0.00000000e+00j -3.13185152e-01+6.93889390e-18j
           5.36504304e-02+1.38777878e-17j -7.16307568e-02-3.46944695e-18j]
         [ 5.43954612e-02+6.93889390e-18j  3.36092981e-02-1.73472348e-18j -4.68468299e-02+0.00000000e+00j  1.60726854e-02+0.00000000e+00j  3.13185152e-01-6.93889390e-18j  0.00000000e+00+0.00000000e+00j
           8.52424438e-02+6.93889390e-18j  3.31219399e-02-3.46944695e-18j]
         [-2.34845505e-01-2.77555756e-17j  8.29169075e-02-1.38777878e-17j  3.65330257e-01-2.08166817e-17j  7.11012286e-02-1.38777878e-17j -5.36504304e-02-1.38777878e-17j -8.52424438e-02-6.93889390e-18j
           0.00000000e+00+0.00000000e+00j -6.51357245e-01-2.77555756e-17j]
         [-1.60305220e-01+6.93889390e-18j -6.10674313e-02-1.04083409e-17j -1.14614101e-02+1.38777878e-17j  7.06658659e-02+3.46944695e-18j  7.16307568e-02+3.46944695e-18j -3.31219399e-02+3.46944695e-18j
           6.51357245e-01+2.77555756e-17j  0.00000000e+00+0.00000000e+00j]]
        labels=[('kl', 'aMzvBLUn'), ('kl*', 'aMzvBLUn*')],
        shape=(8, 8),
    )
    eigvals of hessian_by_real_M: DiagonalTensor(
        [0.1217365  0.17356805 0.25466842 0.32205928 0.67476917 0.94854506 1.32763502 1.76230727]
        labels=['ReSIbdkL', 'ReSIbdkL'],
        shape=(8, 8),
    )
    eigvals of hessian_by_imag_M: DiagonalTensor(
        [-0.90501184 -0.60591066 -0.46232672 -0.2656431   0.24767436  0.34099219  0.70055083  0.94967495]
        labels=['xzFbRROx', 'xzFbRROx'],
        shape=(8, 8),
    )
SNAG:
    iter_times, elapsed_time, sqdiff: 300, 0.5250439643859863, 0.2923523600333657
    MSN: Tensor(
        [[-0.31248621-0.1105403j  -0.68446498-0.60743513j -0.38116248+0.21573315j  0.26210554+0.18263277j]
         [-0.34639597-0.00711807j -0.33217401-0.05298294j -0.93361985-0.71347586j  0.78693765+0.6111548j ]
         [-0.0297623 -0.48278647j  0.61178084-0.75444407j -0.3524221 -1.42583549j -0.06561212+1.05105547j]
         [-0.15601675+0.20061138j -0.94272284+0.66216627j  0.91813327+0.11098623j -0.25443445+0.07096159j]]
        labels=['kl', 'kr'],
        shape=(4, 4),
    )
    grad_by_real_M: Tensor(
        [ 4.97518693e-15+5.03937170e-16j  2.08166817e-15+8.60422844e-16j -7.29971639e-15+1.01307851e-15j  5.11049536e-15-3.67761377e-16j -2.67841305e-15+1.48665802e-15j -4.26048086e-15+9.15933995e-16j
          3.92567923e-15-3.20923843e-16j -7.27889971e-15-2.25514052e-16j]
        labels=[('kl', 'aMzvBLUn')],
        shape=(8,),
    )
    grad_by_imag_M: Tensor(
        [-2.86836527e-15+6.73072709e-16j -4.57966998e-16+4.44089210e-16j -8.72912853e-15-6.17561557e-16j -1.26981758e-15-1.28369537e-16j -2.68882139e-16-5.20417043e-16j  2.72698530e-15-8.32667268e-16j
          2.65412692e-16-4.14598911e-16j  2.12677098e-15+3.33066907e-16j]
        labels=[('kl', 'aMzvBLUn')],
        shape=(8,),
    )
    hessian_by_real_M: Tensor(
        [[24.24530009+0.00000000e+00j  0.9118186 +4.44089210e-16j  4.70763931+0.00000000e+00j -3.24230695+1.11022302e-16j  2.44882949+6.66133815e-16j -3.39433801-2.22044605e-16j -1.12072771-4.44089210e-16j
           0.47684945+0.00000000e+00j]
         [ 0.9118186 +4.44089210e-16j  8.75742412-3.88578059e-16j  3.14558179-1.66533454e-16j  2.08963046+1.21430643e-16j -0.21708774-3.33066907e-16j -1.93446306-2.22044605e-16j  1.05395299+0.00000000e+00j
          -2.04781347+0.00000000e+00j]
         [ 4.70763931+0.00000000e+00j  3.14558179-1.66533454e-16j 32.74985714+1.77635684e-15j -2.50893596+8.88178420e-16j -1.66089544+1.11022302e-16j -6.21042971+0.00000000e+00j  1.07270786+4.44089210e-16j
          -5.83944231+0.00000000e+00j]
         [-3.24230695+1.11022302e-16j  2.08963046+1.21430643e-16j -2.50893596+8.88178420e-16j 10.83210769+0.00000000e+00j -1.03217664+2.22044605e-16j -0.24351756-1.11022302e-16j -1.39421822+0.00000000e+00j
          -1.01405379-1.11022302e-16j]
         [ 2.44882949+6.66133815e-16j -0.21708774-3.33066907e-16j -1.66089544+1.11022302e-16j -1.03217664+2.22044605e-16j 19.34289299-8.88178420e-16j -1.63545655+8.88178420e-16j  3.47418973+0.00000000e+00j
           1.35912738+3.33066907e-16j]
         [-3.39433801-2.22044605e-16j -1.93446306-2.22044605e-16j -6.21042971+0.00000000e+00j -0.24351756-1.11022302e-16j -1.63545655+8.88178420e-16j 14.34258447+1.11022302e-16j  4.85283382-6.66133815e-16j
           1.50072397+0.00000000e+00j]
         [-1.12072771-4.44089210e-16j  1.05395299+0.00000000e+00j  1.07270786+4.44089210e-16j -1.39421822+0.00000000e+00j  3.47418973+0.00000000e+00j  4.85283382-6.66133815e-16j 26.83685496+1.77635684e-15j
           0.7462429 +2.22044605e-16j]
         [ 0.47684945+0.00000000e+00j -2.04781347+0.00000000e+00j -5.83944231+0.00000000e+00j -1.01405379-1.11022302e-16j  1.35912738+3.33066907e-16j  1.50072397+0.00000000e+00j  0.7462429 +2.22044605e-16j
          10.25207655+1.11022302e-16j]]
        labels=[('kl', 'aMzvBLUn'), ('kl*', 'aMzvBLUn*')],
        shape=(8, 8),
    )
    hessian_by_imag_M: Tensor(
