b=4, chi=2, seed=208, 
NOR:
    iter_times, elapsed_time, sqdiff: 300, 0.3805549144744873, 0.556008113524581
    MSN: Tensor(
        [[-0.72535754+0.18363634j  0.38441797+0.45246918j  1.01166564+0.86474847j -0.72385866-0.53904179j]
         [-0.62446163+0.71665274j -0.74072382-0.11168476j  0.29316978-0.39989098j -0.47389224+0.34750191j]
         [ 0.51284047-0.60961952j  0.41511448-0.37705865j -0.35916256-0.1508971j   0.41977091-0.03908565j]
         [-1.23389755+0.1848626j  -0.42340193-0.38339526j  0.78558923+0.24309495j -0.82051312-0.26757085j]]
        labels=['kl', 'kr'],
        shape=(4, 4),
    )
    grad_by_real_M: Tensor(
        [-1.97793171e-14+1.11022302e-16j -8.21565038e-15+1.01448797e-15j -1.53210777e-14+3.74700271e-16j  7.25981775e-16-6.17561557e-16j -1.41969769e-14+4.44089210e-16j -4.44089210e-16-1.13797860e-15j
          2.43069453e-14+4.44089210e-16j -8.16707812e-15+1.99146255e-15j]
        labels=[('kl', 'JYGrjZpS')],
        shape=(8,),
    )
    grad_by_imag_M: Tensor(
        [ 2.83106871e-15+2.42861287e-16j  6.32946386e-15+1.31145095e-15j -9.57567359e-16+9.99200722e-16j -9.58261248e-15+4.06792655e-16j  6.05071548e-15-6.93889390e-16j  2.84494650e-16-5.13478149e-16j
         -9.32587341e-15-2.42861287e-16j  5.34988720e-15+9.22872889e-16j]
        labels=[('kl', 'JYGrjZpS')],
        shape=(8,),
    )
    hessian_by_real_M: Tensor(
        [[ 60.11450956+0.00000000e+00j  13.71493192-1.11022302e-15j  -1.02475734+4.44089210e-16j  -2.67162516+7.77156117e-16j  10.98073249+4.44089210e-16j -11.6109485 -2.22044605e-16j
          -10.8478851 +2.77555756e-16j   3.2046468 +0.00000000e+00j]
         [ 13.71493192-1.11022302e-15j  33.97837678+0.00000000e+00j  -0.48342918+4.44089210e-16j -12.93218269-8.88178420e-16j  11.60528225-1.33226763e-15j  -5.43406642+0.00000000e+00j
           -6.72089356+0.00000000e+00j   7.92691741+2.22044605e-16j]
         [ -1.02475734+4.44089210e-16j  -0.48342918+4.44089210e-16j  48.63961953-1.33226763e-15j  11.82999101-1.77635684e-15j   6.66386876-8.88178420e-16j   5.43777717+2.22044605e-16j
          -13.97325086-6.66133815e-16j  16.78909042+0.00000000e+00j]
         [ -2.67162516+7.77156117e-16j -12.93218269-8.88178420e-16j  11.82999101-1.77635684e-15j  37.38450843-1.77635684e-15j   4.08684674+0.00000000e+00j   1.57979443+0.00000000e+00j
            1.21053154+0.00000000e+00j  -2.02812963-2.49800181e-16j]
         [ 10.98073249+4.44089210e-16j  11.60528225-1.33226763e-15j   6.66386876-8.88178420e-16j   4.08684674+0.00000000e+00j  53.38756723-1.77635684e-15j  13.16199567+2.22044605e-16j
            4.25697258-6.66133815e-16j   2.26826702+5.55111512e-16j]
         [-11.6109485 -2.22044605e-16j  -5.43406642+0.00000000e+00j   5.43777717+2.22044605e-16j   1.57979443+0.00000000e+00j  13.16199567+2.22044605e-16j  47.92926018+3.55271368e-15j
            2.35508409+0.00000000e+00j  -3.69766692+1.77635684e-15j]
         [-10.8478851 +2.77555756e-16j  -6.72089356+0.00000000e+00j -13.97325086-6.66133815e-16j   1.21053154+0.00000000e+00j   4.25697258-6.66133815e-16j   2.35508409+0.00000000e+00j
           59.64865896+0.00000000e+00j -17.7380116 +0.00000000e+00j]
         [  3.2046468 +0.00000000e+00j   7.92691741+2.22044605e-16j  16.78909042+0.00000000e+00j  -2.02812963-2.49800181e-16j   2.26826702+5.55111512e-16j  -3.69766692+1.77635684e-15j
          -17.7380116 +0.00000000e+00j  48.97615647+0.00000000e+00j]]
        labels=[('kl', 'JYGrjZpS'), ('kl*', 'JYGrjZpS*')],
        shape=(8, 8),
    )
    hessian_by_imag_M: Tensor(
        [[  0.        +0.00000000e+00j  -3.75035351-1.77635684e-15j  -3.40507767-2.22044605e-16j  -0.90375768+1.77635684e-15j   1.0929036 +0.00000000e+00j   2.28865641+8.88178420e-16j
            0.60266185+0.00000000e+00j -13.13974295+4.44089210e-16j]
         [  3.75035351+1.77635684e-15j   0.        +0.00000000e+00j  -3.50394626+1.05471187e-15j  11.35207616+8.88178420e-16j  -5.53559255+0.00000000e+00j  -8.36975125+4.44089210e-16j
          -12.23020218-4.44089210e-16j  -1.67887003+8.88178420e-16j]
         [  3.40507767+2.22044605e-16j   3.50394626-1.05471187e-15j   0.        +0.00000000e+00j  -3.66918798+0.00000000e+00j  -8.30084068+1.33226763e-15j  -2.825582  +0.00000000e+00j
           -2.47939601-1.77635684e-15j   3.95309794+1.77635684e-15j]
         [  0.90375768-1.77635684e-15j -11.35207616-8.88178420e-16j   3.66918798+0.00000000e+00j   0.        +0.00000000e+00j  -2.9267283 +4.44089210e-16j   1.86164258+1.11022302e-16j
           10.11478734+1.11022302e-16j  -0.44337818+1.11022302e-15j]
         [ -1.0929036 +0.00000000e+00j   5.53559255+0.00000000e+00j   8.30084068-1.33226763e-15j   2.9267283 -4.44089210e-16j   0.        +0.00000000e+00j  -2.06508084+8.88178420e-16j
           -3.70108612+4.44089210e-16j   0.80266672+4.44089210e-16j]
         [ -2.28865641-8.88178420e-16j   8.36975125-4.44089210e-16j   2.825582  +0.00000000e+00j  -1.86164258-1.11022302e-16j   2.06508084-8.88178420e-16j   0.        +0.00000000e+00j
            4.56366291+0.00000000e+00j  11.50359828+2.22044605e-16j]
         [ -0.60266185+0.00000000e+00j  12.23020218+4.44089210e-16j   2.47939601+1.77635684e-15j -10.11478734-1.11022302e-16j   3.70108612-4.44089210e-16j  -4.56366291+0.00000000e+00j
            0.        +0.00000000e+00j  10.68070646+1.77635684e-15j]
         [ 13.13974295-4.44089210e-16j   1.67887003-8.88178420e-16j  -3.95309794-1.77635684e-15j   0.44337818-1.11022302e-15j  -0.80266672-4.44089210e-16j -11.50359828-2.22044605e-16j
          -10.68070646-1.77635684e-15j   0.        +0.00000000e+00j]]
        labels=[('kl', 'JYGrjZpS'), ('kl*', 'JYGrjZpS*')],
        shape=(8, 8),
    )
    eigvals of hessian_by_real_M: DiagonalTensor(
        [15.80038664 25.09914999 27.05550272 40.40045393 47.00468432 68.16760686 73.25450896 93.27636372]
        labels=['ChutFlBC', 'ChutFlBC'],
        shape=(8, 8),
    )
    eigvals of hessian_by_imag_M: DiagonalTensor(
        [-25.39795714 -15.56824162 -11.61597634  -5.58104135   2.86558671  11.18359105  16.3330724   27.78096629]
        labels=['mRzRULHJ', 'mRzRULHJ'],
        shape=(8, 8),
    )
WCOR:
    iter_times, elapsed_time, sqdiff: 300, 0.41631531715393066, 0.5560081135245807
    MSN: Tensor(
        [[-0.72535754+0.18363634j  0.38441797+0.45246918j  1.01166564+0.86474847j -0.72385866-0.53904179j]
         [-0.62446163+0.71665274j -0.74072382-0.11168476j  0.29316978-0.39989098j -0.47389224+0.34750191j]
         [ 0.51284047-0.60961952j  0.41511448-0.37705865j -0.35916256-0.1508971j   0.41977091-0.03908565j]
         [-1.23389755+0.1848626j  -0.42340193-0.38339526j  0.78558923+0.24309495j -0.82051312-0.26757085j]]
        labels=['kl', 'kr'],
        shape=(4, 4),
    )
    grad_by_real_M: Tensor(
        [ 6.46357967e-15-7.42461648e-16j  1.14131794e-14+7.85396054e-16j  7.66053887e-15-7.49400542e-16j -3.10038453e-15+2.98372438e-16j  2.79568035e-14-6.66133815e-16j  9.12811493e-15-1.91600208e-15j
         -2.32869279e-14-1.33226763e-15j  2.17534324e-15+4.51028104e-17j]
        labels=[('kl', 'JYGrjZpS')],
        shape=(8,),
    )
    grad_by_imag_M: Tensor(
        [ 3.08780779e-15+9.61036806e-16j -1.11234806e-14-1.92120625e-16j -1.75692794e-14-4.44089210e-16j -8.63892291e-15-3.82072846e-16j -1.91513472e-14-8.11850587e-16j  2.04792780e-14+1.24206201e-15j
         -1.42108547e-14+3.03923553e-15j  6.95624114e-15-1.33573708e-15j]
        labels=[('kl', 'JYGrjZpS')],
        shape=(8,),
    )
    hessian_by_real_M: Tensor(
        [[ 66.1282596 +0.00000000e+00j   5.07009155-1.77635684e-15j  -1.28379985+8.88178420e-16j  -4.01208699-4.44089210e-16j  11.73148318-2.22044605e-16j -14.88051211+0.00000000e+00j
          -11.82351754-3.19189120e-16j   2.2928706 -8.88178420e-16j]
         [  5.07009155-1.77635684e-15j  46.1449728 +0.00000000e+00j   0.60759675-6.66133815e-16j -16.90854167+8.88178420e-16j  12.74882306-2.22044605e-16j  -8.29208337-1.77635684e-15j
           -2.13607733+0.00000000e+00j  10.08673208-6.66133815e-16j]
         [ -1.28379985+8.88178420e-16j   0.60759675-6.66133815e-16j  53.59426473+0.00000000e+00j   5.10451869+0.00000000e+00j   7.55126895+8.88178420e-16j   2.53483892+4.44089210e-16j
          -14.3394144 +1.55431223e-15j  22.17873328+2.22044605e-16j]
         [ -4.01208699-4.44089210e-16j -16.90854167+8.88178420e-16j   5.10451869+0.00000000e+00j  50.14538079+0.00000000e+00j   6.04040035+2.22044605e-16j   1.20656225+4.44089210e-16j
            1.33966698+0.00000000e+00j  -4.30023403-9.99200722e-16j]
         [ 11.73148318-2.22044605e-16j  12.74882306-2.22044605e-16j   7.55126895+8.88178420e-16j   6.04040035+2.22044605e-16j  58.78698388-1.77635684e-15j   6.58041589+0.00000000e+00j
            4.82366369-6.66133815e-16j   1.44652726-1.27675648e-15j]
         [-14.88051211+0.00000000e+00j  -8.29208337-1.77635684e-15j   2.53483892+4.44089210e-16j   1.20656225+4.44089210e-16j   6.58041589+0.00000000e+00j  62.7559307 -3.55271368e-15j
            1.00160818+0.00000000e+00j  -4.02435788+0.00000000e+00j]
         [-11.82351754-3.19189120e-16j  -2.13607733+0.00000000e+00j -14.3394144 +1.55431223e-15j   1.33966698+0.00000000e+00j   4.82366369-6.66133815e-16j   1.00160818+0.00000000e+00j
           62.87322629+3.55271368e-15j -26.02838052+1.77635684e-15j]
         [  2.2928706 -8.88178420e-16j  10.08673208-6.66133815e-16j  22.17873328+2.22044605e-16j  -4.30023403-9.99200722e-16j   1.44652726-1.27675648e-15j  -4.02435788+0.00000000e+00j
          -26.02838052+1.77635684e-15j  65.81866551-3.55271368e-15j]]
        labels=[('kl', 'JYGrjZpS'), ('kl*', 'JYGrjZpS*')],
        shape=(8, 8),
    )
    hessian_by_imag_M: Tensor(
        [[  0.        +0.00000000e+00j -21.88075355+1.77635684e-15j  -3.85901105-1.22124533e-15j   1.29989906+1.33226763e-15j   0.68088146+0.00000000e+00j   3.1594556 +8.88178420e-16j
           -0.12841609-8.88178420e-16j -13.82453416+8.88178420e-16j]
         [ 21.88075355-1.77635684e-15j   0.        +0.00000000e+00j  -3.70109893+6.66133815e-16j  14.27740087-1.77635684e-15j  -1.46434899-8.88178420e-16j -16.48569846-1.77635684e-15j
          -17.97237062-6.66133815e-16j   3.9363722 -8.88178420e-16j]
         [  3.85901105+1.22124533e-15j   3.70109893-6.66133815e-16j   0.        +0.00000000e+00j -18.90173221+0.00000000e+00j  -9.15602926+1.33226763e-15j  -4.65856687+4.44089210e-16j
           -1.91449359-8.88178420e-16j   3.20148591+0.00000000e+00j]
         [ -1.29989906-1.33226763e-15j -14.27740087+1.77635684e-15j  18.90173221+0.00000000e+00j   0.        +0.00000000e+00j   0.83633127+4.44089210e-16j   2.92059443+2.22044605e-16j
            9.33109693-2.22044605e-16j   1.61071194+0.00000000e+00j]
         [ -0.68088146+0.00000000e+00j   1.46434899+8.88178420e-16j   9.15602926-1.33226763e-15j  -0.83633127-4.44089210e-16j   0.        +0.00000000e+00j -18.71787993+8.88178420e-16j
           -3.78534283+0.00000000e+00j   0.48061943-3.33066907e-16j]
         [ -3.1594556 -8.88178420e-16j  16.48569846+1.77635684e-15j   4.65856687-4.44089210e-16j  -2.92059443-2.22044605e-16j  18.71787993-8.88178420e-16j   0.        +0.00000000e+00j
            7.73681015+3.33066907e-16j  13.72574317+0.00000000e+00j]
         [  0.12841609+8.88178420e-16j  17.97237062+6.66133815e-16j   1.91449359+8.88178420e-16j  -9.33109693+2.22044605e-16j   3.78534283+0.00000000e+00j  -7.73681015-3.33066907e-16j
            0.        +0.00000000e+00j   3.33480004-1.77635684e-15j]
         [ 13.82453416-8.88178420e-16j  -3.9363722 +8.88178420e-16j  -3.20148591+0.00000000e+00j  -1.61071194+0.00000000e+00j  -0.48061943+3.33066907e-16j -13.72574317+0.00000000e+00j
           -3.33480004+1.77635684e-15j   0.        +0.00000000e+00j]]
        labels=[('kl', 'JYGrjZpS'), ('kl*', 'JYGrjZpS*')],
        shape=(8, 8),
    )
    eigvals of hessian_by_real_M: DiagonalTensor(
        [ 22.06863717  31.5039433   34.95291245  52.50364318  62.80973271  70.7692482   82.50603883 109.13352844]
        labels=['ChutFlBC', 'ChutFlBC'],
        shape=(8, 8),
    )
    eigvals of hessian_by_imag_M: DiagonalTensor(
        [-38.94858486 -25.71723018 -23.6366649   -2.63772712   4.8876964   17.86586025  29.52116966  38.66548074]
        labels=['mRzRULHJ', 'mRzRULHJ'],
        shape=(8, 8),
    )
WROR:
    iter_times, elapsed_time, sqdiff: 300, 0.46990203857421875, 0.5560081135245802
    MSN: Tensor(
        [[-0.72535754+0.18363634j  0.38441797+0.45246918j  1.01166564+0.86474847j -0.72385866-0.53904179j]
         [-0.62446163+0.71665274j -0.74072382-0.11168476j  0.29316978-0.39989098j -0.47389224+0.34750191j]
         [ 0.51284047-0.60961952j  0.41511448-0.37705865j -0.35916256-0.1508971j   0.41977091-0.03908565j]
         [-1.23389755+0.1848626j  -0.42340193-0.38339526j  0.78558923+0.24309495j -0.82051312-0.26757085j]]
        labels=['kl', 'kr'],
        shape=(4, 4),
    )
    grad_by_real_M: Tensor(
        [-1.01099684e-14-4.90579799e-15j -2.97262215e-14-3.65419500e-15j -6.99440506e-15+1.38777878e-15j -3.85524945e-14-2.88657986e-15j -3.99125177e-14+4.99600361e-16j  4.58244553e-14+2.00187089e-15j
          7.99360578e-15+1.05471187e-15j -5.34294831e-14-2.32929995e-15j]
        labels=[('kl', 'JYGrjZpS')],
        shape=(8,),
    )
    grad_by_imag_M: Tensor(
        [ 5.10702591e-15+3.21270788e-15j -1.02010414e-14-5.32907052e-15j  1.83741911e-14+1.72084569e-15j -2.74780199e-14-5.55111512e-16j  3.88578059e-16+3.33066907e-16j -5.10425036e-14-1.33226763e-15j
         -6.05071548e-15+4.44089210e-16j  1.68311545e-15-1.63757896e-15j]
        labels=[('kl', 'JYGrjZpS')],
        shape=(8,),
    )
    hessian_by_real_M: Tensor(
        [[ 89.74912419+0.00000000e+00j -35.18264353+7.10542736e-15j  -5.86970354+0.00000000e+00j   2.74123114+1.77635684e-15j  10.69907818-1.11022302e-15j -23.02716169+1.77635684e-15j
          -12.10840797-1.77635684e-15j -13.29392735+1.77635684e-15j]
         [-35.18264353+7.10542736e-15j 156.22676437+0.00000000e+00j  -3.47402108+1.77635684e-15j -46.84662146+3.55271368e-15j  19.10843609+0.00000000e+00j -22.30133905+0.00000000e+00j
           28.58473365-8.88178420e-16j  21.12337078+3.55271368e-15j]
         [ -5.86970354+0.00000000e+00j  -3.47402108+1.77635684e-15j  75.70899234+0.00000000e+00j -27.20718035+7.10542736e-15j  12.68521137+1.77635684e-15j  -8.68363598-2.66453526e-15j
           -6.74656522+1.77635684e-15j  26.67467796+1.77635684e-15j]
         [  2.74123114+1.77635684e-15j -46.84662146+3.55271368e-15j -27.20718035+7.10542736e-15j 160.76539144+7.10542736e-15j   3.66314643-1.77635684e-15j   9.98645987+4.44089210e-16j
          -13.15411405+8.88178420e-16j  -2.9573894 -1.77635684e-15j]
         [ 10.69907818-1.11022302e-15j  19.10843609+0.00000000e+00j  12.68521137+1.77635684e-15j   3.66314643-1.77635684e-15j  84.67356676+0.00000000e+00j -25.04099768+0.00000000e+00j
            6.46839043-1.11022302e-15j   7.53869403+4.44089210e-16j]
         [-23.02716169+1.77635684e-15j -22.30133905+0.00000000e+00j  -8.68363598-2.66453526e-15j   9.98645987+4.44089210e-16j -25.04099768+0.00000000e+00j 194.13561303+1.42108547e-14j
          -19.66257449+0.00000000e+00j  -4.41374018-3.55271368e-15j]
         [-12.10840797-1.77635684e-15j  28.58473365-8.88178420e-16j  -6.74656522+1.77635684e-15j -13.15411405+8.88178420e-16j   6.46839043-1.11022302e-15j -19.66257449+0.00000000e+00j
           59.33311035+0.00000000e+00j -17.71293551-3.55271368e-15j]
         [-13.29392735+1.77635684e-15j  21.12337078+3.55271368e-15j  26.67467796+1.77635684e-15j  -2.9573894 -1.77635684e-15j   7.53869403+4.44089210e-16j  -4.41374018-3.55271368e-15j
          -17.71293551-3.55271368e-15j 158.08896231+1.42108547e-14j]]
        labels=[('kl', 'JYGrjZpS'), ('kl*', 'JYGrjZpS*')],
        shape=(8, 8),
    )
    hessian_by_imag_M: Tensor(
        [[  0.        +0.00000000e+00j -79.41375496+0.00000000e+00j  -3.5541814 -1.33226763e-15j  21.39898498-2.22044605e-15j  -3.51939723+1.77635684e-15j  21.15681039+0.00000000e+00j
          -12.07560713+8.88178420e-16j -13.32466794-1.77635684e-15j]
         [ 79.41375496+0.00000000e+00j   0.        +0.00000000e+00j  -9.77215283-1.33226763e-15j  32.04285626+3.55271368e-15j  11.90286158+3.55271368e-15j -57.22952059+1.77635684e-15j
          -13.26696411-1.77635684e-15j   3.41779047+0.00000000e+00j]
         [  3.5541814 +1.33226763e-15j   9.77215283+1.33226763e-15j   0.        +0.00000000e+00j -74.64466689-1.77635684e-15j -11.75579475-8.88178420e-16j  -8.86570795-8.88178420e-16j
            5.02778696+8.88178420e-16j -23.13114591-1.77635684e-15j]
         [-21.39898498+2.22044605e-15j -32.04285626-3.55271368e-15j  74.64466689+1.77635684e-15j   0.        +0.00000000e+00j  16.68061839-8.88178420e-16j   2.69837473+8.88178420e-16j
            4.65120788+0.00000000e+00j  19.52963839-3.10862447e-15j]
         [  3.51939723-1.77635684e-15j -11.90286158-3.55271368e-15j  11.75579475+8.88178420e-16j -16.68061839+8.88178420e-16j   0.        +0.00000000e+00j -86.2016758 +1.77635684e-15j
            1.21038666-4.44089210e-16j   1.25956546+4.44089210e-16j]
         [-21.15681039+0.00000000e+00j  57.22952059-1.77635684e-15j   8.86570795+8.88178420e-16j  -2.69837473-8.88178420e-16j  86.2016758 -1.77635684e-15j   0.        +0.00000000e+00j
           10.50065847+0.00000000e+00j  36.663588  +8.88178420e-16j]
         [ 12.07560713-8.88178420e-16j  13.26696411+1.77635684e-15j  -5.02778696-8.88178420e-16j  -4.65120788+0.00000000e+00j  -1.21038666+4.44089210e-16j -10.50065847+0.00000000e+00j
            0.        +0.00000000e+00j -17.1469106 +0.00000000e+00j]
         [ 13.32466794+1.77635684e-15j  -3.41779047+0.00000000e+00j  23.13114591+1.77635684e-15j -19.52963839+3.10862447e-15j  -1.25956546-4.44089210e-16j -36.663588  -8.88178420e-16j
           17.1469106 +0.00000000e+00j   0.        +0.00000000e+00j]]
        labels=[('kl', 'JYGrjZpS'), ('kl*', 'JYGrjZpS*')],
        shape=(8, 8),
    )
    eigvals of hessian_by_real_M: DiagonalTensor(
        [ 38.96049348  47.0028968   73.1978481   85.14570548 133.52681699 165.02553991 193.92797708 241.89424695]
        labels=['yHeAEdFN', 'yHeAEdFN'],
        shape=(8, 8),
    )
    eigvals of hessian_by_imag_M: DiagonalTensor(
        [-137.23318885  -93.39754212  -50.22056076   -9.93288757   16.14506403   62.66423425   96.41639729  115.55848372]
        labels=['qihypNeB', 'qihypNeB'],
        shape=(8, 8),
    )
IWROR:
    iter_times, elapsed_time, sqdiff: 300, 0.48498988151550293, 0.5560081135245821
    MSN: Tensor(
        [[-0.72535754+0.18363634j  0.38441797+0.45246918j  1.01166564+0.86474847j -0.72385866-0.53904179j]
         [-0.62446163+0.71665274j -0.74072382-0.11168476j  0.29316978-0.39989098j -0.47389224+0.34750191j]
         [ 0.51284047-0.60961952j  0.41511448-0.37705865j -0.35916256-0.1508971j   0.41977091-0.03908565j]
         [-1.23389755+0.1848626j  -0.42340193-0.38339526j  0.78558923+0.24309495j -0.82051312-0.26757085j]]
        labels=['kl', 'kr'],
        shape=(4, 4),
    )
    grad_by_real_M: Tensor(
        [-1.96370697e-14-1.41900380e-15j  2.04940231e-14+8.48496620e-16j -6.71684930e-15+1.66533454e-16j  4.32293090e-15+1.66533454e-16j -8.38218384e-15+9.71445147e-16j -1.01585407e-14-8.84708973e-16j
          3.05311332e-15-2.94209102e-15j  2.72837308e-14+2.77555756e-15j]
        labels=[('kl', 'JYGrjZpS')],
        shape=(8,),
    )
    grad_by_imag_M: Tensor(
        [ 1.49359691e-14+7.21644966e-16j -2.54820037e-14-1.80758186e-15j  2.05391260e-15+4.16333634e-16j  2.30926389e-14+1.87350135e-16j -1.84019466e-14+1.36002321e-15j -2.08687234e-14+1.22124533e-15j
          1.81521465e-14-3.88578059e-16j -8.72218964e-15-1.80411242e-15j]
        labels=[('kl', 'JYGrjZpS')],
        shape=(8,),
    )
    hessian_by_real_M: Tensor(
        [[ 83.17718779+0.00000000e+00j -29.76474753+7.10542736e-15j  -4.61411479+2.22044605e-16j  -0.92717134-1.77635684e-15j  11.262196  +2.22044605e-15j -21.27216791-8.88178420e-16j
          -12.05912928+8.88178420e-16j  -8.63613796+1.77635684e-15j]
         [-29.76474753+7.10542736e-15j 119.49854044+0.00000000e+00j  -2.8945494 +4.44089210e-16j -34.84409139-1.77635684e-15j  14.24686456-8.88178420e-16j -16.47487573-3.55271368e-15j
           24.98101875-8.88178420e-16j  15.19740342+1.33226763e-15j]
         [ -4.61411479+2.22044605e-16j  -2.8945494 +4.44089210e-16j  69.57980574+0.00000000e+00j -21.79834416+0.00000000e+00j  11.65895577+0.00000000e+00j  -7.31652843+0.00000000e+00j
           -8.02584443+1.11022302e-15j  25.69169648+0.00000000e+00j]
         [ -0.92717134-1.77635684e-15j -34.84409139-1.77635684e-15j -21.79834416+0.00000000e+00j 122.20030984-7.10542736e-15j   3.35112119-8.88178420e-16j   6.81901129+6.66133815e-16j
           -9.45107037+8.88178420e-16j  -5.19705491+8.88178420e-16j]
         [ 11.262196  +2.22044605e-15j  14.24686456-8.88178420e-16j  11.65895577+0.00000000e+00j   3.35112119-8.88178420e-16j  77.77825725+3.55271368e-15j -19.17213654+0.00000000e+00j
            5.93858514+1.11022302e-15j   4.32512548-8.88178420e-16j]
         [-21.27216791-8.88178420e-16j -16.47487573-3.55271368e-15j  -7.31652843+0.00000000e+00j   6.81901129+6.66133815e-16j -19.17213654+0.00000000e+00j 146.72367236+0.00000000e+00j
          -15.4128258 +0.00000000e+00j  -2.98709454+0.00000000e+00j]
         [-12.05912928+8.88178420e-16j  24.98101875-8.88178420e-16j  -8.02584443+1.11022302e-15j  -9.45107037+8.88178420e-16j   5.93858514+1.11022302e-15j -15.4128258 +0.00000000e+00j
           58.77794854-3.55271368e-15j -18.04506922+2.66453526e-15j]
         [ -8.63613796+1.77635684e-15j  15.19740342+1.33226763e-15j  25.69169648+0.00000000e+00j  -5.19705491+8.88178420e-16j   4.32512548-8.88178420e-16j  -2.98709454+0.00000000e+00j
          -18.04506922+2.66453526e-15j 125.48425202-1.42108547e-14j]]
        labels=[('kl', 'JYGrjZpS'), ('kl*', 'JYGrjZpS*')],
        shape=(8, 8),
    )
    hessian_by_imag_M: Tensor(
        [[  0.        +0.00000000e+00j -62.29225382-7.10542736e-15j  -3.65028426-8.88178420e-16j  17.62741162+3.44169138e-15j  -1.11564303-1.77635684e-15j  15.69687655+0.00000000e+00j
          -10.75292527+0.00000000e+00j -11.85094129-8.88178420e-16j]
         [ 62.29225382+7.10542736e-15j   0.        +0.00000000e+00j  -5.3175999 -6.66133815e-16j  23.78495358-7.10542736e-15j   8.52315018+1.77635684e-15j -44.96590437+0.00000000e+00j
          -13.77442036-1.77635684e-15j   7.22419621+1.77635684e-15j]
         [  3.65028426+8.88178420e-16j   5.3175999 +6.66133815e-16j   0.        +0.00000000e+00j -57.85720455+1.77635684e-15j -11.2714352 +0.00000000e+00j  -6.50415269-2.22044605e-15j
            2.92474079+8.88178420e-16j -18.58106538+1.77635684e-15j]
         [-17.62741162-3.44169138e-15j -23.78495358+7.10542736e-15j  57.85720455-1.77635684e-15j   0.        +0.00000000e+00j  14.44693862+2.22044605e-16j   2.10719272+0.00000000e+00j
            5.95183047+0.00000000e+00j  14.3937485 -1.33226763e-15j]
         [  1.11564303+1.77635684e-15j  -8.52315018-1.77635684e-15j  11.2714352 +0.00000000e+00j -14.44693862-2.22044605e-16j   0.        +0.00000000e+00j -65.95941206+0.00000000e+00j
            0.21002677+4.44089210e-16j   2.37600741-8.88178420e-16j]
         [-15.69687655+0.00000000e+00j  44.96590437+0.00000000e+00j   6.50415269+2.22044605e-15j  -2.10719272+0.00000000e+00j  65.95941206+0.00000000e+00j   0.        +0.00000000e+00j
           11.4829448 -8.88178420e-16j  26.1646137 -2.66453526e-15j]
         [ 10.75292527+0.00000000e+00j  13.77442036+1.77635684e-15j  -2.92474079-8.88178420e-16j  -5.95183047+0.00000000e+00j  -0.21002677-4.44089210e-16j -11.4829448 +8.88178420e-16j
            0.        +0.00000000e+00j  -6.59277275-5.32907052e-15j]
         [ 11.85094129+8.88178420e-16j  -7.22419621-1.77635684e-15j  18.58106538-1.77635684e-15j -14.3937485 +1.33226763e-15j  -2.37600741+8.88178420e-16j -26.1646137 +2.66453526e-15j
            6.59277275+5.32907052e-15j   0.        +0.00000000e+00j]]
        labels=[('kl', 'JYGrjZpS'), ('kl*', 'JYGrjZpS*')],
        shape=(8, 8),
    )
    eigvals of hessian_by_real_M: DiagonalTensor(
        [ 34.62181347  42.71788814  65.13623557  77.25724951 109.33124143 135.59547771 153.50767439 185.05239377]
        labels=['nMJofVgx', 'nMJofVgx'],
        shape=(8, 8),
    )
    eigvals of hessian_by_imag_M: DiagonalTensor(
        [-105.48099149  -71.74838067  -42.03145469   -5.54909875   11.10562176   47.99862628   74.65202557   91.05365199]
        labels=['ILDhGeGl', 'ILDhGeGl'],
        shape=(8, 8),
    )
WLBOR:
    iter_times, elapsed_time, sqdiff: 300, 1.2725486755371094, 0.5560081135245849
    MSN: Tensor(
        [[-0.72535754+0.18363634j  0.38441798+0.45246918j  1.01166564+0.86474847j -0.72385866-0.53904179j]
         [-0.62446163+0.71665274j -0.74072382-0.11168476j  0.29316978-0.39989098j -0.47389224+0.34750191j]
         [ 0.51284047-0.60961952j  0.41511448-0.37705865j -0.35916256-0.1508971j   0.41977091-0.03908564j]
         [-1.23389755+0.18486261j -0.42340193-0.38339525j  0.78558923+0.24309495j -0.82051312-0.26757085j]]
        labels=['kl', 'kr'],
        shape=(4, 4),
    )
    grad_by_real_M: Tensor(
        [-1.96533365e-08-4.51028104e-16j  1.19020027e-08-3.95462742e-16j -4.43803183e-09+3.33066907e-16j -3.24608979e-08+1.36696210e-15j -3.89569121e-09-1.08246745e-15j -1.05742599e-08+1.31838984e-16j
          2.59995395e-08+1.44328993e-15j -2.49651979e-08+1.58206781e-15j]
        labels=[('kl', 'JYGrjZpS')],
        shape=(8,),
    )
    grad_by_imag_M: Tensor(
        [ 8.05202694e-09+2.26034469e-15j -8.79793437e-09-2.34187669e-16j  1.26346174e-08+6.66133815e-16j -8.14626538e-09+6.67001177e-16j  1.52963478e-09-9.08995101e-16j  2.21500256e-08+2.11636264e-16j
          7.92282906e-09+2.18575158e-15j  1.38409240e-08-1.11022302e-15j]
        labels=[('kl', 'JYGrjZpS')],
        shape=(8,),
    )
    hessian_by_real_M: Tensor(
        [[ 60.32262546+1.77635684e-15j  13.21321866-4.44089210e-16j  -0.97880268+2.22044605e-16j  -2.62287426-1.11022302e-15j  11.13158834+3.33066907e-16j -11.99969775+0.00000000e+00j
          -10.91337408-3.33066907e-16j   3.22016225-8.88178420e-16j]
         [ 13.21321866-4.44089210e-16j  36.10391526+0.00000000e+00j  -0.19599786-4.44089210e-16j -13.79350075+0.00000000e+00j  12.05105871+4.44089210e-16j  -5.84721538-1.77635684e-15j
           -6.97882891+0.00000000e+00j   8.49138536+0.00000000e+00j]
         [ -0.97880268+2.22044605e-16j  -0.19599786-4.44089210e-16j  48.78216807-4.44089210e-16j  11.28481383+4.44089210e-16j   6.58484075+0.00000000e+00j   5.50084808+0.00000000e+00j
          -14.44475477-8.88178420e-16j  17.58596535-4.44089210e-16j]
         [ -2.62287426-1.11022302e-15j -13.79350075+0.00000000e+00j  11.28481383+4.44089210e-16j  39.76585205-3.55271368e-15j   4.24267552+0.00000000e+00j   1.61281139-2.22044605e-16j
            1.3591384 -1.77635684e-15j  -2.26537803-7.49400542e-16j]
         [ 11.13158834+3.33066907e-16j  12.05105871+4.44089210e-16j   6.58484075+0.00000000e+00j   4.24267552+0.00000000e+00j  53.55501941+0.00000000e+00j  12.46628452+0.00000000e+00j
            4.21439847-8.88178420e-16j   2.3219284 -6.66133815e-16j]
         [-11.99969775+0.00000000e+00j  -5.84721538-1.77635684e-15j   5.50084808+0.00000000e+00j   1.61281139-2.22044605e-16j  12.46628452+0.00000000e+00j  50.97921646-3.55271368e-15j
            2.52056589-8.88178420e-16j  -3.95775753-8.88178420e-16j]
         [-10.91337408-3.33066907e-16j  -6.97882891+0.00000000e+00j -14.44475477-8.88178420e-16j   1.3591384 -1.77635684e-15j   4.21439847-8.88178420e-16j   2.52056589-8.88178420e-16j
           60.98378933-1.77635684e-15j -19.63392796-8.88178420e-16j]
         [  3.22016225-8.88178420e-16j   8.49138536+0.00000000e+00j  17.58596535-4.44089210e-16j  -2.26537803-7.49400542e-16j   2.3219284 -6.66133815e-16j  -3.95775753-8.88178420e-16j
          -19.63392796-8.88178420e-16j  52.41205493+0.00000000e+00j]]
        labels=[('kl', 'JYGrjZpS'), ('kl*', 'JYGrjZpS*')],
        shape=(8, 8),
    )
    hessian_by_imag_M: Tensor(
        [[  0.        +0.00000000e+00j  -4.19522197+8.88178420e-16j  -3.36033489+4.44089210e-16j  -1.13364528+4.44089210e-16j   1.2432235 +1.77635684e-15j   2.48100455+0.00000000e+00j
            0.98233781+0.00000000e+00j -13.54798382+0.00000000e+00j]
         [  4.19522197-8.88178420e-16j   0.        +0.00000000e+00j  -3.76037052+3.05311332e-16j  12.13488936+0.00000000e+00j  -5.46960698+8.88178420e-16j  -9.05257632-4.44089210e-16j
          -12.81572564-4.44089210e-16j  -1.5347011 +0.00000000e+00j]
         [  3.36033489-4.44089210e-16j   3.76037052-3.05311332e-16j   0.        +0.00000000e+00j  -4.01819102+0.00000000e+00j  -8.30498755-4.44089210e-16j  -2.96649612+4.44089210e-16j
           -2.79400618+0.00000000e+00j   4.12278835-1.77635684e-15j]
         [  1.13364528-4.44089210e-16j -12.13488936+0.00000000e+00j   4.01819102+0.00000000e+00j   0.        +0.00000000e+00j  -2.95425916-4.44089210e-16j   2.03863003+0.00000000e+00j
           10.46238393-8.88178420e-16j  -0.48391882+0.00000000e+00j]
         [ -1.2432235 -1.77635684e-15j   5.46960698-8.88178420e-16j   8.30498755+4.44089210e-16j   2.95425916+4.44089210e-16j   0.        +0.00000000e+00j  -2.34584144+8.88178420e-16j
           -3.82587646+0.00000000e+00j   0.61888869+6.66133815e-16j]
         [ -2.48100455+0.00000000e+00j   9.05257632+4.44089210e-16j   2.96649612-4.44089210e-16j  -2.03863003+0.00000000e+00j   2.34584144-8.88178420e-16j   0.        +0.00000000e+00j
            4.630029  -4.44089210e-16j  12.23466559+0.00000000e+00j]
         [ -0.98233781+0.00000000e+00j  12.81572564+4.44089210e-16j   2.79400618+0.00000000e+00j -10.46238393+8.88178420e-16j   3.82587646+0.00000000e+00j  -4.630029  +4.44089210e-16j
            0.        +0.00000000e+00j  11.01828116+3.55271368e-15j]
         [ 13.54798382+0.00000000e+00j   1.5347011 +0.00000000e+00j  -4.12278835+1.77635684e-15j   0.48391882+0.00000000e+00j  -0.61888869-6.66133815e-16j -12.23466559+0.00000000e+00j
          -11.01828116-3.55271368e-15j   0.        +0.00000000e+00j]]
        labels=[('kl', 'JYGrjZpS'), ('kl*', 'JYGrjZpS*')],
        shape=(8, 8),
    )
    eigvals of hessian_by_real_M: DiagonalTensor(
        [16.84655044 26.37307873 28.30031518 41.68920308 49.42849735 68.76419214 74.67025603 96.83254801]
        labels=['ChutFlBC', 'ChutFlBC'],
        shape=(8, 8),
    )
    eigvals of hessian_by_imag_M: DiagonalTensor(
        [-26.37214857 -16.49571751 -12.19807384  -5.60089061   3.00958984  11.41349992  16.92204104  29.32169973]
        labels=['mRzRULHJ', 'mRzRULHJ'],
        shape=(8, 8),
    )
WNAG:
    iter_times, elapsed_time, sqdiff: 300, 0.4566798210144043, 0.5728457571135211
    MSN: Tensor(
        [[-0.72942819+0.19133464j  0.39201446+0.44270138j  1.02953586+0.85307006j -0.73610355-0.53220785j]
         [-0.6177057 +0.72252131j -0.74262265-0.10838676j  0.28923216-0.40641873j -0.47078413+0.3539009j ]
         [ 0.509558  -0.61397221j  0.41094944-0.37684761j -0.36361759-0.14565429j  0.42184496-0.04332331j]
         [-1.23423229+0.19635828j -0.42370265-0.38482525j  0.79373224+0.23250569j -0.8269239 -0.2589052j ]]
        labels=['kl', 'kr'],
        shape=(4, 4),
    )
    grad_by_real_M: Tensor(
        [ 2224.88568754+3.86535248e-12j -1426.6528715 -1.08002496e-12j   390.50229085-5.68434189e-12j   210.10703061+1.70530257e-12j  -979.52755943-2.84217094e-12j   526.67143882+2.00373051e-12j
          1933.28977331-1.70530257e-12j -1258.90756095+1.08002496e-12j]
        labels=[('kl', 'JYGrjZpS')],
        shape=(8,),
    )
    grad_by_imag_M: Tensor(
        [ 1814.53489538-3.41060513e-12j  -326.37330445+2.50111043e-12j -1719.8844039 +3.55271368e-12j   874.09814203-2.91322522e-12j  -350.53521162-3.29691829e-12j   -61.22393722+8.52651283e-13j
          1662.18197774-1.70530257e-12j  -322.8216864 +3.41060513e-13j]
        labels=[('kl', 'JYGrjZpS')],
        shape=(8,),
    )
    hessian_by_real_M: Tensor(
        [[ 4.58986566e+08-1.49011612e-08j -2.09739423e+08+2.23517418e-08j -1.07244588e+08+0.00000000e+00j  7.01406167e+07+0.00000000e+00j  1.86255644e+07+3.72529030e-09j -9.45937831e+05-1.86264515e-09j
           3.06737293e+07-7.45058060e-09j -3.51061040e+07+0.00000000e+00j]
         [-2.09739423e+08+2.23517418e-08j  1.19276138e+08-7.45058060e-09j  2.78569857e+07+0.00000000e+00j -2.78624846e+07+0.00000000e+00j -1.60915320e+07-9.31322575e-10j  4.84553062e+06+0.00000000e+00j
           7.09100247e+06+0.00000000e+00j  7.96262816e+06+0.00000000e+00j]
         [-1.07244588e+08+0.00000000e+00j  2.78569857e+07+0.00000000e+00j  4.53353144e+08+0.00000000e+00j -2.07158789e+08+0.00000000e+00j  4.50004814e+07+0.00000000e+00j -2.51334492e+07+0.00000000e+00j
          -5.93788314e+07-3.72529030e-09j  1.27491811e+07+3.72529030e-09j]
         [ 7.01406167e+07+0.00000000e+00j -2.78624846e+07+0.00000000e+00j -2.07158789e+08+0.00000000e+00j  1.17806319e+08+0.00000000e+00j -1.59983412e+07-3.72529030e-09j  1.16975385e+07+4.65661287e-10j
           4.15206304e+07-9.31322575e-10j -1.54264525e+07+0.00000000e+00j]
         [ 1.86255644e+07+3.72529030e-09j -1.60915320e+07-9.31322575e-10j  4.50004814e+07+0.00000000e+00j -1.59983412e+07-3.72529030e-09j  5.76154051e+08+0.00000000e+00j -2.63269300e+08+0.00000000e+00j
          -3.18385708e+07+0.00000000e+00j  3.65973547e+07+0.00000000e+00j]
         [-9.45937831e+05-1.86264515e-09j  4.84553062e+06+0.00000000e+00j -2.51334492e+07+0.00000000e+00j  1.16975385e+07+4.65661287e-10j -2.63269300e+08+0.00000000e+00j  1.49713180e+08+1.49011612e-08j
          -7.50763762e+06+0.00000000e+00j -8.26882658e+06+0.00000000e+00j]
         [ 3.06737293e+07-7.45058060e-09j  7.09100247e+06+0.00000000e+00j -5.93788314e+07-3.72529030e-09j  4.15206304e+07-9.31322575e-10j -3.18385708e+07+0.00000000e+00j -7.50763762e+06+0.00000000e+00j
           6.36610015e+08+2.23517418e-08j -2.90889895e+08+0.00000000e+00j]
         [-3.51061040e+07+0.00000000e+00j  7.96262816e+06+0.00000000e+00j  1.27491811e+07+3.72529030e-09j -1.54264525e+07+0.00000000e+00j  3.65973547e+07+0.00000000e+00j -8.26882658e+06+0.00000000e+00j
          -2.90889895e+08+0.00000000e+00j  1.65403682e+08+0.00000000e+00j]]
        labels=[('kl', 'JYGrjZpS'), ('kl*', 'JYGrjZpS*')],
        shape=(8, 8),
    )
    hessian_by_imag_M: Tensor(
        [[ 0.00000000e+00+0.00000000e+00j -1.03708811e+08+0.00000000e+00j  9.35815048e+07+0.00000000e+00j -1.85216216e+07+0.00000000e+00j  3.35481304e+07-1.86264515e-09j -1.95421437e+07-4.65661287e-10j
          -9.33448654e+07+7.45058060e-09j  3.57273770e+07+0.00000000e+00j]
         [ 1.03708811e+08+0.00000000e+00j  0.00000000e+00+0.00000000e+00j -6.69867909e+07+5.58793545e-09j  2.43092743e+07-1.86264515e-09j -1.11321574e+07+0.00000000e+00j  8.72106144e+06-4.65661287e-10j
           4.95884166e+07-4.65661287e-09j -2.42631979e+07+1.39698386e-09j]
         [-9.35815048e+07+0.00000000e+00j  6.69867909e+07-5.58793545e-09j  0.00000000e+00+0.00000000e+00j -1.02435832e+08+1.49011612e-08j -2.02112787e+07+0.00000000e+00j -9.29974211e+05+0.00000000e+00j
          -6.37145525e+07+0.00000000e+00j  4.25200128e+07-9.31322575e-10j]
         [ 1.85216216e+07+0.00000000e+00j -2.43092743e+07+1.86264515e-09j  1.02435832e+08-1.49011612e-08j  0.00000000e+00+0.00000000e+00j  1.94110019e+07-3.72529030e-09j -5.25694711e+06+9.31322575e-10j
           1.57094426e+07-3.72529030e-09j -1.65522051e+07+9.31322575e-10j]
         [-3.35481304e+07+1.86264515e-09j  1.11321574e+07+0.00000000e+00j  2.02112787e+07+0.00000000e+00j -1.94110019e+07+3.72529030e-09j  0.00000000e+00+0.00000000e+00j -1.30181139e+08-1.49011612e-08j
           9.75917299e+07-1.86264515e-09j -3.73964378e+07+3.72529030e-09j]
         [ 1.95421437e+07+4.65661287e-10j -8.72106144e+06+4.65661287e-10j  9.29974211e+05+0.00000000e+00j  5.25694711e+06-9.31322575e-10j  1.30181139e+08+1.49011612e-08j  0.00000000e+00+0.00000000e+00j
          -5.17790291e+07+4.65661287e-09j  2.53543873e+07+0.00000000e+00j]
         [ 9.33448654e+07-7.45058060e-09j -4.95884166e+07+4.65661287e-09j  6.37145525e+07+0.00000000e+00j -1.57094426e+07+3.72529030e-09j -9.75917299e+07+1.86264515e-09j  5.17790291e+07-4.65661287e-09j
           0.00000000e+00+0.00000000e+00j -1.43807883e+08+0.00000000e+00j]
         [-3.57273770e+07+0.00000000e+00j  2.42631979e+07-1.39698386e-09j -4.25200128e+07+9.31322575e-10j  1.65522051e+07-9.31322575e-10j  3.73964378e+07-3.72529030e-09j -2.53543873e+07+0.00000000e+00j
           1.43807883e+08+0.00000000e+00j  0.00000000e+00+0.00000000e+00j]]
        labels=[('kl', 'JYGrjZpS'), ('kl*', 'JYGrjZpS*')],
        shape=(8, 8),
    )
    eigvals of hessian_by_real_M: DiagonalTensor(
        [1.27578405e+07 2.15083303e+07 2.29590790e+07 2.59222295e+07 4.16217614e+08 6.42926795e+08 6.94850075e+08 8.40161133e+08]
        labels=['ChutFlBC', 'ChutFlBC'],
        shape=(8, 8),
    )
    eigvals of hessian_by_imag_M: DiagonalTensor(
        [-3.31404356e+08 -1.78408413e+08 -4.06052426e+07  1.93744219e+07  9.44562043e+07  1.21334814e+08  1.30438783e+08  1.84813787e+08]
        labels=['mRzRULHJ', 'mRzRULHJ'],
        shape=(8, 8),
    )
SNAG:
    iter_times, elapsed_time, sqdiff: 300, 0.4152212142944336, 0.5560081135245829
    MSN: Tensor(
        [[-0.72535754+0.18363634j  0.38441797+0.45246918j  1.01166564+0.86474847j -0.72385866-0.53904179j]
         [-0.62446163+0.71665274j -0.74072382-0.11168476j  0.29316978-0.39989098j -0.47389224+0.34750191j]
         [ 0.51284047-0.60961952j  0.41511448-0.37705865j -0.35916256-0.1508971j   0.41977091-0.03908565j]
         [-1.23389755+0.1848626j  -0.42340193-0.38339526j  0.78558923+0.24309495j -0.82051312-0.26757085j]]
        labels=['kl', 'kr'],
        shape=(4, 4),
    )
    grad_by_real_M: Tensor(
        [ 3.39658857e-15-1.49880108e-15j  6.66448233e-15+1.35134959e-15j -9.35362898e-15+1.12410081e-15j -2.02685091e-14-1.93942085e-15j -3.19050342e-14+5.27355937e-16j  1.83429660e-14-6.80011603e-16j
          6.45750814e-15+2.08166817e-15j -3.39554773e-14-2.53963517e-15j]
        labels=[('kl', 'JYGrjZpS')],
        shape=(8,),
    )
    grad_by_imag_M: Tensor(
        [-2.01158534e-14-6.97358837e-16j  2.44543968e-14-4.63171168e-16j  3.67761377e-15+9.71445147e-16j -1.82874549e-14-3.53883589e-16j -3.41393580e-15-4.37150316e-16j -3.41809914e-14+5.10008702e-16j
          3.25572902e-14+1.20303073e-15j -9.86710713e-15+1.48839274e-15j]
        labels=[('kl', 'JYGrjZpS')],
        shape=(8,),
    )
    hessian_by_real_M: Tensor(
        [[ 41.26126353+8.88178420e-16j -16.51618519+0.00000000e+00j  -7.02394014+0.00000000e+00j   7.15120247+0.00000000e+00j  -0.12824923+4.44089210e-16j  -7.97368595+8.88178420e-16j
           -0.84563691+8.88178420e-16j  -2.27976365+0.00000000e+00j]
         [-16.51618519+0.00000000e+00j  29.92326567+0.00000000e+00j  -3.16390288-4.44089210e-16j  -9.61780829+0.00000000e+00j   9.14361635-2.22044605e-16j  -4.63884268-1.77635684e-15j
            4.76644429+0.00000000e+00j   5.00681049+0.00000000e+00j]
         [ -7.02394014+0.00000000e+00j  -3.16390288-4.44089210e-16j  38.13248316+0.00000000e+00j -14.51313752+0.00000000e+00j   5.61510114+6.66133815e-16j  -1.13404427-2.77555756e-16j
            1.69727627+0.00000000e+00j   4.77966086+0.00000000e+00j]
         [  7.15120247+0.00000000e+00j  -9.61780829+0.00000000e+00j -14.51313752+0.00000000e+00j  31.39639635+0.00000000e+00j  -2.15471931-2.22044605e-16j   0.77626494+0.00000000e+00j
           -4.13287139+4.44089210e-16j  -3.50512706-1.11022302e-16j]
         [ -0.12824923+4.44089210e-16j   9.14361635-2.22044605e-16j   5.61510114+6.66133815e-16j  -2.15471931-2.22044605e-16j  44.30966718+0.00000000e+00j -15.37709977-1.77635684e-15j
            1.67414293+4.44089210e-16j   5.44393444-2.77555756e-16j]
         [ -7.97368595+8.88178420e-16j  -4.63884268-1.77635684e-15j  -1.13404427-2.77555756e-16j   0.77626494+0.00000000e+00j -15.37709977-1.77635684e-15j  38.28013285-1.77635684e-15j
           -8.84476301-1.11022302e-16j  -1.66927188+4.44089210e-16j]
         [ -0.84563691+8.88178420e-16j   4.76644429+0.00000000e+00j   1.69727627+0.00000000e+00j  -4.13287139+4.44089210e-16j   1.67414293+4.44089210e-16j  -8.84476301-1.11022302e-16j
