b=4, chi=2, seed=260, 
NOR:
    iter_times, elapsed_time, sqdiff: 300, 0.5129261016845703, 4.420241485849866
    MSN: Tensor(
        [[-0.33265853-0.0449463j  -0.14874561-0.18201594j  0.93501953-0.1145781j   0.56719411+0.24706408j]
         [-0.24057037+0.16415194j -0.04347689-0.60065475j  0.98467704+0.86177827j  0.68952694+0.4659104j ]
         [-0.76899315-0.12755824j -0.04804582-0.10490743j  1.09140214-0.52626963j  0.83683267+0.46540271j]
         [-0.54910781+1.0370806j   0.62896044-0.61287857j -1.11612723+0.70607353j  0.66563976+0.09652684j]]
        labels=['kl', 'kr'],
        shape=(4, 4),
    )
    grad_by_real_M: Tensor(
        [ 6.43929354e-15+2.49800181e-16j  6.10622664e-15+1.33226763e-15j -4.16333634e-16-3.05311332e-16j  7.60502772e-15+9.71445147e-17j -5.46784840e-15-5.55111512e-17j  1.40998324e-14+0.00000000e+00j
         -8.24340596e-15+5.82867088e-16j  1.25177646e-14-5.20417043e-16j]
        labels=[('kl', 'nXdZmONo')],
        shape=(8,),
    )
    grad_by_imag_M: Tensor(
        [ 1.25732758e-14-4.44089210e-16j -8.43769499e-15+1.11022302e-16j  1.02695630e-15+6.93889390e-16j -3.67761377e-15+3.88578059e-16j -1.75137682e-14+4.16333634e-16j  4.21884749e-15-1.11022302e-15j
          9.15933995e-16-5.82867088e-16j -1.08732467e-14+1.13797860e-15j]
        labels=[('kl', 'nXdZmONo')],
        shape=(8,),
    )
    hessian_by_M: Tensor(
        [[ 70.64868459-3.55271368e-15j  -8.89408951+3.55271368e-15j   2.55361515+8.88178420e-16j  -4.93715467+2.22044605e-16j  -2.65958159+2.22044605e-16j  -4.70579917-4.44089210e-16j
            4.57746842+8.88178420e-16j  -9.40466697+1.77635684e-15j]
         [ -8.89408951+3.55271368e-15j  63.3091232 -8.88178420e-16j  -5.86552984-4.44089210e-16j   2.92145536+0.00000000e+00j  12.35516897-4.44089210e-16j  -3.84015974+0.00000000e+00j
           -3.40261825+0.00000000e+00j   1.29500207+3.88578059e-16j]
         [  2.55361515+8.88178420e-16j  -5.86552984-4.44089210e-16j  60.32110197+3.55271368e-15j  -8.16819339+2.22044605e-15j   1.41492352+0.00000000e+00j   5.78505942+2.22044605e-16j
           15.60928041+2.66453526e-15j  10.69604777+8.88178420e-16j]
         [ -4.93715467+2.22044605e-16j   2.92145536+0.00000000e+00j  -8.16819339+2.22044605e-15j  40.16799052+8.88178420e-16j   1.16371106+0.00000000e+00j  -4.36008153+8.88178420e-16j
          -11.57452348+0.00000000e+00j   8.22810878+3.33066907e-16j]
         [ -2.65958159+2.22044605e-16j  12.35516897-4.44089210e-16j   1.41492352+0.00000000e+00j   1.16371106+0.00000000e+00j  66.24379182+0.00000000e+00j -14.75070938-4.44089210e-15j
            4.6652444 +1.55431223e-15j  -4.51517344-8.88178420e-16j]
         [ -4.70579917-4.44089210e-16j  -3.84015974+0.00000000e+00j   5.78505942+2.22044605e-16j  -4.36008153+8.88178420e-16j -14.75070938-4.44089210e-15j  37.45759597+8.88178420e-16j
           -6.89268716-4.44089210e-16j   7.06552787-8.88178420e-16j]
         [  4.57746842+8.88178420e-16j  -3.40261825+0.00000000e+00j  15.60928041+2.66453526e-15j -11.57452348+0.00000000e+00j   4.6652444 +1.55431223e-15j  -6.89268716-4.44089210e-16j
           66.88603684+0.00000000e+00j   7.91295963-8.88178420e-16j]
         [ -9.40466697+1.77635684e-15j   1.29500207+3.88578059e-16j  10.69604777+8.88178420e-16j   8.22810878+3.33066907e-16j  -4.51517344-8.88178420e-16j   7.06552787-8.88178420e-16j
            7.91295963-8.88178420e-16j  52.4015516 -8.88178420e-16j]]
        labels=[('kl', 'nXdZmONo'), ('kl*', 'nXdZmONo*')],
        shape=(8, 8),
    )
    eigvals of hessian_by_M: DiagonalTensor(
        [23.29533601 31.76342535 48.04538181 49.63421592 51.74920417 78.6388671  83.06462873 91.24481744]
        labels=['BFHtRQtJ', 'BFHtRQtJ'],
        shape=(8, 8),
    )
WCOR:
    iter_times, elapsed_time, sqdiff: 300, 0.57100510597229, 4.420241485849865
    MSN: Tensor(
        [[-0.33265853-0.0449463j  -0.14874561-0.18201594j  0.93501953-0.1145781j   0.56719411+0.24706408j]
         [-0.24057037+0.16415194j -0.04347689-0.60065475j  0.98467704+0.86177827j  0.68952694+0.4659104j ]
         [-0.76899315-0.12755824j -0.04804582-0.10490743j  1.09140214-0.52626963j  0.83683267+0.46540271j]
         [-0.54910781+1.0370806j   0.62896044-0.61287857j -1.11612723+0.70607353j  0.66563976+0.09652684j]]
        labels=['kl', 'kr'],
        shape=(4, 4),
    )
    grad_by_real_M: Tensor(
        [-3.83026943e-15+8.32667268e-17j -7.99360578e-15+3.33066907e-16j  1.00475184e-14-3.88578059e-16j -1.39610545e-14-4.71844785e-16j  1.04638520e-14-2.05391260e-15j  6.49480469e-15-6.66133815e-16j
         -1.56541446e-14-1.29757316e-15j  1.06026299e-14-8.60422844e-16j]
        labels=[('kl', 'nXdZmONo')],
        shape=(8,),
    )
    grad_by_imag_M: Tensor(
        [ 1.31283873e-14-1.72084569e-15j  5.21804822e-15-1.99840144e-15j  1.88737914e-14+6.66133815e-16j  9.43689571e-16-4.16333634e-16j -1.80688797e-14-5.82867088e-16j  8.65973959e-15+3.88578059e-16j
          2.72074030e-14+1.05471187e-15j  4.05231404e-15-1.11022302e-16j]
        labels=[('kl', 'nXdZmONo')],
        shape=(8,),
    )
    hessian_by_M: Tensor(
        [[ 65.48316882-3.55271368e-15j -11.36823028+0.00000000e+00j   2.11537732-8.88178420e-16j  -3.82250674+4.44089210e-16j  -2.73251037+4.44089210e-16j  -2.78712052+4.44089210e-16j
            3.9447795 +0.00000000e+00j  -7.85534707+0.00000000e+00j]
         [-11.36823028+0.00000000e+00j  56.73942982+0.00000000e+00j  -5.90673228-5.55111512e-16j   3.14235296+2.22044605e-16j  10.29637495+0.00000000e+00j  -3.73382566-8.88178420e-16j
           -3.83921552+4.44089210e-16j   1.82593115-3.33066907e-16j]
         [  2.11537732-8.88178420e-16j  -5.90673228-5.55111512e-16j  55.60502849+0.00000000e+00j -10.06966165-1.77635684e-15j   0.6532941 +2.22044605e-16j   4.57580457-1.11022302e-16j
           14.77875917-8.88178420e-16j   9.22895614-5.55111512e-16j]
         [ -3.82250674+4.44089210e-16j   3.14235296+2.22044605e-16j -10.06966165-1.77635684e-15j  36.33933864+0.00000000e+00j   2.37763693-8.88178420e-16j  -4.09751778-4.44089210e-16j
          -11.88782592+0.00000000e+00j   7.28974906-4.44089210e-16j]
         [ -2.73251037+4.44089210e-16j  10.29637495+0.00000000e+00j   0.6532941 +2.22044605e-16j   2.37763693-8.88178420e-16j  64.07487064+0.00000000e+00j -18.15713111-8.88178420e-16j
            4.66729635-8.88178420e-16j  -3.80918427+4.44089210e-16j]
         [ -2.78712052+4.44089210e-16j  -3.73382566-8.88178420e-16j   4.57580457-1.11022302e-16j  -4.09751778-4.44089210e-16j -18.15713111-8.88178420e-16j  34.29992244-1.77635684e-15j
           -7.38399972-4.44089210e-16j   6.75282078+0.00000000e+00j]
         [  3.9447795 +0.00000000e+00j  -3.83921552+4.44089210e-16j  14.77875917-8.88178420e-16j -11.88782592+0.00000000e+00j   4.66729635-8.88178420e-16j  -7.38399972-4.44089210e-16j
           61.94189564-3.55271368e-15j   4.07306349+8.88178420e-16j]
         [ -7.85534707+0.00000000e+00j   1.82593115-3.33066907e-16j   9.22895614-5.55111512e-16j   7.28974906-4.44089210e-16j  -3.80918427+4.44089210e-16j   6.75282078+0.00000000e+00j
            4.07306349+8.88178420e-16j  45.47413758+0.00000000e+00j]]
        labels=[('kl', 'nXdZmONo'), ('kl*', 'nXdZmONo*')],
        shape=(8, 8),
    )
    eigvals of hessian_by_M: DiagonalTensor(
        [19.89629919 27.0849265  42.4175892  45.69157466 46.94403283 71.31420001 80.09737864 86.51179104]
        labels=['BFHtRQtJ', 'BFHtRQtJ'],
        shape=(8, 8),
    )
WROR:
    iter_times, elapsed_time, sqdiff: 300, 0.5958888530731201, 4.420241485849864
    MSN: Tensor(
        [[-0.33265853-0.0449463j  -0.14874561-0.18201594j  0.93501953-0.1145781j   0.56719411+0.24706408j]
         [-0.24057037+0.16415194j -0.04347689-0.60065475j  0.98467704+0.86177827j  0.68952694+0.4659104j ]
         [-0.76899315-0.12755824j -0.04804582-0.10490743j  1.09140214-0.52626963j  0.83683267+0.46540271j]
         [-0.54910781+1.0370806j   0.62896044-0.61287857j -1.11612723+0.70607353j  0.66563976+0.09652684j]]
        labels=['kl', 'kr'],
        shape=(4, 4),
    )
    grad_by_real_M: Tensor(
        [-1.32394096e-14+8.88178420e-16j -3.46389584e-13+4.16333634e-16j  1.88099536e-13-1.05818132e-16j -2.12154946e-13+2.22044605e-16j -9.49768042e-13-7.77156117e-16j  7.53175300e-13+1.17961196e-15j
          4.10185774e-13+8.46545056e-16j -5.22093653e-13-4.44089210e-16j]
        labels=[('kl', 'nXdZmONo')],
        shape=(8,),
    )
    grad_by_imag_M: Tensor(
        [ 1.52655666e-13-1.80411242e-15j -6.98607838e-14+2.22044605e-15j -2.59707186e-13+1.11022302e-16j  2.32258657e-13-1.68268177e-16j -6.93889390e-14-9.15933995e-16j -1.82034943e-13+4.44089210e-16j
          6.16881546e-13-8.46545056e-16j -3.49609230e-13+6.32306707e-16j]
        labels=[('kl', 'nXdZmONo')],
        shape=(8,),
    )
    hessian_by_M: Tensor(
        [[ 77.01784908+2.55351296e-15j -57.82561717-3.55271368e-15j   0.94349017-8.88178420e-16j  -2.23875304+4.44089210e-16j  -5.6030763 -2.22044605e-16j   5.62304545+2.22044605e-16j
            0.98559952+0.00000000e+00j   1.5134838 +2.22044605e-16j]
         [-57.82561717-3.55271368e-15j  56.51087966+1.77635684e-15j  -1.04056705+4.44089210e-16j   1.68936616-7.77156117e-16j   4.27999365+1.66533454e-16j  -4.84991003+1.38777878e-17j
           -4.695142  -8.88178420e-16j   1.25388483+1.11022302e-16j]
         [  0.94349017-8.88178420e-16j  -1.04056705+4.44089210e-16j  56.19593994-1.33226763e-15j -41.41542996+1.77635684e-15j  -6.35833393+5.55111512e-16j   3.85322628-4.44089210e-16j
           16.54047035+8.88178420e-16j  -7.2433912 +0.00000000e+00j]
         [ -2.23875304+4.44089210e-16j   1.68936616-7.77156117e-16j -41.41542996+1.77635684e-15j  38.99148225+1.77635684e-15j   7.82900502-2.22044605e-16j  -6.04671763-6.66133815e-16j
          -16.39695956-5.55111512e-16j  10.79976075+0.00000000e+00j]
         [ -5.6030763 -2.22044605e-16j   4.27999365+1.66533454e-16j  -6.35833393+5.55111512e-16j   7.82900502-2.22044605e-16j  81.59660582-6.66133815e-16j -61.33427111+1.77635684e-15j
            9.05342038-8.88178420e-16j  -3.15496537-1.77635684e-15j]
         [  5.62304545+2.22044605e-16j  -4.84991003+1.38777878e-17j   3.85322628-4.44089210e-16j  -6.04671763-6.66133815e-16j -61.33427111+1.77635684e-15j  56.3266819 +0.00000000e+00j
          -12.70585142+0.00000000e+00j   7.87024205+0.00000000e+00j]
         [  0.98559952+0.00000000e+00j  -4.695142  -8.88178420e-16j  16.54047035+8.88178420e-16j -16.39695956-5.55111512e-16j   9.05342038-8.88178420e-16j -12.70585142+0.00000000e+00j
           69.25731686-4.44089210e-16j -48.58465246-1.77635684e-15j]
         [  1.5134838 +2.22044605e-16j   1.25388483+1.11022302e-16j  -7.2433912 +0.00000000e+00j  10.79976075+0.00000000e+00j  -3.15496537-1.77635684e-15j   7.87024205+0.00000000e+00j
          -48.58465246-1.77635684e-15j  46.89585669+5.32907052e-15j]]
        labels=[('kl', 'nXdZmONo'), ('kl*', 'nXdZmONo*')],
        shape=(8, 8),
    )
    eigvals of hessian_by_M: DiagonalTensor(
        [  3.99204345   6.27862412   7.55233255   8.71288532  66.47650518 116.00500394 129.99864553 143.77657213]
        labels=['AyHyqUiM', 'AyHyqUiM'],
        shape=(8, 8),
    )
IWROR:
    iter_times, elapsed_time, sqdiff: 300, 0.5415680408477783, 4.420241485849866
    MSN: Tensor(
        [[-0.33265853-0.0449463j  -0.14874561-0.18201594j  0.93501953-0.1145781j   0.56719411+0.24706408j]
         [-0.24057037+0.16415194j -0.04347689-0.60065475j  0.98467704+0.86177827j  0.68952694+0.4659104j ]
         [-0.76899315-0.12755824j -0.04804582-0.10490743j  1.09140214-0.52626963j  0.83683267+0.46540271j]
         [-0.54910781+1.0370806j   0.62896044-0.61287857j -1.11612723+0.70607353j  0.66563976+0.09652684j]]
        labels=['kl', 'kr'],
        shape=(4, 4),
    )
    grad_by_real_M: Tensor(
        [-3.64708264e-14+1.72084569e-15j -1.22124533e-15-2.62984079e-15j  1.81271664e-13-2.98372438e-16j -8.97198982e-14+1.31838984e-16j -2.21878071e-13+0.00000000e+00j  7.93809463e-14+1.30451205e-15j
         -3.61100039e-14-1.04083409e-15j  5.28466160e-14+7.91033905e-16j]
        labels=[('kl', 'nXdZmONo')],
        shape=(8,),
    )
    grad_by_imag_M: Tensor(
        [-9.95314942e-14+1.30451205e-15j  5.24788546e-14-5.55111512e-16j -3.49026363e-15+6.93889390e-16j  7.18383686e-14-3.53883589e-16j  1.29563027e-13-1.27675648e-15j -1.21087168e-13+4.44089210e-16j
         -4.73926454e-14-3.33066907e-16j -6.53643806e-15-4.57966998e-16j]
        labels=[('kl', 'nXdZmONo')],
        shape=(8,),
    )
    hessian_by_M: Tensor(
        [[ 65.44715078+0.00000000e+00j -40.89421827+0.00000000e+00j   0.26830738+1.33226763e-15j  -1.67921612+0.00000000e+00j  -4.1291658 +8.88178420e-16j   4.77533217+0.00000000e+00j
            0.59184712+1.77635684e-15j   1.8631997 -1.11022302e-16j]
         [-40.89421827+0.00000000e+00j  42.62824221+1.77635684e-15j  -1.4252562 -6.66133815e-16j   1.57823916+4.44089210e-16j   2.90741896+0.00000000e+00j  -3.78368821+1.66533454e-16j
           -5.3064566 +0.00000000e+00j   1.13605947-2.49800181e-16j]
         [  0.26830738+1.33226763e-15j  -1.4252562 -6.66133815e-16j  49.22756597+0.00000000e+00j -29.84917979+0.00000000e+00j  -4.18202189+0.00000000e+00j   1.96115102-2.22044605e-16j
           14.70174808-4.44089210e-16j  -3.54091442+0.00000000e+00j]
         [ -1.67921612+0.00000000e+00j   1.57823916+4.44089210e-16j -29.84917979+0.00000000e+00j  28.89224177+3.55271368e-15j   6.86044923+0.00000000e+00j  -4.76764292+5.55111512e-17j
          -13.53062606+1.33226763e-15j   7.73173135+0.00000000e+00j]
         [ -4.1291658 +8.88178420e-16j   2.90741896+0.00000000e+00j  -4.18202189+0.00000000e+00j   6.86044923+0.00000000e+00j  69.90348833+0.00000000e+00j -45.59297581+1.77635684e-15j
            6.70742828+4.44089210e-16j  -1.85570339-8.88178420e-16j]
         [  4.77533217+0.00000000e+00j  -3.78368821+1.66533454e-16j   1.96115102-2.22044605e-16j  -4.76764292+5.55111512e-17j -45.59297581+1.77635684e-15j  40.95224153-1.77635684e-15j
          -10.26899304-4.44089210e-16j   6.16902847+0.00000000e+00j]
         [  0.59184712+1.77635684e-15j  -5.3064566 +0.00000000e+00j  14.70174808-4.44089210e-16j -13.53062606+1.33226763e-15j   6.70742828+4.44089210e-16j -10.26899304-4.44089210e-16j
           61.44738205+2.66453526e-15j -33.10657783-1.77635684e-15j]
         [  1.8631997 -1.11022302e-16j   1.13605947-2.49800181e-16j  -3.54091442+0.00000000e+00j   7.73173135+0.00000000e+00j  -1.85570339-8.88178420e-16j   6.16902847+0.00000000e+00j
          -33.10657783-1.77635684e-15j  34.40230065+1.77635684e-15j]]
        labels=[('kl', 'nXdZmONo'), ('kl*', 'nXdZmONo*')],
        shape=(8, 8),
    )
    eigvals of hessian_by_M: DiagonalTensor(
        [  5.62232018   7.65032974  10.94231109  12.61996404  52.59457163  89.931057   101.72596443 111.81409518]
        labels=['KbKJchVL', 'KbKJchVL'],
        shape=(8, 8),
    )
WLBOR:
    iter_times, elapsed_time, sqdiff: 300, 1.4767441749572754, 4.420241485849864
    MSN: Tensor(
        [[-0.33265853-0.0449463j  -0.14874562-0.18201594j  0.93501952-0.1145781j   0.56719411+0.24706408j]
         [-0.24057037+0.16415194j -0.04347689-0.60065475j  0.98467704+0.86177827j  0.68952694+0.4659104j ]
         [-0.76899315-0.12755824j -0.04804583-0.10490743j  1.09140214-0.52626963j  0.83683267+0.46540271j]
         [-0.54910781+1.0370806j   0.62896044-0.61287857j -1.11612723+0.70607353j  0.66563976+0.09652684j]]
        labels=['kl', 'kr'],
        shape=(4, 4),
    )
    grad_by_real_M: Tensor(
        [-6.82556379e-08-9.71445147e-16j -1.91887081e-08-1.77635684e-15j  1.20230796e-08-2.22044605e-16j  1.90112299e-08+6.24500451e-16j  1.95288677e-08-7.63278329e-16j  1.32929419e-08+9.99200722e-16j
         -3.20117473e-08+9.02056208e-16j -3.98231753e-08-1.87350135e-16j]
        labels=[('kl', 'nXdZmONo')],
        shape=(8,),
    )
    grad_by_imag_M: Tensor(
        [-3.92421447e-08-1.27675648e-15j  2.68241824e-08+1.88737914e-15j -3.24764415e-08-5.55111512e-16j -3.71715235e-08+5.82867088e-16j  3.22658120e-08-9.15933995e-16j  1.57141432e-08+8.60422844e-16j
          2.24611108e-08-8.32667268e-17j  7.42121393e-09+0.00000000e+00j]
        labels=[('kl', 'nXdZmONo')],
        shape=(8,),
    )
    hessian_by_M: Tensor(
        [[ 70.60113501+3.55271368e-15j  -8.89078579+8.88178420e-16j   2.55545006-8.88178420e-16j  -4.93406196+0.00000000e+00j  -2.65812972-2.22044605e-16j  -4.7087522 +0.00000000e+00j
            4.57839678+0.00000000e+00j  -9.4041775 +8.88178420e-16j]
         [ -8.89078579+8.88178420e-16j  63.27426456-8.88178420e-16j  -5.86288535-3.33066907e-16j   2.91817425+0.00000000e+00j  12.35300184-2.22044605e-16j  -3.83595225+0.00000000e+00j
           -3.39450905+0.00000000e+00j   1.2922037 -7.77156117e-16j]
         [  2.55545006-8.88178420e-16j  -5.86288535-3.33066907e-16j  60.28180274+0.00000000e+00j  -8.16182922+1.77635684e-15j   1.41532154+0.00000000e+00j   5.78560072-4.44089210e-16j
           15.5963874 +8.88178420e-16j  10.69103328-1.11022302e-15j]
         [ -4.93406196+0.00000000e+00j   2.91817425+0.00000000e+00j  -8.16182922+1.77635684e-15j  40.14557013+1.77635684e-15j   1.15899613-8.88178420e-16j  -4.35485057+8.88178420e-16j
          -11.56583004+1.33226763e-15j   8.22325062-2.22044605e-16j]
         [ -2.65812972-2.22044605e-16j  12.35300184-2.22044605e-16j   1.41532154+0.00000000e+00j   1.15899613-8.88178420e-16j  66.18844592-3.55271368e-15j -14.73245796+8.88178420e-16j
            4.66286136-6.66133815e-16j  -4.51725697+0.00000000e+00j]
         [ -4.7087522 +0.00000000e+00j  -3.83595225+0.00000000e+00j   5.78560072-4.44089210e-16j  -4.35485057+8.88178420e-16j -14.73245796+8.88178420e-16j  37.42686517+0.00000000e+00j
           -6.88360991+0.00000000e+00j   7.05871955+0.00000000e+00j]
         [  4.57839678+0.00000000e+00j  -3.39450905+0.00000000e+00j  15.5963874 +8.88178420e-16j -11.56583004+1.33226763e-15j   4.66286136-6.66133815e-16j  -6.88360991+0.00000000e+00j
           66.83360238+7.10542736e-15j   7.90711583+0.00000000e+00j]
         [ -9.4041775 +8.88178420e-16j   1.2922037 -7.77156117e-16j  10.69103328-1.11022302e-15j   8.22325062-2.22044605e-16j  -4.51725697+0.00000000e+00j   7.05871955+0.00000000e+00j
            7.90711583+0.00000000e+00j  52.37973997+0.00000000e+00j]]
        labels=[('kl', 'nXdZmONo'), ('kl*', 'nXdZmONo*')],
        shape=(8, 8),
    )
    eigvals of hessian_by_M: DiagonalTensor(
        [23.28577707 31.7379344  48.01687678 49.59949555 51.71087863 78.59443915 83.00342486 91.18259944]
        labels=['BFHtRQtJ', 'BFHtRQtJ'],
        shape=(8, 8),
    )
WNAG:
    iter_times, elapsed_time, sqdiff: 300, 0.6112289428710938, 4.428947608750187
    MSN: Tensor(
        [[-0.33305181-0.05241856j -0.14855936-0.17908034j  0.93870606-0.11436253j  0.56313128+0.25202428j]
         [-0.23531217+0.15563133j -0.04744472-0.59830549j  0.9942746 +0.86436851j  0.68372354+0.46812292j]
         [-0.77097553-0.13730544j -0.04581342-0.10185493j  1.09425392-0.52303243j  0.83156377+0.47427805j]
         [-0.54624794+1.03984498j  0.62574608-0.61973732j -1.10495695+0.71718182j  0.67077267+0.09743961j]]
        labels=['kl', 'kr'],
        shape=(4, 4),
    )
    grad_by_real_M: Tensor(
        [-0.54001449-4.71844785e-16j  0.69733193+1.11022302e-15j -0.32970957+5.55111512e-16j  0.48836866-1.55431223e-15j -0.04300523+8.88178420e-16j -0.24766163+4.44089210e-16j -0.4317434 -2.22044605e-15j
          0.32396592+3.33066907e-15j]
        labels=[('kl', 'nXdZmONo')],
        shape=(8,),
    )
    grad_by_imag_M: Tensor(
        [-0.31844998-1.27675648e-15j -0.35317223+8.88178420e-16j -0.46758961-1.36002321e-15j  0.31757706+8.32667268e-17j -0.49421397-1.58206781e-15j  0.43143644+2.23432384e-15j -0.54782449+1.38777878e-15j
          0.87424235-2.44249065e-15j]
        labels=[('kl', 'nXdZmONo')],
        shape=(8,),
    )
    hessian_by_M: Tensor(
        [[ 126.30966979+0.00000000e+00j -113.4735154 +3.55271368e-15j    4.39192441+1.77635684e-15j   -4.4983931 +8.88178420e-16j   -9.69984153+0.00000000e+00j   13.58357396+0.00000000e+00j
             6.36143671-1.77635684e-15j  -18.06821244+1.77635684e-15j]
         [-113.4735154 +3.55271368e-15j  252.61039975+0.00000000e+00j  -22.49883815-1.77635684e-15j   22.11300186+3.55271368e-15j   17.24987429-1.33226763e-15j  -22.73256255+5.32907052e-15j
           -12.77013763+1.77635684e-15j   19.78044694+0.00000000e+00j]
         [   4.39192441+1.77635684e-15j  -22.49883815-1.77635684e-15j   98.89376654-3.55271368e-15j  -85.08990283+0.00000000e+00j   -8.38912105+4.44089210e-16j   10.1145846 +0.00000000e+00j
            28.02759069-4.44089210e-16j    4.22415398+2.66453526e-15j]
         [  -4.4983931 +8.88178420e-16j   22.11300186+3.55271368e-15j  -85.08990283+0.00000000e+00j  171.2618413 +0.00000000e+00j   21.5277035 +0.00000000e+00j  -22.93771026-8.88178420e-16j
           -44.63359822-8.88178420e-16j   34.38053799-1.77635684e-15j]
         [  -9.69984153+0.00000000e+00j   17.24987429-1.33226763e-15j   -8.38912105+4.44089210e-16j   21.5277035 +0.00000000e+00j  139.84855016+3.55271368e-15j -128.07448491-7.10542736e-15j
            15.40041581+0.00000000e+00j  -10.32726944-3.55271368e-15j]
         [  13.58357396+0.00000000e+00j  -22.73256255+5.32907052e-15j   10.1145846 +0.00000000e+00j  -22.93771026-8.88178420e-16j -128.07448491-7.10542736e-15j  186.34869074-1.42108547e-14j
           -37.58113162+3.55271368e-15j   38.38664509+3.55271368e-15j]
         [   6.36143671-1.77635684e-15j  -12.77013763+1.77635684e-15j   28.02759069-4.44089210e-16j  -44.63359822-8.88178420e-16j   15.40041581+0.00000000e+00j  -37.58113162+3.55271368e-15j
           108.70962644-5.32907052e-15j  -65.42561724-7.10542736e-15j]
         [ -18.06821244+1.77635684e-15j   19.78044694+0.00000000e+00j    4.22415398+2.66453526e-15j   34.38053799-1.77635684e-15j  -10.32726944-3.55271368e-15j   38.38664509+3.55271368e-15j
           -65.42561724-7.10542736e-15j  177.63783029+7.10542736e-15j]]
        labels=[('kl', 'nXdZmONo'), ('kl*', 'nXdZmONo*')],
        shape=(8, 8),
    )
    eigvals of hessian_by_M: DiagonalTensor(
        [ 29.79603642  36.34393757  58.26428968  62.58559908 157.8651739  245.60408504 313.46254456 357.69870876]
        labels=['BFHtRQtJ', 'BFHtRQtJ'],
        shape=(8, 8),
    )
SNAG:
    iter_times, elapsed_time, sqdiff: 300, 0.5667741298675537, 4.420241485849865
    MSN: Tensor(
        [[-0.33265853-0.0449463j  -0.14874561-0.18201594j  0.93501953-0.1145781j   0.56719411+0.24706408j]
         [-0.24057037+0.16415194j -0.04347689-0.60065475j  0.98467704+0.86177827j  0.68952694+0.4659104j ]
         [-0.76899315-0.12755824j -0.04804582-0.10490743j  1.09140214-0.52626963j  0.83683267+0.46540271j]
         [-0.54910781+1.0370806j   0.62896044-0.61287857j -1.11612723+0.70607353j  0.66563976+0.09652684j]]
        labels=['kl', 'kr'],
        shape=(4, 4),
    )
    grad_by_real_M: Tensor(
        [ 3.30291350e-15+1.38777878e-16j -1.55431223e-15-1.11022302e-16j -9.50628465e-15+1.80411242e-16j -7.77156117e-16+6.93889390e-18j  2.45636844e-15-6.38378239e-16j -1.74860126e-15-2.77555756e-16j
         -5.68989300e-16-1.02001740e-15j  2.23432384e-15-7.04297731e-16j]
        labels=[('kl', 'nXdZmONo')],
        shape=(8,),
    )
    grad_by_imag_M: Tensor(
        [ 6.77236045e-15-1.94289029e-16j -3.77475828e-15+3.33066907e-16j  3.89965837e-15+1.24900090e-16j  1.46410661e-15+3.33066907e-16j -1.24900090e-15+3.19189120e-16j  2.77555756e-16+3.60822483e-16j
          1.48631107e-14-4.02455846e-16j  8.98586761e-16+3.19189120e-16j]
        labels=[('kl', 'nXdZmONo')],
        shape=(8,),
    )
    hessian_by_M: Tensor(
        [[ 2.14843806e+01+4.44089210e-16j  1.33211397e-02+0.00000000e+00j -1.91910498e-01+2.22044605e-16j  9.79000592e-01+1.11022302e-16j -4.99840524e-01-1.11022302e-16j -4.76872107e-01+2.22044605e-16j
           1.70630280e-01+4.44089210e-16j -3.55674110e+00-2.22044605e-16j]
         [ 1.33211397e-02+0.00000000e+00j  1.43509700e+01-1.11022302e-16j -2.97420590e+00+3.33066907e-16j  1.16935445e+00-1.80411242e-16j  2.27439166e+00+0.00000000e+00j -7.10118692e-01+0.00000000e+00j
           9.24352506e-01-1.11022302e-16j  1.11621829e+00-5.55111512e-17j]
         [-1.91910498e-01+2.22044605e-16j -2.97420590e+00+3.33066907e-16j  1.76202134e+01-8.88178420e-16j -6.36957710e-01-4.44089210e-16j  3.52943992e-01+1.11022302e-16j  1.01066324e+00+0.00000000e+00j
           5.04920026e+00+0.00000000e+00j  3.38005127e+00-1.11022302e-16j]
         [ 9.79000592e-01+1.11022302e-16j  1.16935445e+00-1.80411242e-16j -6.36957710e-01-4.44089210e-16j  1.03551677e+01-6.93889390e-16j  9.14772711e-01+0.00000000e+00j -1.71997986e-01+5.55111512e-17j
          -3.61830373e+00-2.22044605e-16j  1.84154705e+00+0.00000000e+00j]
         [-4.99840524e-01-1.11022302e-16j  2.27439166e+00+0.00000000e+00j  3.52943992e-01+1.11022302e-16j  9.14772711e-01+0.00000000e+00j  2.04774488e+01+0.00000000e+00j -4.19089142e+00+0.00000000e+00j
           9.51424961e-01-1.11022302e-16j -5.44332178e-01-3.33066907e-16j]
         [-4.76872107e-01+2.22044605e-16j -7.10118692e-01+0.00000000e+00j  1.01066324e+00+0.00000000e+00j -1.71997986e-01+5.55111512e-17j -4.19089142e+00+0.00000000e+00j  7.61490535e+00+2.22044605e-16j
          -1.95656464e+00+8.32667268e-17j  1.36648650e+00+0.00000000e+00j]
         [ 1.70630280e-01+4.44089210e-16j  9.24352506e-01-1.11022302e-16j  5.04920026e+00+0.00000000e+00j -3.61830373e+00-2.22044605e-16j  9.51424961e-01-1.11022302e-16j -1.95656464e+00+8.32667268e-17j
           2.26534342e+01+0.00000000e+00j  3.46422244e+00+0.00000000e+00j]
         [-3.55674110e+00-2.22044605e-16j  1.11621829e+00-5.55111512e-17j  3.38005127e+00-1.11022302e-16j  1.84154705e+00+0.00000000e+00j -5.44332178e-01-3.33066907e-16j  1.36648650e+00+0.00000000e+00j
           3.46422244e+00+0.00000000e+00j  1.14738430e+01+3.88578059e-16j]]
        labels=[('kl', 'nXdZmONo'), ('kl*', 'nXdZmONo*')],
        shape=(8, 8),
    )
    eigvals of hessian_by_M: DiagonalTensor(
        [ 5.29452421  7.03360382  9.4856514  14.2805058  16.77738105 22.3485039  22.85241781 27.95777509]
        labels=['BFHtRQtJ', 'BFHtRQtJ'],
        shape=(8, 8),
    )
SSpiral(8):
    iter_times, elapsed_time, sqdiff: 300, 1.1314799785614014, 4.420241485849866
    MSN: Tensor(
        [[-0.33265853-0.0449463j  -0.14874561-0.18201594j  0.93501953-0.1145781j   0.56719411+0.24706408j]
         [-0.24057037+0.16415194j -0.04347689-0.60065475j  0.98467704+0.86177827j  0.68952694+0.4659104j ]
         [-0.76899315-0.12755824j -0.04804582-0.10490743j  1.09140214-0.52626963j  0.83683267+0.46540271j]
         [-0.54910781+1.0370806j   0.62896044-0.61287857j -1.11612723+0.70607353j  0.66563976+0.09652684j]]
        labels=['kl', 'kr'],
        shape=(4, 4),
    )
    grad_by_real_M: Tensor(
        [ 6.66133815e-15+6.66133815e-16j -1.56541446e-14-8.88178420e-16j  2.49800181e-16+8.60422844e-16j -6.46704912e-15-1.19348975e-15j -1.83741911e-14-5.55111512e-16j  6.85562718e-15+3.33066907e-16j
         -1.15185639e-15-6.45317133e-16j  1.87905247e-14-5.82867088e-16j]
        labels=[('kl', 'nXdZmONo')],
        shape=(8,),
    )
    grad_by_imag_M: Tensor(
        [-4.88498131e-15-1.77635684e-15j -3.10862447e-15+7.77156117e-16j  2.56739074e-14-2.49800181e-16j  9.15933995e-16+5.27355937e-16j -9.52016244e-15+1.66533454e-15j  3.44169138e-15-9.15933995e-16j
          1.38292156e-14-9.71445147e-17j -2.77555756e-15-3.60822483e-16j]
        labels=[('kl', 'nXdZmONo')],
        shape=(8,),
    )
    hessian_by_M: Tensor(
        [[ 42.36635859-1.77635684e-15j -17.52804149+8.88178420e-16j   1.50596875+0.00000000e+00j  -3.27604117+0.00000000e+00j  -1.58874115-2.22044605e-16j  -4.05954328-8.88178420e-16j
            2.71620146+0.00000000e+00j -10.36789726+8.88178420e-16j]
         [-17.52804149+8.88178420e-16j  82.9715512 -1.77635684e-15j  -6.60570827+1.11022302e-16j   6.10238632-2.22044605e-16j  11.16744308-6.66133815e-16j  -5.70276402+8.88178420e-16j
           -1.80219457+0.00000000e+00j   4.72723912+8.88178420e-16j]
         [  1.50596875+0.00000000e+00j  -6.60570827+1.11022302e-16j  36.16526672-1.77635684e-15j -15.51949549+2.66453526e-15j   0.84573846-2.77555756e-16j   4.75265751+3.33066907e-16j
            9.37513195+4.44089210e-16j   7.7308146 +4.44089210e-16j]
         [ -3.27604117+0.00000000e+00j   6.10238632-2.22044605e-16j -15.51949549+2.66453526e-15j  54.9891444 +0.00000000e+00j   0.47892235-8.88178420e-16j  -5.27884553-4.44089210e-16j
          -12.84286716-4.44089210e-16j  10.32539871+8.88178420e-16j]
         [ -1.58874115-2.22044605e-16j  11.16744308-6.66133815e-16j   0.84573846-2.77555756e-16j   0.47892235-8.88178420e-16j  39.7741862 -1.77635684e-15j -21.48695187-1.33226763e-15j
            2.78723613+0.00000000e+00j  -4.46543028+1.33226763e-15j]
         [ -4.05954328-8.88178420e-16j  -5.70276402+8.88178420e-16j   4.75265751+3.33066907e-16j  -5.27884553-4.44089210e-16j -21.48695187-1.33226763e-15j  49.29789574+0.00000000e+00j
           -6.34685988-6.66133815e-16j  10.24226206+0.00000000e+00j]
         [  2.71620146+0.00000000e+00j  -1.80219457+0.00000000e+00j   9.37513195+4.44089210e-16j -12.84286716-4.44089210e-16j   2.78723613+0.00000000e+00j  -6.34685988-6.66133815e-16j
           40.17001274+0.00000000e+00j  -2.8793319 -2.66453526e-15j]
         [-10.36789726+8.88178420e-16j   4.72723912+8.88178420e-16j   7.7308146 +4.44089210e-16j  10.32539871+8.88178420e-16j  -4.46543028+1.33226763e-15j  10.24226206+0.00000000e+00j
           -2.8793319 -2.66453526e-15j  63.51496308+1.77635684e-15j]]
        labels=[('kl', 'nXdZmONo'), ('kl*', 'nXdZmONo*')],
        shape=(8, 8),
    )
    eigvals of hessian_by_M: DiagonalTensor(
        [19.54214766 23.63783546 31.00422171 33.91432109 53.94398245 67.45702569 81.27911696 98.47072765]
        labels=['BFHtRQtJ', 'BFHtRQtJ'],
        shape=(8, 8),
    )
SSpiral(11):
    iter_times, elapsed_time, sqdiff: 300, 0.9350619316101074, 4.420241485849862
    MSN: Tensor(
        [[-0.33265853-0.0449463j  -0.14874561-0.18201594j  0.93501953-0.1145781j   0.56719411+0.24706408j]
         [-0.24057037+0.16415194j -0.04347689-0.60065475j  0.98467704+0.86177827j  0.68952694+0.4659104j ]
         [-0.76899315-0.12755824j -0.04804582-0.10490743j  1.09140214-0.52626963j  0.83683267+0.46540271j]
         [-0.54910781+1.0370806j   0.62896044-0.61287857j -1.11612723+0.70607353j  0.66563976+0.09652684j]]
        labels=['kl', 'kr'],
        shape=(4, 4),
    )
    grad_by_real_M: Tensor(
        [ 2.60347299e-14+4.99600361e-16j  3.51940699e-14+1.33226763e-15j -6.25888230e-14+8.32667268e-17j  1.34892097e-14-1.99840144e-15j  6.56419363e-14-3.05311332e-16j -5.70099523e-14-1.55431223e-15j
          1.55153668e-14-4.64905892e-16j  1.11854970e-14-1.38777878e-17j]
        labels=[('kl', 'nXdZmONo')],
        shape=(8,),
    )
    grad_by_imag_M: Tensor(
        [ 3.90798505e-14-3.88578059e-16j -1.24344979e-14-2.55351296e-15j -1.67366121e-14-1.38777878e-16j  2.84772206e-14+8.32667268e-16j -4.04398737e-14-6.38378239e-16j -5.32907052e-15-1.33226763e-15j
          4.08076350e-14+2.77555756e-16j -3.02396996e-14-8.60422844e-16j]
        labels=[('kl', 'nXdZmONo')],
        shape=(8,),
    )
    hessian_by_M: Tensor(
        [[ 37.93780093+1.77635684e-15j -18.94708654+8.88178420e-16j   1.30161821+0.00000000e+00j  -2.60527206+0.00000000e+00j  -1.40554866-4.44089210e-16j  -4.08010695+0.00000000e+00j
            2.37860761+0.00000000e+00j -11.09904217+0.00000000e+00j]
         [-18.94708654+8.88178420e-16j  96.75500047+1.77635684e-15j  -7.34807701-8.88178420e-16j   7.58577854+1.55431223e-15j  11.35450676-1.11022302e-16j  -6.55109646+8.88178420e-16j
           -1.26617602+4.44089210e-16j   6.23394881+0.00000000e+00j]
         [  1.30161821+0.00000000e+00j  -7.34807701-8.88178420e-16j  32.37195241+0.00000000e+00j -16.79586057-8.88178420e-16j   0.76271004-2.77555756e-16j   4.69813713+2.22044605e-16j
            8.41818485+4.44089210e-16j   7.93637638+4.44089210e-16j]
         [ -2.60527206+0.00000000e+00j   7.58577854+1.55431223e-15j -16.79586057-8.88178420e-16j  65.10097243+0.00000000e+00j   0.56404621+0.00000000e+00j  -5.53029126-1.33226763e-15j
          -13.81255484-2.22044605e-16j  11.97662478+8.88178420e-16j]
         [ -1.40554866-4.44089210e-16j  11.35450676-1.11022302e-16j   0.76271004-2.77555756e-16j   0.56404621+0.00000000e+00j  35.66430101-3.55271368e-15j -23.27793677+1.77635684e-15j
            2.46898414-2.22044605e-16j  -4.69463055-4.44089210e-16j]
         [ -4.08010695+0.00000000e+00j  -6.55109646+8.88178420e-16j   4.69813713+2.22044605e-16j  -5.53029126-1.33226763e-15j -23.27793677+1.77635684e-15j  56.67974807+3.55271368e-15j
           -6.37163534-4.44089210e-16j  11.80272715+0.00000000e+00j]
         [  2.37860761+0.00000000e+00j  -1.26617602+4.44089210e-16j   8.41818485+4.44089210e-16j -13.81255484-2.22044605e-16j   2.46898414-2.22044605e-16j  -6.37163534-4.44089210e-16j
           36.0928039 +0.00000000e+00j  -4.21748102-8.88178420e-16j]
         [-11.09904217+0.00000000e+00j   6.23394881+0.00000000e+00j   7.93637638+4.44089210e-16j  11.97662478+8.88178420e-16j  -4.69463055-4.44089210e-16j  11.80272715+0.00000000e+00j
           -4.21748102-8.88178420e-16j  73.5552947 +3.55271368e-15j]]
        labels=[('kl', 'nXdZmONo'), ('kl*', 'nXdZmONo*')],
        shape=(8, 8),
    )
    eigvals of hessian_by_M: DiagonalTensor(
        [ 17.70683548  22.66311444  28.45194928  31.29572764  57.65895995  74.24427244  90.52388878 111.6131259 ]
        labels=['BFHtRQtJ', 'BFHtRQtJ'],
        shape=(8, 8),
    )
SSpiral(14):
    iter_times, elapsed_time, sqdiff: 300, 1.012171983718872, 4.420241485849865
    MSN: Tensor(
        [[-0.33265853-0.0449463j  -0.14874561-0.18201594j  0.93501953-0.1145781j   0.56719411+0.24706408j]
         [-0.24057037+0.16415194j -0.04347689-0.60065475j  0.98467704+0.86177827j  0.68952694+0.4659104j ]
         [-0.76899315-0.12755824j -0.04804582-0.10490743j  1.09140214-0.52626963j  0.83683267+0.46540271j]
         [-0.54910781+1.0370806j   0.62896044-0.61287857j -1.11612723+0.70607353j  0.66563976+0.09652684j]]
        labels=['kl', 'kr'],
        shape=(4, 4),
    )
    grad_by_real_M: Tensor(
        [-2.91433544e-14+1.66533454e-16j  2.82829316e-14-1.94289029e-16j  5.19861931e-14+5.55111512e-16j  8.46545056e-16+2.72351586e-16j  1.30173650e-14-3.33066907e-16j -1.79301018e-14+6.93889390e-17j
         -4.50750548e-14-9.57567359e-16j  4.30211422e-16+1.63064007e-16j]
        labels=[('kl', 'nXdZmONo')],
        shape=(8,),
    )
    grad_by_imag_M: Tensor(
        [ 3.01425551e-14-1.27675648e-15j -1.44051437e-14-3.05311332e-16j -2.03725925e-14+3.60822483e-16j -1.01906331e-14-3.74700271e-16j  2.71727085e-14+5.82867088e-16j  1.43079992e-14-1.66533454e-16j
          2.87270208e-15+1.05471187e-15j -1.84921523e-15+2.63677968e-16j]
        labels=[('kl', 'nXdZmONo')],
        shape=(8,),
    )
    hessian_by_M: Tensor(
        [[38.18776329-1.77635684e-15j -3.85157565-4.44089210e-16j  1.80865214-4.44089210e-16j  0.08987659-1.11022302e-16j -1.62486325+0.00000000e+00j -0.30437911+0.00000000e+00j  2.95027861+0.00000000e+00j
          -1.10897534+2.22044605e-16j]
         [-3.85157565-4.44089210e-16j  4.41661635+0.00000000e+00j -1.64237862+0.00000000e+00j  0.40103189+1.73472348e-17j  1.95985379+2.22044605e-16j -0.34399497+5.55111512e-17j -0.81865012+1.66533454e-16j
           0.36501793-2.77555756e-17j]
         [ 1.80865214-4.44089210e-16j -1.64237862+0.00000000e+00j 32.65423381+0.00000000e+00j -3.16355134+4.44089210e-16j  0.64454215+1.11022302e-16j  0.68564245+5.55111512e-17j  8.22069941+0.00000000e+00j
           1.69806546+1.66533454e-16j]
         [ 0.08987659-1.11022302e-16j  0.40103189+1.73472348e-17j -3.16355134+4.44089210e-16j  3.04073347-2.22044605e-16j  1.0311839 +0.00000000e+00j -0.28945402-4.16333634e-17j -3.24008578+5.55111512e-17j
           0.56516184+0.00000000e+00j]
         [-1.62486325+0.00000000e+00j  1.95985379+2.22044605e-16j  0.64454215+1.11022302e-16j  1.0311839 +0.00000000e+00j 35.47101382-1.77635684e-15j -5.98643215+0.00000000e+00j  2.81249827+1.11022302e-16j
          -1.80328283-5.55111512e-17j]
         [-0.30437911+0.00000000e+00j -0.34399497+5.55111512e-17j  0.68564245+5.55111512e-17j -0.28945402-4.16333634e-17j -5.98643215+0.00000000e+00j  2.85649089+0.00000000e+00j -0.6584823 -1.11022302e-16j
           0.59948869-1.11022302e-16j]
         [ 2.95027861+0.00000000e+00j -0.81865012+1.66533454e-16j  8.22069941+0.00000000e+00j -3.24008578+5.55111512e-17j  2.81249827+1.11022302e-16j -0.6584823 -1.11022302e-16j 34.96871978+0.00000000e+00j
          -1.1067367 +4.44089210e-16j]
         [-1.10897534+2.22044605e-16j  0.36501793-2.77555756e-17j  1.69806546+1.66533454e-16j  0.56516184+0.00000000e+00j -1.80328283-5.55111512e-17j  0.59948869-1.11022302e-16j -1.1067367 +4.44089210e-16j
           3.18489241+2.22044605e-16j]]
        labels=[('kl', 'nXdZmONo'), ('kl*', 'nXdZmONo*')],
        shape=(8, 8),
    )
    eigvals of hessian_by_M: DiagonalTensor(
        [ 1.6612161   2.01911271  3.13130567  4.09129354 25.38787847 34.33013931 39.22932867 44.93018935]
        labels=['BFHtRQtJ', 'BFHtRQtJ'],
        shape=(8, 8),
    )
SSpiral(17):
    iter_times, elapsed_time, sqdiff: 300, 0.9363300800323486, 4.420241485849865
    MSN: Tensor(
        [[-0.33265853-0.0449463j  -0.14874561-0.18201594j  0.93501953-0.1145781j   0.56719411+0.24706408j]
         [-0.24057037+0.16415194j -0.04347689-0.60065475j  0.98467704+0.86177827j  0.68952694+0.4659104j ]
         [-0.76899315-0.12755824j -0.04804582-0.10490743j  1.09140214-0.52626963j  0.83683267+0.46540271j]
         [-0.54910781+1.0370806j   0.62896044-0.61287857j -1.11612723+0.70607353j  0.66563976+0.09652684j]]
        labels=['kl', 'kr'],
        shape=(4, 4),
    )
    grad_by_real_M: Tensor(
        [-3.38618023e-15+5.27355937e-16j -3.27515792e-14+2.66453526e-15j  1.47659662e-14-1.66533454e-16j -1.89015470e-14+1.38777878e-15j -3.63598041e-15+4.92661467e-16j -4.19109192e-15-5.55111512e-16j
         -1.07275300e-14+4.85722573e-17j  1.51822999e-14-4.57966998e-16j]
        labels=[('kl', 'nXdZmONo')],
        shape=(8,),
    )
    grad_by_imag_M: Tensor(
        [-2.10109707e-14+4.44089210e-16j  2.57571742e-14+1.11022302e-16j -2.22599716e-14+5.55111512e-17j  3.50275364e-14+6.93889390e-16j  2.68743361e-14-5.27355937e-16j -4.62963001e-14-6.93889390e-16j
          1.21430643e-15-7.91033905e-16j  1.00336406e-14+5.27355937e-16j]
        labels=[('kl', 'nXdZmONo')],
        shape=(8,),
    )
    hessian_by_M: Tensor(
        [[ 26.89722029+0.00000000e+00j -18.59582905-8.88178420e-16j   0.9949355 +0.00000000e+00j  -1.82156667+0.00000000e+00j  -1.02226405+5.55111512e-16j  -3.16463753-4.44089210e-16j
            1.76856325+4.44089210e-16j  -9.24544373+0.00000000e+00j]
         [-18.59582905-8.88178420e-16j  82.61470399+3.55271368e-15j  -6.0205472 -4.44089210e-16j   7.15839909-2.22044605e-16j   8.8636251 -2.77555756e-16j  -5.73353316+1.77635684e-15j
           -0.58907604+4.44089210e-16j   6.38859275-6.66133815e-16j]
         [  0.9949355 +0.00000000e+00j  -6.0205472 -4.44089210e-16j  22.97024184+0.00000000e+00j -16.23465945+0.00000000e+00j   0.53326049+1.38777878e-16j   3.54393741-3.88578059e-16j
            5.93212432+8.88178420e-16j   5.25756866-4.44089210e-16j]
         [ -1.82156667+0.00000000e+00j   7.15839909-2.22044605e-16j -16.23465945+0.00000000e+00j  56.92142355+3.55271368e-15j   0.09862367-4.44089210e-16j  -4.33182271+6.66133815e-16j
          -11.37780305+2.22044605e-16j  10.3290341 +0.00000000e+00j]
         [ -1.02226405+5.55111512e-16j   8.8636251 -2.77555756e-16j   0.53326049+1.38777878e-16j   0.09862367-4.44089210e-16j  25.20572855-1.77635684e-15j -20.83747964+8.88178420e-16j
            1.79112745+1.66533454e-16j  -3.84252129+0.00000000e+00j]
         [ -3.16463753-4.44089210e-16j  -5.73353316+1.77635684e-15j   3.54393741-3.88578059e-16j  -4.33182271+6.66133815e-16j -20.83747964+8.88178420e-16j  49.36581799+3.55271368e-15j
           -4.94254641+2.22044605e-16j  10.25120953+1.77635684e-15j]
