b=4, chi=2, seed=933, 
NOR:
    iter_times, elapsed_time, sqdiff: 300, 0.5789070129394531, 1.7601649602095972
    MSN: Tensor(
        [[ 0.27042269+0.42259765j  0.28528557-0.39117082j -0.30201331-0.41879307j -0.5859384 -0.44129431j]
         [-0.26682407+0.34928886j -0.59584517-0.08855878j -0.59594236+0.24201939j -0.57692023-0.31713467j]
         [ 0.62948022+0.65754717j -0.38478801+0.03525164j -0.57830446+0.50710087j -1.34448673+0.30755411j]
         [-0.31267535-1.13062815j -1.01345074-0.8111216j  -0.81319947+0.1945468j   0.28620978+0.4351076j ]]
        labels=['kl', 'kr'],
        shape=(4, 4),
    )
    grad_by_real_M: Tensor(
        [-1.03805853e-14+1.26981758e-15j  6.59194921e-16+2.35922393e-16j  6.77236045e-15+5.55111512e-17j  1.96509475e-14-1.66533454e-16j -1.88737914e-15-1.66533454e-16j -5.32907052e-15+1.44675938e-15j
         -1.91513472e-15-3.05311332e-16j -1.24553146e-15+8.60422844e-16j]
        labels=[('kl', 'IDMvVaOA')],
        shape=(8,),
    )
    grad_by_imag_M: Tensor(
        [-7.04297731e-15-1.66533454e-16j  2.26207941e-15+1.64451786e-15j -1.36834988e-14-5.55111512e-16j  9.60342916e-15+5.55111512e-16j -8.60422844e-16+4.44089210e-16j -4.63865057e-15-5.55111512e-16j
          4.74620343e-15-8.60422844e-16j -9.40914013e-15-7.28583860e-17j]
        labels=[('kl', 'IDMvVaOA')],
        shape=(8,),
    )
    hessian_by_M: Tensor(
        [[ 46.1524375 -1.77635684e-15j   2.00518769-1.77635684e-15j   2.87360367+0.00000000e+00j   4.38697351+0.00000000e+00j  -2.9412447 +4.44089210e-16j   8.09878169+6.66133815e-16j
          -10.87731217+0.00000000e+00j  17.23535637+0.00000000e+00j]
         [  2.00518769-1.77635684e-15j  44.23435787+8.88178420e-16j  -4.6396238 +0.00000000e+00j -11.22465071-8.88178420e-16j  -5.92305723+0.00000000e+00j  -3.02091368-4.44089210e-16j
            1.60589779+4.44089210e-16j  -3.16136839+0.00000000e+00j]
         [  2.87360367+0.00000000e+00j  -4.6396238 +0.00000000e+00j  51.25465199-1.88737914e-15j -20.3460748 -8.88178420e-16j  11.71695022+2.22044605e-16j  -5.13047844+0.00000000e+00j
           -1.79820881+1.77635684e-15j   9.05442579-4.44089210e-16j]
         [  4.38697351+0.00000000e+00j -11.22465071-8.88178420e-16j -20.3460748 -8.88178420e-16j  61.76394233+1.77635684e-15j -15.16188757-1.77635684e-15j   3.04744768+8.88178420e-16j
            6.47972634+4.44089210e-16j   4.36257995+4.44089210e-16j]
         [ -2.9412447 +4.44089210e-16j  -5.92305723+0.00000000e+00j  11.71695022+2.22044605e-16j -15.16188757-1.77635684e-15j  40.06482165-2.44249065e-15j  -9.70862489-8.88178420e-16j
           -2.5177249 +3.33066907e-16j   4.762912  -4.44089210e-16j]
         [  8.09878169+6.66133815e-16j  -3.02091368-4.44089210e-16j  -5.13047844+0.00000000e+00j   3.04744768+8.88178420e-16j  -9.70862489-8.88178420e-16j  53.10162376+0.00000000e+00j
           -2.27823464+0.00000000e+00j  -8.69144101+0.00000000e+00j]
         [-10.87731217+0.00000000e+00j   1.60589779+4.44089210e-16j  -1.79820881+1.77635684e-15j   6.47972634+4.44089210e-16j  -2.5177249 +3.33066907e-16j  -2.27823464+0.00000000e+00j
           42.76963146+1.77635684e-15j -11.85832422+1.77635684e-15j]
         [ 17.23535637+0.00000000e+00j  -3.16136839+0.00000000e+00j   9.05442579-4.44089210e-16j   4.36257995+4.44089210e-16j   4.762912  -4.44089210e-16j  -8.69144101+0.00000000e+00j
          -11.85832422+1.77635684e-15j  31.55781102+8.88178420e-16j]]
        labels=[('kl', 'IDMvVaOA'), ('kl*', 'IDMvVaOA*')],
        shape=(8, 8),
    )
    eigvals of hessian_by_M: DiagonalTensor(
        [13.70384008 21.51699842 29.0829948  38.27469759 50.20136266 58.56164986 69.67372887 89.88400531]
        labels=['JhKhvkES', 'JhKhvkES'],
        shape=(8, 8),
    )
WCOR:
    iter_times, elapsed_time, sqdiff: 300, 0.6132149696350098, 1.4155208291027919
    MSN: Tensor(
        [[ 0.63798377+0.15857749j  0.36086476+0.08285407j -0.26119063-0.60336514j -0.5102542 +0.32654014j]
         [-0.2021622 +0.23270855j -0.6355156 -0.21648485j -0.75473256+0.62315269j -0.00739626-0.215338j  ]
         [ 1.19221964+0.56180506j -0.04081532+0.48273354j -0.59324953+0.11098002j -1.05666987+0.47772352j]
         [-0.59333219-0.61976799j  0.02031961-0.90734703j -0.79637861-0.26901574j  0.71943989+0.01845427j]]
        labels=['kl', 'kr'],
        shape=(4, 4),
    )
    grad_by_real_M: Tensor(
        [-2.46469511e-14-1.55431223e-15j -2.06779038e-15-3.08780779e-16j -2.44249065e-15+2.49800181e-16j  4.85722573e-15-7.38992201e-16j  2.10387263e-14+4.44089210e-16j -1.96578864e-14-3.95516953e-16j
          9.10382880e-15-5.55111512e-16j -7.77156117e-16+4.99600361e-16j]
        labels=[('kl', 'IDMvVaOA')],
        shape=(8,),
    )
    grad_by_imag_M: Tensor(
        [-8.88178420e-15-1.55431223e-15j -7.34481920e-15+8.32667268e-17j -3.85802501e-15+1.77635684e-15j  8.57994231e-15-8.32667268e-17j  3.66373598e-15-8.32667268e-17j -5.48866508e-15+3.67761377e-16j
         -1.96509475e-14+3.33066907e-16j -3.33066907e-16+1.11022302e-16j]
        labels=[('kl', 'IDMvVaOA')],
        shape=(8,),
    )
    hessian_by_M: Tensor(
        [[ 55.90588271+1.77635684e-15j  -0.74432432+8.88178420e-16j   1.21334517+1.77635684e-15j   5.43048574+0.00000000e+00j  -5.44159594-4.44089210e-16j  -3.19668586+0.00000000e+00j
          -14.50903789-4.44089210e-16j  15.66025333-1.11022302e-16j]
         [ -0.74432432+8.88178420e-16j  35.2339908 +0.00000000e+00j  -0.75804887-2.22044605e-16j -16.12217403+1.77635684e-15j  -6.80800762+8.88178420e-16j   0.34358899+0.00000000e+00j
           -1.715667  -4.44089210e-16j   4.75652475+0.00000000e+00j]
         [  1.21334517+1.77635684e-15j  -0.75804887-2.22044605e-16j  54.19772016+0.00000000e+00j  -9.66283825+1.99840144e-15j   2.9878869 +8.88178420e-16j   0.48219394+0.00000000e+00j
           -1.70276466+1.33226763e-15j   0.88459218+5.55111512e-17j]
         [  5.43048574+0.00000000e+00j -16.12217403+1.77635684e-15j  -9.66283825+1.99840144e-15j  39.0169942 -1.11022302e-16j  -2.15715409+0.00000000e+00j  -6.29299448+3.33066907e-16j
            5.10976842+0.00000000e+00j   0.45508122+4.44089210e-16j]
         [ -5.44159594-4.44089210e-16j  -6.80800762+8.88178420e-16j   2.9878869 +8.88178420e-16j  -2.15715409+0.00000000e+00j  39.84591382-2.22044605e-15j  -1.49269777+8.88178420e-16j
           -1.07922142+6.66133815e-16j   1.34981833+0.00000000e+00j]
         [ -3.19668586+0.00000000e+00j   0.34358899+0.00000000e+00j   0.48219394+0.00000000e+00j  -6.29299448+3.33066907e-16j  -1.49269777+8.88178420e-16j  30.26081555-3.88578059e-16j
           -1.82502311-4.44089210e-16j  -4.29989013+8.88178420e-16j]
         [-14.50903789-4.44089210e-16j  -1.715667  -4.44089210e-16j  -1.70276466+1.33226763e-15j   5.10976842+0.00000000e+00j  -1.07922142+6.66133815e-16j  -1.82502311-4.44089210e-16j
           47.71456067+0.00000000e+00j  -9.89637703-4.44089210e-16j]
         [ 15.66025333-1.11022302e-16j   4.75652475+0.00000000e+00j   0.88459218+5.55111512e-17j   0.45508122+4.44089210e-16j   1.34981833+0.00000000e+00j  -4.29989013+8.88178420e-16j
           -9.89637703-4.44089210e-16j  28.86394806-2.22044605e-16j]]
        labels=[('kl', 'IDMvVaOA'), ('kl*', 'IDMvVaOA*')],
        shape=(8, 8),
    )
    eigvals of hessian_by_M: DiagonalTensor(
        [15.27935463 19.98516297 28.65317945 34.65110214 42.83532643 51.25749717 63.20583768 75.17236551]
        labels=['JhKhvkES', 'JhKhvkES'],
        shape=(8, 8),
    )
WROR:
    iter_times, elapsed_time, sqdiff: 300, 0.5758261680603027, 1.4155208291027908
    MSN: Tensor(
        [[ 0.63798377+0.15857749j  0.36086476+0.08285407j -0.26119063-0.60336514j -0.5102542 +0.32654014j]
         [-0.2021622 +0.23270855j -0.6355156 -0.21648485j -0.75473256+0.62315269j -0.00739626-0.215338j  ]
         [ 1.19221964+0.56180506j -0.04081532+0.48273354j -0.59324953+0.11098002j -1.05666987+0.47772352j]
         [-0.59333219-0.61976799j  0.02031961-0.90734703j -0.79637861-0.26901574j  0.71943989+0.01845427j]]
        labels=['kl', 'kr'],
        shape=(4, 4),
    )
    grad_by_real_M: Tensor(
        [-1.71529457e-14-3.10862447e-15j -1.11022302e-16-3.55271368e-15j -1.47937218e-14+1.33226763e-15j -9.08995101e-15-1.15445847e-15j  9.58955138e-15-4.99600361e-16j  1.45716772e-14+1.66533454e-16j
          5.32907052e-15+7.21644966e-16j -1.54494473e-14-5.55111512e-16j]
        labels=[('kl', 'IDMvVaOA')],
        shape=(8,),
    )
    grad_by_imag_M: Tensor(
        [ 3.01980663e-14-2.05391260e-15j  2.81996648e-14-5.55111512e-16j  1.84297022e-14+2.77555756e-17j -8.85576334e-16-1.38777878e-17j  5.82867088e-15+2.63677968e-16j -1.37112544e-14+6.10622664e-16j
         -3.38062911e-14-1.55431223e-15j  1.08801856e-14+7.59808882e-16j]
        labels=[('kl', 'IDMvVaOA')],
        shape=(8,),
    )
    hessian_by_M: Tensor(
        [[ 36.35082371+0.00000000e+00j   1.71366241+0.00000000e+00j  -1.73786128-1.33226763e-15j  13.66197214+0.00000000e+00j  -1.85116989+2.22044605e-16j  -5.07184667+0.00000000e+00j
          -12.48574207-3.33066907e-16j   5.67466579+1.11022302e-16j]
         [  1.71366241+0.00000000e+00j  36.76753105-1.77635684e-15j   0.2972153 +0.00000000e+00j -11.26631591-4.44089210e-16j  -5.98679627-2.22044605e-16j  -2.29630074-4.44089210e-16j
           -8.79373664-4.44089210e-16j   6.18693303+8.88178420e-16j]
         [ -1.73786128-1.33226763e-15j   0.2972153 +0.00000000e+00j  44.35480002+1.77635684e-15j  -1.50673854-8.88178420e-16j   4.13247031+0.00000000e+00j   5.99509736+4.44089210e-16j
           -2.8196245 -2.22044605e-16j   1.93934547+0.00000000e+00j]
         [ 13.66197214+0.00000000e+00j -11.26631591-4.44089210e-16j  -1.50673854-8.88178420e-16j  29.96690817+0.00000000e+00j   2.9861536 +0.00000000e+00j  -7.52087455+6.66133815e-16j
           -0.05244814+8.88178420e-16j   2.15917127-2.22044605e-16j]
         [ -1.85116989+2.22044605e-16j  -5.98679627-2.22044605e-16j   4.13247031+0.00000000e+00j   2.9861536 +0.00000000e+00j  27.09287509+0.00000000e+00j  -0.77993549+0.00000000e+00j
           -1.78553849+2.22044605e-16j  -0.73556111-8.88178420e-16j]
         [ -5.07184667+0.00000000e+00j  -2.29630074-4.44089210e-16j   5.99509736+4.44089210e-16j  -7.52087455+6.66133815e-16j  -0.77993549+0.00000000e+00j  29.44074986+0.00000000e+00j
            1.05749817+1.11022302e-16j  -2.77508613-8.88178420e-16j]
         [-12.48574207-3.33066907e-16j  -8.79373664-4.44089210e-16j  -2.8196245 -2.22044605e-16j  -0.05244814+8.88178420e-16j  -1.78553849+2.22044605e-16j   1.05749817+1.11022302e-16j
           38.00539256+1.77635684e-15j  -1.55906323+2.22044605e-16j]
         [  5.67466579+1.11022302e-16j   6.18693303+8.88178420e-16j   1.93934547+0.00000000e+00j   2.15917127-2.22044605e-16j  -0.73556111-8.88178420e-16j  -2.77508613-8.88178420e-16j
           -1.55906323+2.22044605e-16j  22.57605182+0.00000000e+00j]]
        labels=[('kl', 'IDMvVaOA'), ('kl*', 'IDMvVaOA*')],
        shape=(8, 8),
    )
    eigvals of hessian_by_M: DiagonalTensor(
        [12.95472866 16.06293821 20.93556714 27.56940545 30.45071654 46.73032901 51.98745938 57.86398791]
        labels=['WjjEIfOb', 'WjjEIfOb'],
        shape=(8, 8),
    )
IWROR:
    iter_times, elapsed_time, sqdiff: 300, 0.5493481159210205, 1.4155208291027916
    MSN: Tensor(
        [[ 0.63798377+0.15857749j  0.36086476+0.08285407j -0.26119063-0.60336514j -0.5102542 +0.32654014j]
         [-0.2021622 +0.23270855j -0.6355156 -0.21648485j -0.75473256+0.62315269j -0.00739626-0.215338j  ]
         [ 1.19221964+0.56180506j -0.04081532+0.48273354j -0.59324953+0.11098002j -1.05666987+0.47772352j]
         [-0.59333219-0.61976799j  0.02031961-0.90734703j -0.79637861-0.26901574j  0.71943989+0.01845427j]]
        labels=['kl', 'kr'],
        shape=(4, 4),
    )
    grad_by_real_M: Tensor(
        [-4.29656311e-14-7.77156117e-16j  1.68476344e-14-9.48893741e-16j -2.13995488e-14-1.66533454e-16j -9.71445147e-16+9.57567359e-16j  3.02258218e-14+2.77555756e-16j  2.08444373e-14+2.08166817e-16j
          2.77555756e-15+1.05471187e-15j -2.83661983e-14-4.85722573e-16j]
        labels=[('kl', 'IDMvVaOA')],
        shape=(8,),
    )
    grad_by_imag_M: Tensor(
        [ 2.96429548e-14-1.11022302e-16j  4.32449215e-14+3.60822483e-16j -8.82627305e-15+1.94289029e-16j -8.11850587e-15-7.49400542e-16j  1.74860126e-14-1.11022302e-15j  4.01068068e-15+8.60422844e-16j
         -2.19269047e-14-3.33066907e-16j  9.67281810e-15+2.22044605e-16j]
        labels=[('kl', 'IDMvVaOA')],
        shape=(8,),
    )
    hessian_by_M: Tensor(
        [[ 44.01917143+1.77635684e-15j  -6.46417104+0.00000000e+00j  -1.88518614+8.88178420e-16j  14.51514295+8.88178420e-16j  -1.23160369-3.33066907e-16j  -4.77007097-4.44089210e-16j
          -13.55389262+0.00000000e+00j   9.85606861+8.88178420e-16j]
         [ -6.46417104+0.00000000e+00j  39.05848319-1.77635684e-15j   0.11969303+0.00000000e+00j -14.67037606+0.00000000e+00j  -6.25570232+5.55111512e-16j   0.13943977+4.44089210e-16j
           -6.96471309-2.22044605e-16j   6.33128281+4.44089210e-16j]
         [ -1.88518614+8.88178420e-16j   0.11969303+0.00000000e+00j  47.53329943-1.77635684e-15j -10.86267563+8.88178420e-16j   1.84424773+8.88178420e-16j   5.8396872 +0.00000000e+00j
           -2.71411082+0.00000000e+00j   1.97529318-6.66133815e-16j]
         [ 14.51514295+8.88178420e-16j -14.67037606+0.00000000e+00j -10.86267563+8.88178420e-16j  33.39199457+0.00000000e+00j   2.13353524-8.88178420e-16j  -9.75512743-3.88578059e-16j
            1.27397153+4.44089210e-16j   1.6650812 +4.44089210e-16j]
         [ -1.23160369-3.33066907e-16j  -6.25570232+5.55111512e-16j   1.84424773+8.88178420e-16j   2.13353524-8.88178420e-16j  32.35055157+8.88178420e-16j  -6.80547794+0.00000000e+00j
           -1.0162776 -4.44089210e-16j   1.74141695+0.00000000e+00j]
         [ -4.77007097-4.44089210e-16j   0.13943977+4.44089210e-16j   5.8396872 +0.00000000e+00j  -9.75512743-3.88578059e-16j  -6.80547794+0.00000000e+00j  32.04893143+1.77635684e-15j
           -1.0870369 +2.77555756e-16j  -2.87655292-8.88178420e-16j]
         [-13.55389262+0.00000000e+00j  -6.96471309-2.22044605e-16j  -2.71411082+0.00000000e+00j   1.27397153+4.44089210e-16j  -1.0162776 -4.44089210e-16j  -1.0870369 +2.77555756e-16j
           42.11117793+1.77635684e-15j  -9.93433918+0.00000000e+00j]
         [  9.85606861+8.88178420e-16j   6.33128281+4.44089210e-16j   1.97529318-6.66133815e-16j   1.6650812 +4.44089210e-16j   1.74141695+0.00000000e+00j  -2.87655292-8.88178420e-16j
           -9.93433918+0.00000000e+00j  25.74505634+0.00000000e+00j]]
        labels=[('kl', 'IDMvVaOA'), ('kl*', 'IDMvVaOA*')],
        shape=(8, 8),
    )
    eigvals of hessian_by_M: DiagonalTensor(
        [13.8529734  17.47029453 20.61792503 28.85359716 37.11815977 47.09946743 60.57518725 70.67106132]
        labels=['EYpAidZc', 'EYpAidZc'],
        shape=(8, 8),
    )
WLBOR:
    iter_times, elapsed_time, sqdiff: 300, 1.4696979522705078, 1.760164960209596
    MSN: Tensor(
        [[ 0.27042269+0.42259765j  0.28528557-0.39117082j -0.30201331-0.41879307j -0.5859384 -0.4412943j ]
         [-0.26682407+0.34928886j -0.59584517-0.08855878j -0.59594236+0.24201939j -0.57692023-0.31713467j]
         [ 0.62948023+0.65754717j -0.384788  +0.03525164j -0.57830447+0.50710087j -1.34448673+0.30755411j]
         [-0.31267536-1.13062815j -1.01345074-0.8111216j  -0.81319947+0.1945468j   0.28620978+0.4351076j ]]
        labels=['kl', 'kr'],
        shape=(4, 4),
    )
    grad_by_real_M: Tensor(
        [ 3.15535759e-09+1.11716192e-15j  3.05138272e-09+6.31439345e-16j  4.23287161e-09-9.15933995e-16j -7.35033689e-09+1.66533454e-16j -3.44831125e-09+1.02695630e-15j -1.76945597e-09-1.20736754e-15j
         -1.17717266e-09-6.93889390e-16j  4.48719237e-09+5.55111512e-17j]
        labels=[('kl', 'IDMvVaOA')],
        shape=(8,),
    )
    grad_by_imag_M: Tensor(
        [ 3.81942591e-09+7.21644966e-16j -5.40013666e-10+4.37150316e-16j  3.67511085e-09+8.88178420e-16j  1.04655234e-08+3.33066907e-16j -3.88697657e-10-7.21644966e-16j -5.10040250e-09+2.49800181e-15j
          4.33849040e-10-7.49400542e-16j -7.72150122e-11-9.36750677e-17j]
        labels=[('kl', 'IDMvVaOA')],
        shape=(8,),
    )
    hessian_by_M: Tensor(
        [[ 46.26576713-8.88178420e-16j   2.07753237+8.88178420e-16j   2.8798073 +0.00000000e+00j   4.44137144+0.00000000e+00j  -2.94561439+8.88178420e-16j   8.12240878+6.66133815e-16j
          -10.89182737+6.66133815e-16j  17.33276634+0.00000000e+00j]
         [  2.07753237+8.88178420e-16j  44.64577957+8.88178420e-16j  -4.70383821+0.00000000e+00j -11.33619059-8.88178420e-16j  -5.94612598+4.44089210e-16j  -3.01797016+4.44089210e-16j
            1.59594214+4.44089210e-16j  -3.18155672+0.00000000e+00j]
         [  2.8798073 +0.00000000e+00j  -4.70383821+0.00000000e+00j  51.34919152+4.44089210e-16j -20.38124423-1.77635684e-15j  11.72961601+2.22044605e-16j  -5.1444693 +8.88178420e-16j
           -1.7931336 +8.88178420e-16j   9.1284226 +0.00000000e+00j]
         [  4.44137144+0.00000000e+00j -11.33619059-8.88178420e-16j -20.38124423-1.77635684e-15j  62.23076464-1.77635684e-15j -15.23421893+0.00000000e+00j   3.0012216 +0.00000000e+00j
            6.4973932 -2.22044605e-16j   4.40643753+0.00000000e+00j]
         [ -2.94561439+8.88178420e-16j  -5.94612598+4.44089210e-16j  11.72961601+2.22044605e-16j -15.23421893+0.00000000e+00j  40.14752751-1.11022302e-15j  -9.69951931+2.66453526e-15j
           -2.52155417-2.22044605e-16j   4.78341919-4.44089210e-16j]
         [  8.12240878+6.66133815e-16j  -3.01797016+4.44089210e-16j  -5.1444693 +8.88178420e-16j   3.0012216 +0.00000000e+00j  -9.69951931+2.66453526e-15j  53.5425377 +1.77635684e-15j
           -2.3010446 -8.88178420e-16j  -8.75344907+8.88178420e-16j]
         [-10.89182737+6.66133815e-16j   1.59594214+4.44089210e-16j  -1.7931336 +8.88178420e-16j   6.4973932 -2.22044605e-16j  -2.52155417-2.22044605e-16j  -2.3010446 -8.88178420e-16j
           42.85539753+0.00000000e+00j -11.87186357-8.88178420e-16j]
         [ 17.33276634+0.00000000e+00j  -3.18155672+0.00000000e+00j   9.1284226 +0.00000000e+00j   4.40643753+0.00000000e+00j   4.78341919-4.44089210e-16j  -8.75344907+8.88178420e-16j
          -11.87186357-8.88178420e-16j  31.78711311+8.88178420e-16j]]
        labels=[('kl', 'IDMvVaOA'), ('kl*', 'IDMvVaOA*')],
        shape=(8, 8),
    )
    eigvals of hessian_by_M: DiagonalTensor(
        [13.79584196 21.6233755  29.17012775 38.39171851 50.60756651 59.05924006 69.93521871 90.24098973]
        labels=['JhKhvkES', 'JhKhvkES'],
        shape=(8, 8),
    )
WNAG:
    iter_times, elapsed_time, sqdiff: 300, 0.6255083084106445, 1.423716168362294
    MSN: Tensor(
        [[ 0.63975097+0.15286658j  0.36192777+0.07940052j -0.2670742 -0.60171253j -0.50757786+0.33135039j]
         [-0.20033708+0.23500426j -0.63832491-0.21094462j -0.74998485+0.63071566j -0.00945298-0.21566375j]
         [ 1.19808267+0.55169834j -0.03677039+0.48330253j -0.59315204+0.11649445j -1.05324307+0.48744493j]
         [-0.59962979-0.6148876j   0.01201984-0.90846625j -0.79967447-0.26207276j  0.72029696+0.01182812j]]
        labels=['kl', 'kr'],
        shape=(4, 4),
    )
    grad_by_real_M: Tensor(
        [ 0.27342412+4.44089210e-15j -0.17624818-2.88657986e-15j  0.25694232-1.47104551e-15j -0.14828431+1.77635684e-15j  0.43480054+1.11022302e-16j -0.57202515+4.44089210e-16j -0.58353694+3.33066907e-16j
          1.23142943-1.11022302e-15j]
        labels=[('kl', 'IDMvVaOA')],
        shape=(8,),
    )
    grad_by_imag_M: Tensor(
        [-0.13495024+4.32986980e-15j  0.25690096-7.32747196e-15j  0.42968642+1.55431223e-15j -0.8402544 -1.99840144e-15j -0.13842339+1.63757896e-15j -0.18143977-2.72004641e-15j  0.59161833-4.99600361e-16j
         -0.50619716-1.55431223e-15j]
        labels=[('kl', 'IDMvVaOA')],
        shape=(8,),
    )
    hessian_by_M: Tensor(
        [[ 119.29579211-7.10542736e-15j -132.04694393+0.00000000e+00j  -16.33585465+0.00000000e+00j   14.26693378+0.00000000e+00j    5.25519073+6.66133815e-16j   -1.99944813-1.77635684e-15j
           -24.4080396 +0.00000000e+00j   52.35895841-4.44089210e-16j]
         [-132.04694393+0.00000000e+00j  229.58837292+3.55271368e-15j   24.0415628 +0.00000000e+00j  -57.42012675-3.55271368e-15j  -12.33678227+0.00000000e+00j   16.74338435+1.77635684e-15j
            22.58255768+5.32907052e-15j  -49.83056849-3.55271368e-15j]
         [ -16.33585465+0.00000000e+00j   24.0415628 +0.00000000e+00j  111.71676935+5.32907052e-15j -145.59107035+0.00000000e+00j  -12.35941874-8.88178420e-16j    4.81521224-3.55271368e-15j
            -4.8937792 +4.44089210e-16j    0.55387023+1.33226763e-15j]
         [  14.26693378+0.00000000e+00j  -57.42012675-3.55271368e-15j -145.59107035+0.00000000e+00j  272.23764588-1.77635684e-15j    4.50820714-3.55271368e-15j  -13.70040336+2.66453526e-15j
            18.77529102-1.77635684e-15j  -16.42260517+0.00000000e+00j]
         [   5.25519073+6.66133815e-16j  -12.33678227+0.00000000e+00j  -12.35941874-8.88178420e-16j    4.50820714-3.55271368e-15j   89.67478844+8.88178420e-15j -100.73882509+0.00000000e+00j
            -0.54615828+1.77635684e-15j   18.24326276-2.66453526e-15j]
         [  -1.99944813-1.77635684e-15j   16.74338435+1.77635684e-15j    4.81521224-3.55271368e-15j  -13.70040336+2.66453526e-15j -100.73882509+0.00000000e+00j  183.23592345+8.88178420e-16j
           -12.44280786-8.88178420e-16j  -12.02336399+3.55271368e-15j]
         [ -24.4080396 +0.00000000e+00j   22.58255768+5.32907052e-15j   -4.8937792 +4.44089210e-16j   18.77529102-1.77635684e-15j   -0.54615828+1.77635684e-15j  -12.44280786-8.88178420e-16j
           102.03024623+7.54951657e-15j -130.094299  -7.10542736e-15j]
         [  52.35895841-4.44089210e-16j  -49.83056849-3.55271368e-15j    0.55387023+1.33226763e-15j  -16.42260517+0.00000000e+00j   18.24326276-2.66453526e-15j  -12.02336399+3.55271368e-15j
          -130.094299  -7.10542736e-15j  232.96583399+7.10542736e-15j]]
        labels=[('kl', 'IDMvVaOA'), ('kl*', 'IDMvVaOA*')],
        shape=(8, 8),
    )
    eigvals of hessian_by_M: DiagonalTensor(
        [ 13.88210295  18.77723332  26.57219164  40.0558347  213.73845224 244.2453324  362.22049343 421.25373166]
        labels=['JhKhvkES', 'JhKhvkES'],
        shape=(8, 8),
    )
SNAG:
    iter_times, elapsed_time, sqdiff: 300, 0.5708260536193848, 1.4155208291027908
    MSN: Tensor(
        [[ 0.63798377+0.15857749j  0.36086476+0.08285407j -0.26119063-0.60336514j -0.5102542 +0.32654014j]
         [-0.2021622 +0.23270855j -0.6355156 -0.21648485j -0.75473256+0.62315269j -0.00739626-0.215338j  ]
         [ 1.19221964+0.56180506j -0.04081532+0.48273354j -0.59324953+0.11098002j -1.05666987+0.47772352j]
         [-0.59333219-0.61976799j  0.02031961-0.90734703j -0.79637861-0.26901574j  0.71943989+0.01845427j]]
        labels=['kl', 'kr'],
        shape=(4, 4),
    )
    grad_by_real_M: Tensor(
        [ 6.88338275e-15-8.32667268e-16j  6.21424028e-16+4.16333634e-17j  3.69149156e-15+4.71844785e-16j -9.99200722e-16-6.13658430e-17j -1.00891517e-14-6.10622664e-16j  1.19522447e-15+1.83880688e-16j
         -1.22124533e-15+6.10622664e-16j  1.51267887e-15-4.16333634e-17j]
        labels=[('kl', 'IDMvVaOA')],
        shape=(8,),
    )
    grad_by_imag_M: Tensor(
        [-1.16573418e-15+2.22044605e-16j -6.93889390e-17-4.52098753e-16j  8.02136135e-15-1.66533454e-16j -4.98516159e-16+5.55111512e-17j -9.99200722e-16-4.16333634e-17j  1.12063137e-15+1.07552856e-16j
          1.94289029e-15-1.66533454e-15j  2.40085729e-15+1.80411242e-16j]
        labels=[('kl', 'IDMvVaOA')],
        shape=(8,),
    )
    hessian_by_M: Tensor(
        [[ 1.66433237e+01+4.44089210e-16j  3.83981770e-01+1.11022302e-16j -8.81804393e-01-4.44089210e-16j  1.19758466e+00+0.00000000e+00j -2.74746036e-01+2.77555756e-17j -4.55906920e-01-1.11022302e-16j
          -4.91157765e+00-3.33066907e-16j  9.31884300e-01+0.00000000e+00j]
         [ 3.83981770e-01+1.11022302e-16j  1.55856867e+00+0.00000000e+00j  5.86808542e-01+1.11022302e-16j -5.53478346e-01+0.00000000e+00j -8.95317569e-01-5.55111512e-17j -1.74146655e-01+3.46944695e-18j
          -1.01630871e+00+0.00000000e+00j  2.86704779e-01+6.93889390e-18j]
         [-8.81804393e-01-4.44089210e-16j  5.86808542e-01+1.11022302e-16j  1.75166761e+01+8.88178420e-16j -5.56297960e-01-5.55111512e-17j  3.19008354e-01+3.33066907e-16j  4.78200254e-01+2.22044605e-16j
          -9.75925847e-01-1.11022302e-16j -9.86793775e-02+5.55111512e-17j]
         [ 1.19758466e+00+0.00000000e+00j -5.53478346e-01+0.00000000e+00j -5.56297960e-01-5.55111512e-17j  1.58532141e+00+0.00000000e+00j  1.60427905e-01+0.00000000e+00j -1.81157032e-01-6.93889390e-18j
           4.86924391e-01+5.55111512e-17j  7.97839620e-02-1.38777878e-17j]
         [-2.74746036e-01+2.77555756e-17j -8.95317569e-01-5.55111512e-17j  3.19008354e-01+3.33066907e-16j  1.60427905e-01+0.00000000e+00j  1.22477120e+01+0.00000000e+00j -1.24843801e-02-5.55111512e-17j
          -3.05230300e-01-5.55111512e-17j  3.33000496e-01-5.55111512e-17j]
         [-4.55906920e-01-1.11022302e-16j -1.74146655e-01+3.46944695e-18j  4.78200254e-01+2.22044605e-16j -1.81157032e-01-6.93889390e-18j -1.24843801e-02-5.55111512e-17j  1.29190108e+00+0.00000000e+00j
          -1.44485452e-01-2.42861287e-17j -2.02703116e-01+0.00000000e+00j]
         [-4.91157765e+00-3.33066907e-16j -1.01630871e+00+0.00000000e+00j -9.75925847e-01-1.11022302e-16j  4.86924391e-01+5.55111512e-17j -3.05230300e-01-5.55111512e-17j -1.44485452e-01-2.42861287e-17j
           1.56315893e+01+4.44089210e-16j -4.26305723e-01+2.77555756e-17j]
         [ 9.31884300e-01+0.00000000e+00j  2.86704779e-01+6.93889390e-18j -9.86793775e-02+5.55111512e-17j  7.97839620e-02-1.38777878e-17j  3.33000496e-01-5.55111512e-17j -2.02703116e-01+0.00000000e+00j
          -4.26305723e-01+2.77555756e-17j  1.11022697e+00+5.55111512e-17j]]
        labels=[('kl', 'IDMvVaOA'), ('kl*', 'IDMvVaOA*')],
        shape=(8, 8),
    )
    eigvals of hessian_by_M: DiagonalTensor(
        [ 0.73434589  0.95408175  1.46588445  1.94782766 11.03113192 12.37337213 17.8886284  21.19004709]
        labels=['JhKhvkES', 'JhKhvkES'],
        shape=(8, 8),
    )
SSpiral(8):
    iter_times, elapsed_time, sqdiff: 300, 0.9870147705078125, 1.7601649602095957
    MSN: Tensor(
        [[ 0.27042269+0.42259765j  0.28528557-0.39117082j -0.30201331-0.41879307j -0.5859384 -0.44129431j]
         [-0.26682407+0.34928886j -0.59584517-0.08855878j -0.59594236+0.24201939j -0.57692023-0.31713467j]
         [ 0.62948022+0.65754717j -0.38478801+0.03525164j -0.57830446+0.50710087j -1.34448673+0.30755411j]
         [-0.31267535-1.13062815j -1.01345074-0.8111216j  -0.81319947+0.1945468j   0.28620978+0.4351076j ]]
        labels=['kl', 'kr'],
        shape=(4, 4),
    )
    grad_by_real_M: Tensor(
        [-1.38777878e-16-3.58046925e-15j  5.62397351e-15+1.69309011e-15j -1.77635684e-15+2.35922393e-16j -2.09832152e-14-3.88578059e-16j  9.60342916e-15-8.18789481e-16j  1.39332990e-14+3.70363462e-16j
         -1.43496326e-14+2.77555756e-17j  5.51989010e-15-2.22044605e-16j]
        labels=[('kl', 'IDMvVaOA')],
        shape=(8,),
    )
    grad_by_imag_M: Tensor(
        [ 3.24740235e-15+1.30451205e-15j  3.69149156e-15+7.80625564e-16j -6.93889390e-17+1.11022302e-15j -1.94289029e-15-1.22124533e-15j  1.64451786e-14+2.77555756e-16j -1.75944329e-14-1.66533454e-16j
         -6.80011603e-15-2.77555756e-17j -1.11022302e-16-7.00828284e-16j]
        labels=[('kl', 'IDMvVaOA')],
        shape=(8,),
    )
    hessian_by_M: Tensor(
        [[ 45.82318923-8.88178420e-16j   5.92203388+1.77635684e-15j   2.8993597 -1.77635684e-15j   3.34135515+8.88178420e-16j  -3.11081786-4.44089210e-16j   8.33316319-6.66133815e-16j
           -9.65792472+6.66133815e-16j  16.20642557+8.88178420e-16j]
         [  5.92203388+1.77635684e-15j  45.04256439-2.22044605e-16j  -4.78358761-8.88178420e-16j -11.32292629+4.44089210e-16j  -6.26568554+8.88178420e-16j  -3.22274006+0.00000000e+00j
            1.56761751+0.00000000e+00j  -2.57237036+4.44089210e-16j]
         [  2.8993597 -1.77635684e-15j  -4.78358761-8.88178420e-16j  49.24411877-2.44249065e-15j -15.83914851-3.55271368e-15j  11.11852126-2.22044605e-16j  -4.79276154+0.00000000e+00j
           -0.83540101+0.00000000e+00j   9.30171414-4.44089210e-16j]
         [  3.34135515+8.88178420e-16j -11.32292629+4.44089210e-16j -15.83914851-3.55271368e-15j  61.93986305-1.77635684e-15j -15.29636027+0.00000000e+00j   2.90903216-8.88178420e-16j
            6.52545172+0.00000000e+00j   4.98469625+4.44089210e-16j]
         [ -3.11081786-4.44089210e-16j  -6.26568554+8.88178420e-16j  11.11852126-2.22044605e-16j -15.29636027+0.00000000e+00j  38.92750424+6.66133815e-16j  -5.74838727-4.44089210e-16j
           -2.53868224-3.88578059e-16j   3.74756354+4.44089210e-16j]
         [  8.33316319-6.66133815e-16j  -3.22274006+0.00000000e+00j  -4.79276154+0.00000000e+00j   2.90903216-8.88178420e-16j  -5.74838727-4.44089210e-16j  53.53425561+0.00000000e+00j
           -2.16023564-8.88178420e-16j  -8.86120153+0.00000000e+00j]
         [ -9.65792472+6.66133815e-16j   1.56761751+0.00000000e+00j  -0.83540101+0.00000000e+00j   6.52545172+0.00000000e+00j  -2.53868224-3.88578059e-16j  -2.16023564-8.88178420e-16j
           41.45039897+0.00000000e+00j  -9.09300094+8.88178420e-16j]
         [ 16.20642557+8.88178420e-16j  -2.57237036+4.44089210e-16j   9.30171414-4.44089210e-16j   4.98469625+4.44089210e-16j   3.74756354+4.44089210e-16j  -8.86120153+0.00000000e+00j
           -9.09300094+8.88178420e-16j  31.63286515-8.88178420e-16j]]
        labels=[('kl', 'IDMvVaOA'), ('kl*', 'IDMvVaOA*')],
        shape=(8, 8),
    )
    eigvals of hessian_by_M: DiagonalTensor(
        [14.54831917 21.79602074 28.8532985  39.52258841 52.91420162 59.33322879 66.06125647 84.56584571]
        labels=['JhKhvkES', 'JhKhvkES'],
        shape=(8, 8),
    )
SSpiral(11):
    iter_times, elapsed_time, sqdiff: 300, 1.026831865310669, 1.7601649602095948
    MSN: Tensor(
        [[ 0.27042269+0.42259765j  0.28528557-0.39117082j -0.30201331-0.41879307j -0.5859384 -0.44129431j]
         [-0.26682407+0.34928886j -0.59584517-0.08855878j -0.59594236+0.24201939j -0.57692023-0.31713467j]
         [ 0.62948022+0.65754717j -0.38478801+0.03525164j -0.57830446+0.50710087j -1.34448673+0.30755411j]
         [-0.31267535-1.13062815j -1.01345074-0.8111216j  -0.81319947+0.1945468j   0.28620978+0.4351076j ]]
        labels=['kl', 'kr'],
        shape=(4, 4),
    )
    grad_by_real_M: Tensor(
        [-3.08086889e-14-6.31439345e-16j -3.72341047e-14-1.23512311e-15j -1.73194792e-14+3.05311332e-16j  7.43849426e-15+3.88578059e-16j  1.60149671e-14+6.80011603e-16j  2.66453526e-15+4.89408861e-16j
         -2.14273044e-14-1.33226763e-15j -5.62744296e-15+2.02615702e-15j]
        labels=[('kl', 'IDMvVaOA')],
        shape=(8,),
    )
    grad_by_imag_M: Tensor(
        [ 3.19536064e-14+1.05471187e-15j  1.67504899e-14-5.68989300e-16j -4.23272528e-14+1.33226763e-15j -2.48134846e-14-9.99200722e-16j -2.45636844e-15-1.94289029e-16j -1.24915269e-14+5.55111512e-16j
          1.04916076e-14-1.88737914e-15j -1.42941214e-14-1.35308431e-16j]
        labels=[('kl', 'IDMvVaOA')],
        shape=(8,),
    )
    hessian_by_M: Tensor(
        [[ 43.51033978-8.88178420e-16j   6.68903982-8.88178420e-16j   2.78865204+0.00000000e+00j   2.46719627+0.00000000e+00j  -3.18032345+4.44089210e-16j   8.63934024+2.22044605e-16j
           -8.76524601+4.44089210e-16j  15.25545099+0.00000000e+00j]
         [  6.68903982-8.88178420e-16j  46.23738051+1.11022302e-15j  -4.388185  +0.00000000e+00j -11.53921464+4.44089210e-16j  -6.2119093 +8.88178420e-16j  -3.50492855-8.88178420e-16j
            1.92728014-4.44089210e-16j  -2.50669245+8.88178420e-16j]
         [  2.78865204+0.00000000e+00j  -4.388185  +0.00000000e+00j  46.66739146+1.77635684e-15j -14.99512504-8.88178420e-16j  10.71466446-2.22044605e-16j  -4.93082681+0.00000000e+00j
           -0.43448432-1.33226763e-15j   9.25961557+1.66533454e-16j]
         [  2.46719627+0.00000000e+00j -11.53921464+4.44089210e-16j -14.99512504-8.88178420e-16j  63.82373965-1.77635684e-15j -15.66247559-1.77635684e-15j   3.31010915-8.88178420e-16j
            6.26610425+0.00000000e+00j   5.25132258+0.00000000e+00j]
         [ -3.18032345+4.44089210e-16j  -6.2119093 +8.88178420e-16j  10.71466446-2.22044605e-16j -15.66247559-1.77635684e-15j  36.91214228-2.22044605e-16j  -4.93430382+4.44089210e-16j
           -2.5259525 -5.55111512e-16j   3.04536772+4.44089210e-16j]
         [  8.63934024+2.22044605e-16j  -3.50492855-8.88178420e-16j  -4.93082681+0.00000000e+00j   3.31010915-8.88178420e-16j  -4.93430382+4.44089210e-16j  55.04223043+5.32907052e-15j
           -1.50838601+1.77635684e-15j  -9.18514372+1.77635684e-15j]
         [ -8.76524601+4.44089210e-16j   1.92728014-4.44089210e-16j  -0.43448432-1.33226763e-15j   6.26610425+0.00000000e+00j  -2.5259525 -5.55111512e-16j  -1.50838601+1.77635684e-15j
           39.27008317-2.22044605e-15j  -8.66155787+1.77635684e-15j]
         [ 15.25545099+0.00000000e+00j  -2.50669245+8.88178420e-16j   9.25961557+1.66533454e-16j   5.25132258+0.00000000e+00j   3.04536772+4.44089210e-16j  -9.18514372+1.77635684e-15j
           -8.66155787+1.77635684e-15j  32.65629735-1.77635684e-15j]]
        labels=[('kl', 'IDMvVaOA'), ('kl*', 'IDMvVaOA*')],
        shape=(8, 8),
    )
    eigvals of hessian_by_M: DiagonalTensor(
        [15.05947477 21.68542794 26.9638802  38.5524113  54.08761058 60.36067231 63.20033181 84.20979575]
        labels=['JhKhvkES', 'JhKhvkES'],
        shape=(8, 8),
    )
SSpiral(14):
    iter_times, elapsed_time, sqdiff: 300, 0.9585587978363037, 1.760164960209595
    MSN: Tensor(
        [[ 0.27042269+0.42259765j  0.28528557-0.39117082j -0.30201331-0.41879307j -0.5859384 -0.44129431j]
         [-0.26682407+0.34928886j -0.59584517-0.08855878j -0.59594236+0.24201939j -0.57692023-0.31713467j]
         [ 0.62948022+0.65754717j -0.38478801+0.03525164j -0.57830446+0.50710087j -1.34448673+0.30755411j]
         [-0.31267535-1.13062815j -1.01345074-0.8111216j  -0.81319947+0.1945468j   0.28620978+0.4351076j ]]
        labels=['kl', 'kr'],
        shape=(4, 4),
    )
    grad_by_real_M: Tensor(
        [ 4.31321645e-14-9.29811783e-16j  5.47895063e-14-1.04083409e-16j  1.50213175e-13+2.63677968e-16j -6.31716901e-14+7.77156117e-16j -1.94844141e-14-6.24500451e-16j  3.36397576e-14-2.22911967e-16j
          9.90874049e-15-1.60982339e-15j  5.39472980e-14+2.22044605e-16j]
        labels=[('kl', 'IDMvVaOA')],
        shape=(8,),
    )
    grad_by_imag_M: Tensor(
        [-1.41484047e-13+5.55111512e-16j -5.98479599e-14+4.16333634e-16j -3.67900155e-14-1.11022302e-16j  1.63202785e-14+1.44328993e-15j  1.22193922e-13+8.32667268e-16j -1.76655565e-14+1.88737914e-15j
         -1.29896094e-14+1.94289029e-16j  1.84297022e-14+1.18828558e-16j]
        labels=[('kl', 'IDMvVaOA')],
        shape=(8,),
    )
    hessian_by_M: Tensor(
        [[ 40.07625193+0.00000000e+00j   7.69032661-8.88178420e-16j   2.62679874+0.00000000e+00j   2.50424254+0.00000000e+00j  -3.14774747+8.88178420e-16j   8.50770447+0.00000000e+00j
           -8.14069858-1.11022302e-16j  14.22443632+4.44089210e-16j]
         [  7.69032661-8.88178420e-16j  47.51377618-9.99200722e-16j  -3.99116314-1.77635684e-15j -11.72171922+8.88178420e-16j  -6.30993208+8.88178420e-16j  -3.61682443-8.88178420e-16j
            1.74778369+0.00000000e+00j  -1.85801792-4.44089210e-16j]
         [  2.62679874+0.00000000e+00j  -3.99116314-1.77635684e-15j  43.7313896 +6.66133815e-16j -13.29125366+8.88178420e-16j  10.39725608-1.66533454e-16j  -4.22182685+0.00000000e+00j
           -0.42533509+1.77635684e-15j   8.90482778+4.44089210e-16j]
         [  2.50424254+0.00000000e+00j -11.72171922+8.88178420e-16j -13.29125366+8.88178420e-16j  64.00521263-1.77635684e-15j -14.98738022-8.88178420e-16j   2.87699885-8.88178420e-16j
            5.955072  +0.00000000e+00j   5.97780683-4.44089210e-16j]
         [ -3.14774747+8.88178420e-16j  -6.30993208+8.88178420e-16j  10.39725608-1.66533454e-16j -14.98738022-8.88178420e-16j  34.36173061+4.44089210e-16j  -3.85078422+0.00000000e+00j
           -2.45547714+5.55111512e-17j   2.70195849-2.22044605e-16j]
         [  8.50770447+0.00000000e+00j  -3.61682443-8.88178420e-16j  -4.22182685+0.00000000e+00j   2.87699885-8.88178420e-16j  -3.85078422+0.00000000e+00j  55.67698781+5.32907052e-15j
           -1.24586317+0.00000000e+00j  -9.33981142+8.88178420e-16j]
         [ -8.14069858-1.11022302e-16j   1.74778369+0.00000000e+00j  -0.42533509+1.77635684e-15j   5.955072  +0.00000000e+00j  -2.45547714+5.55111512e-17j  -1.24586317+0.00000000e+00j
           36.62608377-4.44089210e-16j  -7.19920788+0.00000000e+00j]
         [ 14.22443632+4.44089210e-16j  -1.85801792-4.44089210e-16j   8.90482778+4.44089210e-16j   5.97780683-4.44089210e-16j   2.70195849-2.22044605e-16j  -9.33981142+8.88178420e-16j
           -7.19920788+0.00000000e+00j  32.75179695-8.88178420e-16j]]
        labels=[('kl', 'IDMvVaOA'), ('kl*', 'IDMvVaOA*')],
        shape=(8, 8),
    )
