b=4, chi=2, seed=817, 
NOR:
    iter_times, elapsed_time, sqdiff: 300, 0.42841291427612305, 1.3588348219986222
    MSN: Tensor(
        [[ 0.16660737-0.80342294j  0.59949054+0.53896682j -0.53947066-0.11856402j  0.12109022-0.3414697j ]
         [-2.13472205-0.48094333j -1.40961413+1.55456887j  0.61412319+0.51797193j  1.54856848+1.58258525j]
         [-1.86213266-1.30704249j  0.64294981+0.64410463j -0.43223335+0.78023229j  0.49773442+0.24026054j]
         [ 0.6385605 +1.38331763j -1.31329648-0.22754735j  0.87962221-0.39585649j  0.12394908+0.51907823j]]
        labels=['kl', 'kr'],
        shape=(4, 4),
    )
    grad_by_real_M: Tensor(
        [ 9.08439990e-13+4.16333634e-16j -1.11399778e-12+4.82947016e-15j -6.11947992e-13+1.94289029e-15j  4.73621142e-13-1.56819002e-15j  1.38872247e-12+1.88737914e-15j -1.15496501e-12-1.94289029e-16j
          1.02701181e-12-9.43689571e-16j -9.98812144e-13+0.00000000e+00j]
        labels=[('kl', 'hgtAsvxe')],
        shape=(8,),
    )
    grad_by_imag_M: Tensor(
        [-1.24059096e-12-1.33226763e-15j  1.51711976e-13-1.11022302e-15j -5.56332758e-13+1.49186219e-15j  1.11897991e-12+3.99680289e-15j  1.12410081e-12-7.74380560e-15j -2.32577846e-12+4.32986980e-15j
          4.20996571e-13+3.05311332e-15j -1.98774330e-12+4.94049246e-15j]
        labels=[('kl', 'hgtAsvxe')],
        shape=(8,),
    )
    hessian_by_real_M: Tensor(
        [[ 77.39264516+3.55271368e-15j  38.81882924+5.32907052e-15j -12.90556345+0.00000000e+00j -14.30536235-1.77635684e-15j  -3.28035094-8.88178420e-16j   6.03585005+0.00000000e+00j
            0.54871227+4.44089210e-16j   9.32533267+8.88178420e-16j]
         [ 38.81882924+5.32907052e-15j 118.10918123+8.88178420e-16j  -5.13941749-8.88178420e-16j -13.86614054-1.77635684e-15j  23.22631919+1.77635684e-15j  15.53675851+0.00000000e+00j
          -31.56320387-2.22044605e-15j -66.88170622+0.00000000e+00j]
         [-12.90556345+0.00000000e+00j  -5.13941749-8.88178420e-16j  73.50420551+0.00000000e+00j  59.09701007+0.00000000e+00j  15.18312974+1.33226763e-15j   0.24395   -8.88178420e-16j
           -9.24492776-2.22044605e-16j  -1.2547159 +1.77635684e-15j]
         [-14.30536235-1.77635684e-15j -13.86614054-1.77635684e-15j  59.09701007+0.00000000e+00j 163.84628507-5.32907052e-15j  21.45969551+0.00000000e+00j -53.37752307+1.55431223e-15j
          -11.39855497-1.77635684e-15j -40.67569265+1.77635684e-15j]
         [ -3.28035094-8.88178420e-16j  23.22631919+1.77635684e-15j  15.18312974+1.33226763e-15j  21.45969551+0.00000000e+00j  67.20664658-1.77635684e-15j  26.88528104+2.66453526e-15j
           11.46245521-1.77635684e-15j -38.86522063-8.88178420e-16j]
         [  6.03585005+0.00000000e+00j  15.53675851+0.00000000e+00j   0.24395   -8.88178420e-16j -53.37752307+1.55431223e-15j  26.88528104+2.66453526e-15j 162.22434787-4.44089210e-15j
           20.39995609+0.00000000e+00j   4.59361044-1.77635684e-15j]
         [  0.54871227+4.44089210e-16j -31.56320387-2.22044605e-15j  -9.24492776-2.22044605e-16j -11.39855497-1.77635684e-15j  11.46245521-1.77635684e-15j  20.39995609+0.00000000e+00j
           38.53795939-1.77635684e-15j  28.16139187+0.00000000e+00j]
         [  9.32533267+8.88178420e-16j -66.88170622+0.00000000e+00j  -1.2547159 +1.77635684e-15j -40.67569265+1.77635684e-15j -38.86522063-8.88178420e-16j   4.59361044-1.77635684e-15j
           28.16139187+0.00000000e+00j 194.67650754-8.88178420e-15j]]
        labels=[('kl', 'hgtAsvxe'), ('kl*', 'hgtAsvxe*')],
        shape=(8, 8),
    )
    hessian_by_imag_M: Tensor(
        [[  0.        +0.00000000e+00j -17.28331851+0.00000000e+00j   2.35934405+8.88178420e-16j  16.06061734+8.88178420e-16j   0.0737309 +0.00000000e+00j -29.21861527-8.88178420e-16j
            4.39239986-6.66133815e-16j  -0.92853169+3.55271368e-15j]
         [ 17.28331851+0.00000000e+00j   0.        +0.00000000e+00j -11.43987751-1.33226763e-15j   5.2266426 -1.77635684e-15j -14.82055435+0.00000000e+00j -32.94993193-3.55271368e-15j
           -6.50532532-1.77635684e-15j  11.15530347-7.10542736e-15j]
         [ -2.35934405-8.88178420e-16j  11.43987751+1.33226763e-15j   0.        +0.00000000e+00j -37.06714135-7.10542736e-15j  -6.6171179 +0.00000000e+00j   2.31120928-2.22044605e-15j
           -2.87020331-8.88178420e-16j  11.19390337+2.22044605e-16j]
         [-16.06061734-8.88178420e-16j  -5.2266426 +1.77635684e-15j  37.06714135+7.10542736e-15j   0.        +0.00000000e+00j -24.70969342+3.55271368e-15j  -0.41388401+3.55271368e-15j
          -10.52153897+8.88178420e-16j  16.15023474+0.00000000e+00j]
         [ -0.0737309 +0.00000000e+00j  14.82055435+0.00000000e+00j   6.6171179 +0.00000000e+00j  24.70969342-3.55271368e-15j   0.        +0.00000000e+00j -10.41584168-3.55271368e-15j
          -15.36645791-1.77635684e-15j -14.25170769-3.55271368e-15j]
         [ 29.21861527+8.88178420e-16j  32.94993193+3.55271368e-15j  -2.31120928+2.22044605e-15j   0.41388401-3.55271368e-15j  10.41584168+3.55271368e-15j   0.        +0.00000000e+00j
            5.09356803+1.77635684e-15j -16.90509989+0.00000000e+00j]
         [ -4.39239986+6.66133815e-16j   6.50532532+1.77635684e-15j   2.87020331+8.88178420e-16j  10.52153897-8.88178420e-16j  15.36645791+1.77635684e-15j  -5.09356803-1.77635684e-15j
            0.        +0.00000000e+00j  -4.56546904+1.77635684e-15j]
         [  0.92853169-3.55271368e-15j -11.15530347+7.10542736e-15j -11.19390337-2.22044605e-16j -16.15023474+0.00000000e+00j  14.25170769+3.55271368e-15j  16.90509989+0.00000000e+00j
            4.56546904-1.77635684e-15j   0.        +0.00000000e+00j]]
        labels=[('kl', 'hgtAsvxe'), ('kl*', 'hgtAsvxe*')],
        shape=(8, 8),
    )
    eigvals of hessian_by_real_M: DiagonalTensor(
        [ 11.54997073  29.56934843  47.52980914  58.12143135 102.0276982  147.00386637 229.17992204 270.51573208]
        labels=['yPrenLCa', 'yPrenLCa'],
        shape=(8, 8),
    )
    eigvals of hessian_by_imag_M: DiagonalTensor(
        [-59.05717883 -32.66164761 -24.47633462 -19.38233543  -3.80901573  21.29986433  58.17074535  59.91590254]
        labels=['MKNFoUix', 'MKNFoUix'],
        shape=(8, 8),
    )
WCOR:
    iter_times, elapsed_time, sqdiff: 300, 0.44201183319091797, 1.3588348219986157
    MSN: Tensor(
        [[ 0.16660737-0.80342294j  0.59949054+0.53896682j -0.53947066-0.11856402j  0.12109022-0.3414697j ]
         [-2.13472205-0.48094333j -1.40961413+1.55456887j  0.61412319+0.51797193j  1.54856848+1.58258525j]
         [-1.86213266-1.30704249j  0.64294981+0.64410463j -0.43223335+0.78023229j  0.49773442+0.24026054j]
         [ 0.6385605 +1.38331763j -1.31329648-0.22754735j  0.87962221-0.39585649j  0.12394908+0.51907823j]]
        labels=['kl', 'kr'],
        shape=(4, 4),
    )
    grad_by_real_M: Tensor(
        [ 8.60422844e-16+5.55111512e-17j  8.65973959e-15-2.66453526e-15j -1.85615412e-14+8.32667268e-16j -5.32907052e-14+2.08166817e-16j  7.09154957e-15-1.66533454e-15j -3.16413562e-14+8.38218384e-15j
          2.08166817e-15+1.80411242e-15j  7.66053887e-15-3.33066907e-15j]
        labels=[('kl', 'hgtAsvxe')],
        shape=(8,),
    )
    grad_by_imag_M: Tensor(
        [-2.00395256e-14+7.49400542e-16j -2.22044605e-14-1.55431223e-15j  3.54716256e-14+3.37924133e-15j  4.19247970e-14+8.54871729e-15j -2.54241073e-14-3.96904731e-15j  2.95319325e-14-3.66373598e-15j
          4.08006962e-15+2.30371278e-15j -5.55111512e-16+3.05311332e-15j]
        labels=[('kl', 'hgtAsvxe')],
        shape=(8,),
    )
    hessian_by_real_M: Tensor(
        [[ 56.35070802+0.00000000e+00j  26.47413837+8.88178420e-16j  -8.76634475+8.88178420e-16j -12.34236851+8.88178420e-16j  -2.67611654-2.22044605e-16j   9.91799693-1.77635684e-15j
            0.37351384+1.77635684e-15j   7.35592704+2.22044605e-15j]
         [ 26.47413837+8.88178420e-16j 100.36877717+1.77635684e-15j  -4.52248305-2.66453526e-15j -12.42640056-8.88178420e-16j  15.98121726+0.00000000e+00j  11.54604442+0.00000000e+00j
          -26.02582028+1.77635684e-15j -57.34112604-5.32907052e-15j]
         [ -8.76634475+8.88178420e-16j  -4.52248305-2.66453526e-15j  52.56412915+0.00000000e+00j  45.65059305+3.55271368e-15j  12.01020884+0.00000000e+00j  -2.03647353+5.55111512e-16j
           -6.251693  +0.00000000e+00j  -2.45598646-8.88178420e-16j]
         [-12.34236851+8.88178420e-16j -12.42640056-8.88178420e-16j  45.65059305+3.55271368e-15j 139.3148469 +5.32907052e-15j  13.14627306+0.00000000e+00j -51.48783372+4.44089210e-16j
           -8.88584367-8.88178420e-16j -36.49722214-1.77635684e-15j]
         [ -2.67611654-2.22044605e-16j  15.98121726+0.00000000e+00j  12.01020884+0.00000000e+00j  13.14627306+0.00000000e+00j  49.21820942+0.00000000e+00j  16.94562716+8.88178420e-16j
            7.74859281+0.00000000e+00j -30.83131545-1.77635684e-15j]
         [  9.91799693-1.77635684e-15j  11.54604442+0.00000000e+00j  -2.03647353+5.55111512e-16j -51.48783372+4.44089210e-16j  16.94562716+8.88178420e-16j 140.99267023+7.10542736e-15j
           16.53415697-2.22044605e-16j   7.76441108+1.77635684e-15j]
         [  0.37351384+1.77635684e-15j -26.02582028+1.77635684e-15j  -6.251693  +0.00000000e+00j  -8.88584367-8.88178420e-16j   7.74859281+0.00000000e+00j  16.53415697-2.22044605e-16j
           28.56645974-8.88178420e-16j  19.76787829+2.22044605e-16j]
         [  7.35592704+2.22044605e-15j -57.34112604-5.32907052e-15j  -2.45598646-8.88178420e-16j -36.49722214-1.77635684e-15j -30.83131545-1.77635684e-15j   7.76441108+1.77635684e-15j
           19.76787829+2.22044605e-16j 168.11360845+7.10542736e-15j]]
        labels=[('kl', 'hgtAsvxe'), ('kl*', 'hgtAsvxe*')],
        shape=(8, 8),
    )
    hessian_by_imag_M: Tensor(
        [[  0.        +0.00000000e+00j -11.32306145+0.00000000e+00j   2.03971955+8.88178420e-16j  11.37182303+0.00000000e+00j   0.30788639-8.88178420e-16j -21.91495006+0.00000000e+00j
            1.9693467 +5.55111512e-16j  -2.13014968+2.22044605e-15j]
         [ 11.32306145+0.00000000e+00j   0.        +0.00000000e+00j  -9.2860638 +8.88178420e-16j   3.50844898+1.77635684e-15j -15.61798255+8.88178420e-16j -25.64418684-1.77635684e-15j
            0.73969144+1.77635684e-15j  13.80383357+0.00000000e+00j]
         [ -2.03971955-8.88178420e-16j   9.2860638 -8.88178420e-16j   0.        +0.00000000e+00j -22.72292353-3.55271368e-15j  -4.33450366+8.88178420e-16j  -0.72414086-6.66133815e-16j
           -2.39044557+4.44089210e-16j   8.43583043+1.11022302e-15j]
         [-11.37182303+0.00000000e+00j  -3.50844898-1.77635684e-15j  22.72292353+3.55271368e-15j   0.        +0.00000000e+00j -18.79716313+0.00000000e+00j   0.43298783+3.55271368e-15j
           -6.05220252+8.88178420e-16j  14.95462201+0.00000000e+00j]
         [ -0.30788639+8.88178420e-16j  15.61798255-8.88178420e-16j   4.33450366-8.88178420e-16j  18.79716313+0.00000000e+00j   0.        +0.00000000e+00j  -5.00705523+0.00000000e+00j
           -9.56738094+8.88178420e-16j -15.76476017+0.00000000e+00j]
         [ 21.91495006+0.00000000e+00j  25.64418684+1.77635684e-15j   0.72414086+6.66133815e-16j  -0.43298783-3.55271368e-15j   5.00705523+0.00000000e+00j   0.        +0.00000000e+00j
            3.42584409+0.00000000e+00j -18.63252054+2.22044605e-15j]
         [ -1.9693467 -5.55111512e-16j  -0.73969144-1.77635684e-15j   2.39044557-4.44089210e-16j   6.05220252-8.88178420e-16j   9.56738094-8.88178420e-16j  -3.42584409+0.00000000e+00j
            0.        +0.00000000e+00j   3.22333006+0.00000000e+00j]
         [  2.13014968-2.22044605e-15j -13.80383357+0.00000000e+00j  -8.43583043-1.11022302e-15j -14.95462201+0.00000000e+00j  15.76476017+0.00000000e+00j  18.63252054-2.22044605e-15j
           -3.22333006+0.00000000e+00j   0.        +0.00000000e+00j]]
        labels=[('kl', 'hgtAsvxe'), ('kl*', 'hgtAsvxe*')],
        shape=(8, 8),
    )
    eigvals of hessian_by_real_M: DiagonalTensor(
        [  9.87466004  24.09794555  39.4181234   43.66419174  77.8040926  113.28867541 194.0467506  233.29496974]
        labels=['yPrenLCa', 'yPrenLCa'],
        shape=(8, 8),
    )
    eigvals of hessian_by_imag_M: DiagonalTensor(
        [-51.87324824 -23.1956227  -18.73950736  -9.83496561  -0.82095154  16.9804824   41.26321059  46.22060246]
        labels=['MKNFoUix', 'MKNFoUix'],
        shape=(8, 8),
    )
WROR:
    iter_times, elapsed_time, sqdiff: 300, 0.601146936416626, 1.3588348219986024
    MSN: Tensor(
        [[ 0.16660737-0.80342294j  0.59949054+0.53896682j -0.53947066-0.11856402j  0.12109022-0.3414697j ]
         [-2.13472205-0.48094333j -1.40961413+1.55456887j  0.61412319+0.51797193j  1.54856848+1.58258525j]
         [-1.86213266-1.30704249j  0.64294981+0.64410463j -0.43223335+0.78023229j  0.49773442+0.24026054j]
         [ 0.6385605 +1.38331763j -1.31329648-0.22754735j  0.87962221-0.39585649j  0.12394908+0.51907823j]]
        labels=['kl', 'kr'],
        shape=(4, 4),
    )
    grad_by_real_M: Tensor(
        [ 2.77000645e-14+8.46545056e-16j  1.76525461e-14-3.88578059e-16j -2.54024232e-14+4.57966998e-16j  1.05832010e-13-3.16413562e-15j -6.56419363e-15+2.35922393e-16j -6.28386232e-14+1.91513472e-15j
         -1.99701367e-14+1.08246745e-15j -3.38340467e-14-7.77156117e-16j]
        labels=[('kl', 'hgtAsvxe')],
        shape=(8,),
    )
    grad_by_imag_M: Tensor(
        [ 8.20177259e-15+4.99600361e-16j  3.33622019e-14-7.77156117e-16j -8.88178420e-15-2.41907189e-15j -9.01778652e-14-5.35682609e-15j  4.42562653e-14+2.53963517e-15j  2.63677968e-15+3.33066907e-16j
          4.52415883e-15+8.32667268e-17j  4.88498131e-15+1.85962357e-15j]
        labels=[('kl', 'hgtAsvxe')],
        shape=(8,),
    )
    hessian_by_real_M: Tensor(
        [[ 20.12576601+4.44089210e-16j   1.34006808+1.33226763e-15j  -1.32531567+2.22044605e-16j  -5.69985501-1.11022302e-16j  -1.03815453+4.44089210e-16j   9.95701745+4.44089210e-16j
           -2.06618031+6.66133815e-16j   3.5253595 -4.44089210e-16j]
         [  1.34006808+1.33226763e-15j  47.41212079+1.77635684e-15j  -1.89971749-4.44089210e-16j  -4.20348248-8.88178420e-16j   1.72953656-8.88178420e-16j   1.13842068-4.44089210e-16j
           -6.11531436-8.88178420e-16j -26.95035308+0.00000000e+00j]
         [ -1.32531567+2.22044605e-16j  -1.89971749-4.44089210e-16j  17.94940725-4.44089210e-16j  10.41944365+1.77635684e-15j   4.35914688-5.55111512e-17j  -1.1747456 +0.00000000e+00j
           -1.82916063+2.22044605e-16j  -2.32860534+8.88178420e-16j]
         [ -5.69985501-1.11022302e-16j  -4.20348248-8.88178420e-16j  10.41944365+1.77635684e-15j  60.8579525 +1.77635684e-15j   3.02010597+1.11022302e-16j -28.85614216+0.00000000e+00j
           -0.53703702-4.44089210e-16j -17.83436416+0.00000000e+00j]
         [ -1.03815453+4.44089210e-16j   1.72953656-8.88178420e-16j   4.35914688-5.55111512e-17j   3.02010597+1.11022302e-16j  20.17310151+4.44089210e-16j  -4.47699523+0.00000000e+00j
            0.80729415+5.55111512e-17j  -8.9889522 -8.88178420e-16j]
         [  9.95701745+4.44089210e-16j   1.13842068-4.44089210e-16j  -1.1747456 +0.00000000e+00j -28.85614216+0.00000000e+00j  -4.47699523+0.00000000e+00j  72.03958613+1.77635684e-15j
            4.15280695+0.00000000e+00j   7.51700911+0.00000000e+00j]
         [ -2.06618031+6.66133815e-16j  -6.11531436-8.88178420e-16j  -1.82916063+2.22044605e-16j  -0.53703702-4.44089210e-16j   0.80729415+5.55111512e-17j   4.15280695+0.00000000e+00j
           15.77335748+0.00000000e+00j  -3.20045719+1.77635684e-15j]
         [  3.5253595 -4.44089210e-16j -26.95035308+0.00000000e+00j  -2.32860534+8.88178420e-16j -17.83436416+0.00000000e+00j  -8.9889522 -8.88178420e-16j   7.51700911+0.00000000e+00j
           -3.20045719+1.77635684e-15j  83.88300804-1.77635684e-15j]]
        labels=[('kl', 'hgtAsvxe'), ('kl*', 'hgtAsvxe*')],
        shape=(8, 8),
    )
    hessian_by_imag_M: Tensor(
        [[ 0.00000000e+00+0.00000000e+00j  7.51788788e+00+1.11022302e-16j  1.61084817e+00+2.22044605e-16j  1.21388589e+00+4.44089210e-16j -2.91849418e-01+4.44089210e-16j -5.48040893e+00+0.00000000e+00j
          -2.33323163e+00-6.66133815e-16j -6.45053639e+00+0.00000000e+00j]
         [-7.51788788e+00-1.11022302e-16j  0.00000000e+00+0.00000000e+00j -2.74256849e+00+5.55111512e-16j  1.54164031e+00-4.44089210e-16j -9.15435917e+00-4.44089210e-16j -6.60526580e+00-8.88178420e-16j
           1.08166606e+01+8.88178420e-16j  8.03631381e+00+1.77635684e-15j]
         [-1.61084817e+00-2.22044605e-16j  2.74256849e+00-5.55111512e-16j  0.00000000e+00+0.00000000e+00j  1.03552517e+01+8.88178420e-16j -5.22687735e-03+0.00000000e+00j -7.93411173e+00-5.55111512e-16j
          -9.84435433e-01-2.22044605e-16j -1.13161403e+00-4.44089210e-16j]
         [-1.21388589e+00-4.44089210e-16j -1.54164031e+00+4.44089210e-16j -1.03552517e+01-8.88178420e-16j  0.00000000e+00+0.00000000e+00j -1.92701031e+00+0.00000000e+00j  3.48721989e+00-1.77635684e-15j
           2.83204395e+00+0.00000000e+00j  7.40724668e+00+1.77635684e-15j]
         [ 2.91849418e-01-4.44089210e-16j  9.15435917e+00+4.44089210e-16j  5.22687735e-03+0.00000000e+00j  1.92701031e+00+0.00000000e+00j  0.00000000e+00+0.00000000e+00j  1.42531671e+01-8.88178420e-16j
           9.73416600e-01-2.22044605e-16j -9.09954096e+00+8.88178420e-16j]
         [ 5.48040893e+00+0.00000000e+00j  6.60526580e+00+8.88178420e-16j  7.93411173e+00+5.55111512e-16j -3.48721989e+00+1.77635684e-15j -1.42531671e+01+8.88178420e-16j  0.00000000e+00+0.00000000e+00j
          -1.19294982e+00-4.44089210e-16j -8.64980420e+00-4.44089210e-16j]
         [ 2.33323163e+00+6.66133815e-16j -1.08166606e+01-8.88178420e-16j  9.84435433e-01+2.22044605e-16j -2.83204395e+00+0.00000000e+00j -9.73416600e-01+2.22044605e-16j  1.19294982e+00+4.44089210e-16j
           0.00000000e+00+0.00000000e+00j  2.22701848e+01+1.11022302e-15j]
         [ 6.45053639e+00+0.00000000e+00j -8.03631381e+00-1.77635684e-15j  1.13161403e+00+4.44089210e-16j -7.40724668e+00-1.77635684e-15j  9.09954096e+00-8.88178420e-16j  8.64980420e+00+4.44089210e-16j
          -2.22701848e+01-1.11022302e-15j  0.00000000e+00+0.00000000e+00j]]
        labels=[('kl', 'hgtAsvxe'), ('kl*', 'hgtAsvxe*')],
        shape=(8, 8),
    )
    eigvals of hessian_by_real_M: DiagonalTensor(
        [ 10.3183665   13.82077294  18.38986762  21.3355979   30.18200446  43.66589537  86.05913279 114.44266213]
        labels=['bmImYMxu', 'bmImYMxu'],
        shape=(8, 8),
    )
    eigvals of hessian_by_imag_M: DiagonalTensor(
        [-37.57091669 -15.72001307 -10.29149096  -3.13721851   5.59278823  13.78770332  20.70177752  26.63737016]
        labels=['ufCllBrT', 'ufCllBrT'],
        shape=(8, 8),
    )
IWROR:
    iter_times, elapsed_time, sqdiff: 300, 0.44200778007507324, 1.3588348219986
    MSN: Tensor(
        [[ 0.16660737-0.80342294j  0.59949054+0.53896682j -0.53947066-0.11856402j  0.12109022-0.3414697j ]
         [-2.13472205-0.48094333j -1.40961413+1.55456887j  0.61412319+0.51797193j  1.54856848+1.58258525j]
         [-1.86213266-1.30704249j  0.64294981+0.64410463j -0.43223335+0.78023229j  0.49773442+0.24026054j]
         [ 0.6385605 +1.38331763j -1.31329648-0.22754735j  0.87962221-0.39585649j  0.12394908+0.51907823j]]
        labels=['kl', 'kr'],
        shape=(4, 4),
    )
    grad_by_real_M: Tensor(
        [ 2.01436090e-14+1.45716772e-15j -2.57571742e-14+9.99200722e-16j  8.42294984e-15-1.31838984e-15j  2.66453526e-14-5.87030424e-15j  2.64545330e-15-1.99840144e-15j  8.37108161e-14-7.88258347e-15j
          1.45161660e-14-4.16333634e-16j -1.76803017e-14+7.77156117e-16j]
        labels=[('kl', 'hgtAsvxe')],
        shape=(8,),
    )
    grad_by_imag_M: Tensor(
        [-1.44745327e-14+1.06165077e-15j -4.27435864e-14+2.66453526e-15j -6.33798569e-14-1.72344777e-15j -1.76941795e-14-1.33226763e-15j -9.43689571e-16-1.51094415e-15j  1.64868119e-14-7.10542736e-15j
         -6.57807142e-15-1.50573998e-15j  1.98729921e-14+2.13717932e-15j]
        labels=[('kl', 'hgtAsvxe')],
        shape=(8,),
    )
    hessian_by_real_M: Tensor(
        [[ 23.43323826+4.44089210e-16j   1.92568232-2.22044605e-15j  -1.63102617-3.33066907e-16j  -7.21067809+8.88178420e-16j  -2.01444888+5.55111512e-17j  12.13298474-4.44089210e-16j
           -1.2302495 +6.66133815e-16j   5.92963767+0.00000000e+00j]
         [  1.92568232-2.22044605e-15j  70.25426584+8.88178420e-16j  -2.43913224+4.44089210e-16j  -7.45455059-8.88178420e-16j   3.4663546 +0.00000000e+00j   2.70197705-1.77635684e-15j
           -8.47449254-8.88178420e-16j -39.25661633-1.77635684e-15j]
         [ -1.63102617-3.33066907e-16j  -2.43913224+4.44089210e-16j  19.69676986+4.44089210e-16j  13.39700255-1.77635684e-15j   5.49496741-8.32667268e-17j  -0.12327536+0.00000000e+00j
           -1.90685079+1.11022302e-16j  -1.94110436-6.66133815e-16j]
         [ -7.21067809+8.88178420e-16j  -7.45455059-8.88178420e-16j  13.39700255-1.77635684e-15j  91.90541023-1.77635684e-15j   5.85346788-4.44089210e-16j -42.4121359 -1.55431223e-15j
           -0.75264107-6.66133815e-16j -26.69433799+4.44089210e-15j]
         [ -2.01444888+5.55111512e-17j   3.4663546 +0.00000000e+00j   5.49496741-8.32667268e-17j   5.85346788-4.44089210e-16j  23.07589985+2.22044605e-16j  -6.53297908-3.55271368e-15j
            1.83837706+1.11022302e-16j -13.85069137+0.00000000e+00j]
         [ 12.13298474-4.44089210e-16j   2.70197705-1.77635684e-15j  -0.12327536+0.00000000e+00j -42.4121359 -1.55431223e-15j  -6.53297908-3.55271368e-15j 104.72775883+7.10542736e-15j
            6.12860076-5.55111512e-16j  11.32728776+8.88178420e-16j]
         [ -1.2302495 +6.66133815e-16j  -8.47449254-8.88178420e-16j  -1.90685079+1.11022302e-16j  -0.75264107-6.66133815e-16j   1.83837706+1.11022302e-16j   6.12860076-5.55111512e-16j
           16.46536316+0.00000000e+00j  -5.18649889+0.00000000e+00j]
         [  5.92963767+0.00000000e+00j -39.25661633-1.77635684e-15j  -1.94110436-6.66133815e-16j -26.69433799+4.44089210e-15j -13.85069137+0.00000000e+00j  11.32728776+8.88178420e-16j
           -5.18649889+0.00000000e+00j 121.41175323+7.10542736e-15j]]
        labels=[('kl', 'hgtAsvxe'), ('kl*', 'hgtAsvxe*')],
        shape=(8, 8),
    )
    hessian_by_imag_M: Tensor(
        [[ 0.00000000e+00+0.00000000e+00j  4.56002928e+00-3.33066907e-16j  1.73078918e+00+1.11022302e-16j  2.67795547e+00-4.44089210e-16j  8.40689614e-01+2.22044605e-16j -7.86224587e+00-8.88178420e-16j
          -2.20840118e+00+0.00000000e+00j -7.26986336e+00+4.44089210e-16j]
         [-4.56002928e+00+3.33066907e-16j  0.00000000e+00+0.00000000e+00j -4.25465760e+00+6.66133815e-16j  1.85802105e+00+0.00000000e+00j -1.17502167e+01-8.88178420e-16j -1.08637870e+01+8.88178420e-16j
           1.10433876e+01+0.00000000e+00j  1.32235899e+01-3.55271368e-15j]
         [-1.73078918e+00-1.11022302e-16j  4.25465760e+00-6.66133815e-16j  0.00000000e+00+0.00000000e+00j  6.62993541e+00+0.00000000e+00j  9.26938505e-02+0.00000000e+00j -8.66762236e+00+5.55111512e-17j
          -1.35552336e+00+0.00000000e+00j -1.88105970e-01+3.33066907e-16j]
         [-2.67795547e+00+4.44089210e-16j -1.85802105e+00+0.00000000e+00j -6.62993541e+00+0.00000000e+00j  0.00000000e+00+0.00000000e+00j -4.51196220e+00+4.44089210e-16j  3.78927887e+00+0.00000000e+00j
           1.66743286e+00+4.44089210e-16j  1.11109706e+01+7.10542736e-15j]
         [-8.40689614e-01-2.22044605e-16j  1.17502167e+01+8.88178420e-16j -9.26938505e-02+0.00000000e+00j  4.51196220e+00-4.44089210e-16j  0.00000000e+00+0.00000000e+00j  1.21361454e+01+8.88178420e-16j
           5.25361287e-01-4.44089210e-16j -1.16129631e+01+1.77635684e-15j]
         [ 7.86224587e+00+8.88178420e-16j  1.08637870e+01-8.88178420e-16j  8.66762236e+00-5.55111512e-17j -3.78927887e+00+0.00000000e+00j -1.21361454e+01-8.88178420e-16j  0.00000000e+00+0.00000000e+00j
           1.57854503e-02+0.00000000e+00j -1.50898926e+01-8.88178420e-16j]
         [ 2.20840118e+00+0.00000000e+00j -1.10433876e+01+0.00000000e+00j  1.35552336e+00+0.00000000e+00j -1.66743286e+00-4.44089210e-16j -5.25361287e-01+4.44089210e-16j -1.57854503e-02+0.00000000e+00j
           0.00000000e+00+0.00000000e+00j  2.22120689e+01-8.88178420e-16j]
         [ 7.26986336e+00-4.44089210e-16j -1.32235899e+01+3.55271368e-15j  1.88105970e-01-3.33066907e-16j -1.11109706e+01-7.10542736e-15j  1.16129631e+01-1.77635684e-15j  1.50898926e+01+8.88178420e-16j
          -2.22120689e+01+8.88178420e-16j  0.00000000e+00+0.00000000e+00j]]
        labels=[('kl', 'hgtAsvxe'), ('kl*', 'hgtAsvxe*')],
        shape=(8, 8),
    )
    eigvals of hessian_by_real_M: DiagonalTensor(
        [ 10.48127108  15.21101025  20.9224637   24.47185052  42.86253253  63.95655291 125.90825686 167.15652142]
        labels=['pXHqqkrq', 'pXHqqkrq'],
        shape=(8, 8),
    )
    eigvals of hessian_by_imag_M: DiagonalTensor(
        [-46.15235942 -14.36609363  -7.19575649  -0.23517292   1.52399975  15.40915833  18.69503533  32.32118905]
        labels=['fbviJhWa', 'fbviJhWa'],
        shape=(8, 8),
    )
WLBOR:
    iter_times, elapsed_time, sqdiff: 300, 1.323221206665039, 1.3588348219986144
    MSN: Tensor(
        [[ 0.16660737-0.80342293j  0.59949054+0.53896682j -0.53947066-0.11856403j  0.12109022-0.3414697j ]
         [-2.13472205-0.48094333j -1.40961413+1.55456887j  0.6141232 +0.51797193j  1.54856848+1.58258525j]
         [-1.86213266-1.30704249j  0.64294982+0.64410463j -0.43223335+0.78023229j  0.49773441+0.24026054j]
         [ 0.6385605 +1.38331763j -1.31329648-0.22754735j  0.87962221-0.39585649j  0.12394908+0.51907823j]]
        labels=['kl', 'kr'],
        shape=(4, 4),
    )
    grad_by_real_M: Tensor(
        [ 1.57900436e-08+6.10622664e-16j  5.82935917e-08+8.88178420e-16j -3.02192852e-08-4.16333634e-16j -3.68865710e-08-5.20417043e-15j  3.21545114e-08-5.60662627e-15j  1.16262123e-08-4.05231404e-15j
          1.46750229e-08+5.27355937e-16j  6.84674204e-08-1.77635684e-15j]
        labels=[('kl', 'hgtAsvxe')],
        shape=(8,),
    )
    grad_by_imag_M: Tensor(
        [ 2.63503925e-08+2.02615702e-15j  4.43449968e-08+2.22044605e-15j -1.79607569e-08+1.60288449e-15j -4.69827656e-08+4.66293670e-15j  3.66480531e-08-3.08086889e-15j  4.66222005e-08-1.22124533e-15j
          3.87311126e-08-9.71445147e-16j -3.39572450e-08-2.88657986e-15j]
        labels=[('kl', 'hgtAsvxe')],
        shape=(8,),
    )
    hessian_by_real_M: Tensor(
        [[ 81.52789115+0.00000000e+00j  41.21207418-7.10542736e-15j -13.81326706+0.00000000e+00j -15.01245891+1.77635684e-15j  -3.24335466+0.00000000e+00j   6.170672  +1.77635684e-15j
            0.47490849+4.44089210e-16j   9.63682906-3.05311332e-16j]
         [ 41.21207418-7.10542736e-15j 121.2481678 +2.55351296e-15j  -5.60971544-3.55271368e-15j -14.37967539+2.66453526e-15j  24.187107  +0.00000000e+00j  16.14569721+0.00000000e+00j
          -32.90561594-1.77635684e-15j -68.42460809+2.66453526e-15j]
         [-13.81326706+0.00000000e+00j  -5.60971544-3.55271368e-15j  77.91052973+0.00000000e+00j  62.38431131+0.00000000e+00j  15.67782008+0.00000000e+00j   0.25568217-2.44249065e-15j
           -9.9147564 +1.33226763e-15j  -1.40940471-8.88178420e-16j]
         [-15.01245891+1.77635684e-15j -14.37967539+2.66453526e-15j  62.38431131+0.00000000e+00j 168.34971188+0.00000000e+00j  22.02868951+5.32907052e-15j -54.28874001-1.11022302e-15j
          -12.17741018+8.88178420e-16j -41.64501159+0.00000000e+00j]
         [ -3.24335466+0.00000000e+00j  24.187107  +0.00000000e+00j  15.67782008+0.00000000e+00j  22.02868951+5.32907052e-15j  70.69064141+3.55271368e-15j  28.80898791+8.88178420e-16j
           12.15429184+0.00000000e+00j -40.11607849+0.00000000e+00j]
         [  6.170672  +1.77635684e-15j  16.14569721+0.00000000e+00j   0.25568217-2.44249065e-15j -54.28874001-1.11022302e-15j  28.80898791+8.88178420e-16j 165.98646029+3.55271368e-15j
           21.43140866-4.44089210e-16j   4.55470414-1.77635684e-15j]
         [  0.47490849+4.44089210e-16j -32.90561594-1.77635684e-15j  -9.9147564 +1.33226763e-15j -12.17741018+8.88178420e-16j  12.15429184+0.00000000e+00j  21.43140866-4.44089210e-16j
           40.56471614-8.88178420e-16j  29.86923355+2.66453526e-15j]
         [  9.63682906-3.05311332e-16j -68.42460809+2.66453526e-15j  -1.40940471-8.88178420e-16j -41.64501159+0.00000000e+00j -40.11607849+0.00000000e+00j   4.55470414-1.77635684e-15j
           29.86923355+2.66453526e-15j 199.07830882+1.06581410e-14j]]
        labels=[('kl', 'hgtAsvxe'), ('kl*', 'hgtAsvxe*')],
        shape=(8, 8),
    )
    hessian_by_imag_M: Tensor(
        [[  0.        +0.00000000e+00j -18.80290593+0.00000000e+00j   2.39245861-1.77635684e-15j  16.66564578-1.77635684e-15j  -0.16980273-6.66133815e-16j -30.34578685+1.33226763e-15j
            4.97614086+6.66133815e-16j  -0.19044461+0.00000000e+00j]
         [ 18.80290593+0.00000000e+00j   0.        +0.00000000e+00j -11.90422988-2.66453526e-15j   5.35415142-8.88178420e-16j -15.43187139-1.77635684e-15j -34.04702159+0.00000000e+00j
           -7.02041652+0.00000000e+00j  11.39299478-7.10542736e-15j]
         [ -2.39245861+1.77635684e-15j  11.90422988+2.66453526e-15j   0.        +0.00000000e+00j -39.49981932+7.10542736e-15j  -7.17234204+8.88178420e-16j   2.79484509+1.11022302e-15j
           -2.90653922+8.88178420e-16j  11.96156055-7.77156117e-16j]
         [-16.66564578+1.77635684e-15j  -5.35415142+8.88178420e-16j  39.49981932-7.10542736e-15j   0.        +0.00000000e+00j -26.24705989+3.55271368e-15j  -0.67463564+0.00000000e+00j
          -11.17408558+8.88178420e-16j  16.49733471+0.00000000e+00j]
         [  0.16980273+6.66133815e-16j  15.43187139+1.77635684e-15j   7.17234204-8.88178420e-16j  26.24705989-3.55271368e-15j   0.        +0.00000000e+00j -12.1978616 +3.55271368e-15j
          -16.67397535-8.88178420e-16j -15.29812445-7.10542736e-15j]
         [ 30.34578685-1.33226763e-15j  34.04702159+0.00000000e+00j  -2.79484509-1.11022302e-15j   0.67463564+0.00000000e+00j  12.1978616 -3.55271368e-15j   0.        +0.00000000e+00j
            4.97905492+0.00000000e+00j -17.44987355-2.66453526e-15j]
         [ -4.97614086-6.66133815e-16j   7.02041652+0.00000000e+00j   2.90653922-8.88178420e-16j  11.17408558-8.88178420e-16j  16.67397535+8.88178420e-16j  -4.97905492+0.00000000e+00j
            0.        +0.00000000e+00j  -6.38734708-3.55271368e-15j]
         [  0.19044461+0.00000000e+00j -11.39299478+7.10542736e-15j -11.96156055+7.77156117e-16j -16.49733471+0.00000000e+00j  15.29812445+7.10542736e-15j  17.44987355+2.66453526e-15j
            6.38734708+3.55271368e-15j   0.        +0.00000000e+00j]]
        labels=[('kl', 'hgtAsvxe'), ('kl*', 'hgtAsvxe*')],
        shape=(8, 8),
    )
    eigvals of hessian_by_real_M: DiagonalTensor(
        [ 11.85581385  30.41019832  48.97187747  60.8056058  106.41037375 152.9342926  236.17848572 277.78977971]
        labels=['yPrenLCa', 'yPrenLCa'],
        shape=(8, 8),
    )
    eigvals of hessian_by_imag_M: DiagonalTensor(
        [-61.53998669 -34.63602813 -25.97742976 -21.19868729  -4.86282043  23.86776496  61.83287988  62.51430745]
        labels=['MKNFoUix', 'MKNFoUix'],
        shape=(8, 8),
    )
WNAG:
    iter_times, elapsed_time, sqdiff: 300, 0.4839949607849121, 1.5381817277660041
    MSN: Tensor(
        [[ 0.13141511-0.82330358j  0.60118289+0.54351534j -0.54251987-0.1020263j   0.12674435-0.3298621j ]
         [-2.09478203-0.56108372j -1.42498391+1.55257716j  0.57877147+0.51517902j  1.51927952+1.60081141j]
         [-1.90650592-1.32590514j  0.64277625+0.64623416j -0.43283156+0.80124175j  0.50392896+0.25547789j]
         [ 0.70603259+1.37993725j -1.31962341-0.2320958j   0.86911303-0.42205319j  0.10584583+0.5076239j ]]
        labels=['kl', 'kr'],
        shape=(4, 4),
    )
    grad_by_real_M: Tensor(
        [ 111.99413368+9.94759830e-14j  122.35638002+9.94759830e-14j  -62.03188709+2.84217094e-14j -180.21060557+1.98951966e-13j  119.1471505 +2.84217094e-13j  164.59260913+2.38031816e-13j
         -102.19065176-1.31450406e-13j -182.39172708-1.35003120e-13j]
        labels=[('kl', 'hgtAsvxe')],
        shape=(8,),
    )
    grad_by_imag_M: Tensor(
        [-12.19879027+5.68434189e-14j  50.16650276+1.20792265e-13j 189.18686486-3.41060513e-13j 215.20018026-6.25277607e-13j   7.78871509+1.84741111e-13j  42.70685414+3.97903932e-13j
          20.23994329+5.68434189e-14j -23.67639936+5.68434189e-14j]
        labels=[('kl', 'hgtAsvxe')],
        shape=(8,),
    )
    hessian_by_real_M: Tensor(
        [[ 316323.64147042-9.09494702e-12j  381783.61081306+0.00000000e+00j  -40810.5486291 +4.54747351e-13j  -29183.0700687 +1.81898940e-12j  -55765.43343731-3.63797881e-12j
           -31694.08886144-7.27595761e-12j  -16351.22353926+3.63797881e-12j  -15054.28066785+1.09139364e-11j]
         [ 381783.61081306+0.00000000e+00j  644371.47220638+1.45519152e-11j  -43163.49892495+2.72848411e-12j  -37896.1717103 -9.09494702e-12j -130595.02305016-1.81898940e-12j
          -150596.54956714-1.45519152e-11j  -53335.26088771+7.27595761e-12j  -59181.40946726+7.27595761e-12j]
         [ -40810.5486291 +4.54747351e-13j  -43163.49892495+2.72848411e-12j  270818.19434749+1.45519152e-11j  311373.70839686-2.91038305e-11j  -33354.85222501-7.27595761e-12j
           -54295.08993016-1.09139364e-11j  -61233.12175004-2.27373675e-12j  -85348.59308159-3.63797881e-12j]
         [ -29183.0700687 +1.81898940e-12j  -37896.1717103 -9.09494702e-12j  311373.70839686-2.91038305e-11j  488807.5836901 +3.63797881e-12j  -74962.78171406+0.00000000e+00j
           -81469.41931206+0.00000000e+00j  -69550.8393019 -1.09139364e-11j -115158.78551013-1.45519152e-11j]
         [ -55765.43343731-3.63797881e-12j -130595.02305016-1.81898940e-12j  -33354.85222501-7.27595761e-12j  -74962.78171406+0.00000000e+00j  355528.26052842+0.00000000e+00j
           464412.63961824+0.00000000e+00j  100476.702141  +0.00000000e+00j   91998.63809833+0.00000000e+00j]
         [ -31694.08886144-7.27595761e-12j -150596.54956714-1.45519152e-11j  -54295.08993016-1.09139364e-11j  -81469.41931206+0.00000000e+00j  464412.63961824+0.00000000e+00j
           799234.43711626+1.09139364e-11j  161969.43419784+1.81898940e-12j  197365.48932128-1.45519152e-11j]
         [ -16351.22353926+3.63797881e-12j  -53335.26088771+7.27595761e-12j  -61233.12175004-2.27373675e-12j  -69550.8393019 -1.09139364e-11j  100476.702141  +0.00000000e+00j
           161969.43419784+1.81898940e-12j  245986.29902617-7.27595761e-12j  347280.76117932+0.00000000e+00j]
         [ -15054.28066785+1.09139364e-11j  -59181.40946726+7.27595761e-12j  -85348.59308159-3.63797881e-12j -115158.78551013-1.45519152e-11j   91998.63809833+0.00000000e+00j
           197365.48932128-1.45519152e-11j  347280.76117932+0.00000000e+00j  609029.38671968+0.00000000e+00j]]
        labels=[('kl', 'hgtAsvxe'), ('kl*', 'hgtAsvxe*')],
        shape=(8, 8),
    )
    hessian_by_imag_M: Tensor(
        [[      0.        +0.00000000e+00j -217053.68202429+8.73114914e-11j    3361.42175567+0.00000000e+00j   26792.27224193+5.45696821e-12j   54150.29150452-7.27595761e-12j
           128323.66091483+7.27595761e-12j   58492.32286083-4.54747351e-12j   58794.44043231+0.00000000e+00j]
         [ 217053.68202429-8.73114914e-11j       0.        +0.00000000e+00j  -12926.60208255-1.09139364e-11j   22608.30587354+0.00000000e+00j   32677.64954459-1.45519152e-11j
           149349.22827441+0.00000000e+00j   72873.96984911+0.00000000e+00j   70583.81691229+3.63797881e-12j]
         [  -3361.42175567+0.00000000e+00j   12926.60208255+1.09139364e-11j       0.        +0.00000000e+00j -157168.25351039-2.91038305e-11j    8517.08595158+3.63797881e-12j
            14586.35089135+0.00000000e+00j    3788.92072362+0.00000000e+00j   34498.60509744-1.45519152e-11j]
         [ -26792.27224193-5.45696821e-12j  -22608.30587354+0.00000000e+00j  157168.25351039+2.91038305e-11j       0.        +0.00000000e+00j   42867.78492489-7.27595761e-12j
            68171.42675193+0.00000000e+00j  -19434.17364976+0.00000000e+00j    2974.54070226-1.45519152e-11j]
         [ -54150.29150452+7.27595761e-12j  -32677.64954459+1.45519152e-11j   -8517.08595158-3.63797881e-12j  -42867.78492489+7.27595761e-12j       0.        +0.00000000e+00j
          -231137.75539933+2.91038305e-11j  -85859.99321393+7.27595761e-12j -149235.38326009+7.27595761e-12j]
         [-128323.66091483-7.27595761e-12j -149349.22827441+0.00000000e+00j  -14586.35089135+0.00000000e+00j  -68171.42675193+0.00000000e+00j  231137.75539933-2.91038305e-11j
                0.        +0.00000000e+00j  -24429.05262642+1.45519152e-11j  -90946.93899864+0.00000000e+00j]
         [ -58492.32286083+4.54747351e-12j  -72873.96984911+0.00000000e+00j   -3788.92072362+0.00000000e+00j   19434.17364976+0.00000000e+00j   85859.99321393-7.27595761e-12j
            24429.05262642-1.45519152e-11j       0.        +0.00000000e+00j -138622.3194865 +0.00000000e+00j]
         [ -58794.44043231+0.00000000e+00j  -70583.81691229-3.63797881e-12j  -34498.60509744+1.45519152e-11j   -2974.54070226+1.45519152e-11j  149235.38326009-7.27595761e-12j
            90946.93899864+0.00000000e+00j  138622.3194865 +0.00000000e+00j       0.        +0.00000000e+00j]]
        labels=[('kl', 'hgtAsvxe'), ('kl*', 'hgtAsvxe*')],
        shape=(8, 8),
    )
    eigvals of hessian_by_real_M: DiagonalTensor(
        [  23124.81086568   48958.71771543   55350.4095723    73851.53403979  556740.3728498   653472.43225183  917269.74515425 1401331.25265586]
        labels=['yPrenLCa', 'yPrenLCa'],
        shape=(8, 8),
    )
    eigvals of hessian_by_imag_M: DiagonalTensor(
        [-280420.25007061 -209789.78120365 -184773.67766941 -143598.75279977   17672.38989509   79396.68154386  186057.13736162  535456.25294286]
        labels=['MKNFoUix', 'MKNFoUix'],
        shape=(8, 8),
    )
SNAG:
    iter_times, elapsed_time, sqdiff: 300, 0.42585086822509766, 1.3588348219985984
    MSN: Tensor(
        [[ 0.16660737-0.80342294j  0.59949054+0.53896682j -0.53947066-0.11856402j  0.12109022-0.3414697j ]
         [-2.13472205-0.48094333j -1.40961413+1.55456887j  0.61412319+0.51797193j  1.54856848+1.58258525j]
         [-1.86213266-1.30704249j  0.64294981+0.64410463j -0.43223335+0.78023229j  0.49773442+0.24026054j]
         [ 0.6385605 +1.38331763j -1.31329648-0.22754735j  0.87962221-0.39585649j  0.12394908+0.51907823j]]
        labels=['kl', 'kr'],
        shape=(4, 4),
    )
    grad_by_real_M: Tensor(
        [-6.65509314e-14+2.91433544e-16j  1.39888101e-13-1.88737914e-15j  3.11591031e-14+1.01307851e-15j -2.09887663e-13-4.99600361e-16j -6.77374823e-14+1.47104551e-15j  4.35596004e-13+7.77156117e-16j
         -5.62397351e-14+4.16333634e-16j  3.54327678e-13-2.55351296e-15j]
        labels=[('kl', 'hgtAsvxe')],
        shape=(8,),
    )
    grad_by_imag_M: Tensor(
        [ 8.17262924e-14+1.02001740e-15j -2.26374475e-13+2.88657986e-15j  2.38281617e-14+8.67361738e-17j -1.08829612e-13-3.60822483e-15j -5.29298827e-14+3.33066907e-16j  2.40529818e-13-5.55111512e-17j
         -5.77315973e-15+1.32532874e-15j  1.55597757e-13+2.05391260e-15j]
        labels=[('kl', 'hgtAsvxe')],
        shape=(8,),
    )
    hessian_by_real_M: Tensor(
        [[  7.73856993+0.00000000e+00j   2.64712835+4.44089210e-16j  -1.38938361+1.11022302e-16j  -2.40588511+2.22044605e-16j   0.35913531+1.11022302e-16j   3.84312397+0.00000000e+00j
           -0.65995333+5.55111512e-17j  -0.17864354-4.85722573e-17j]
         [  2.64712835+4.44089210e-16j  28.90475168+1.33226763e-15j  -1.00190134+0.00000000e+00j  -2.37951732-2.22044605e-16j   1.79237908+0.00000000e+00j  -1.94965043+2.22044605e-16j
           -6.32963204-4.44089210e-16j -13.62989048-4.44089210e-16j]
         [ -1.38938361+1.11022302e-16j  -1.00190134+0.00000000e+00j   8.39831729-4.44089210e-16j   8.18764138-2.22044605e-16j   1.28782684+2.77555756e-16j  -4.18723352-5.55111512e-16j
           -1.10837037+1.38777878e-17j  -2.00889546+2.22044605e-16j]
         [ -2.40588511+2.22044605e-16j  -2.37951732-2.22044605e-16j   8.18764138-2.22044605e-16j  33.28078985+8.88178420e-16j  -1.92899427+2.22044605e-16j -17.11095651-8.88178420e-16j
           -2.24098214+1.11022302e-16j -10.33842154+0.00000000e+00j]
         [  0.35913531+1.11022302e-16j   1.79237908+0.00000000e+00j   1.28782684+2.77555756e-16j  -1.92899427+2.22044605e-16j   6.73248703+0.00000000e+00j   2.85177964+0.00000000e+00j
