b=4, chi=2, seed=567, 
NOR:
    iter_times, elapsed_time, sqdiff: 300, 0.43796491622924805, 2.1095176702113907
    MSN: Tensor(
        [[ 1.13797707-0.435096j    0.92849169-0.7302591j  -0.65795678-0.61328516j  0.14849785-0.12241997j]
         [-0.06885999+0.46696522j  0.99749219+0.38038604j  0.22860706-0.02560571j  0.23309902+0.54841676j]
         [-0.41472319-0.25290422j -0.74322005-1.67459884j  0.12162412+0.51819926j  0.69200104-0.47446121j]
         [ 0.94457098+0.47209463j -0.75424218+1.1268329j   0.13918042-1.02948096j -0.68871183-0.71925078j]]
        labels=['kl', 'kr'],
        shape=(4, 4),
    )
    grad_by_reM_reM: Tensor(
        [ 5.16253706e-15+2.49800181e-16j -8.38218384e-15+2.68882139e-16j -6.99440506e-15+3.66373598e-15j -1.27675648e-14-3.33066907e-16j -9.32587341e-15+6.66133815e-16j  1.02348685e-14-7.77156117e-16j  1.00475184e-14+4.35762537e-15j  1.05193632e-14-1.58206781e-15j]
        labels=[('kl', 'biZqcYtD')],
        shape=(8,),
    )
    grad_by_imM_imM: Tensor(
        [-2.76723089e-14-3.88578059e-16j  1.18481613e-15-3.30985239e-15j  7.66053887e-15+9.99200722e-16j  4.44089210e-16-1.11022302e-16j -2.05391260e-14+6.66133815e-16j  4.10782519e-15-5.48172618e-16j  8.02136135e-15-1.94289029e-15j  1.10189635e-14+2.49800181e-16j]
        labels=[('kl', 'biZqcYtD')],
        shape=(8,),
    )
    hessian_by_M_M: [[116.0629558  -43.79819177  -2.82730998  17.24243467 -25.76537775  29.84289627  10.58159588  -8.73281374   0.          -5.62327525  -6.68762913  -5.04171344   2.48673549  -3.73229261  12.62032391  -1.07491515]
     [-43.79819177  79.09039525   4.73929156 -17.97513597   9.86899454 -17.01621866   7.55187226   0.8983874    5.62327525   0.          -0.89087563 -18.98344421   7.09735675   0.34581759 -13.11017223  -1.34417331]
     [ -2.82730998   4.73929156  93.00876207 -35.64620542  -6.98483653  -8.21003271   7.71677194 -26.66947897   6.68762913   0.89087563   0.          -2.96918733  40.12764452 -12.43638144 -44.16681029  24.70672805]
     [ 17.24243467 -17.97513597 -35.64620542  79.8029993   -1.4300179    9.46451957  12.53383129   1.94732294   5.04171344  18.98344421   2.96918733   0.         -14.27723941  -9.40240361  14.09583129 -11.9810242 ]
     [-25.76537775   9.86899454  -6.98483653  -1.4300179  120.53948195 -42.18308693 -13.69262889  30.5035864   -2.48673549  -7.09735675 -40.12764452  14.27723941   0.           8.19772774  23.53782465  -0.44405054]
     [ 29.84289627 -17.01621866  -8.21003271   9.46451957 -42.18308693  52.6380701    5.20682861 -13.80918819   3.73229261  -0.34581759  12.43638144   9.40240361  -8.19772774   0.          -4.45869692   8.70361652]
     [ 10.58159588   7.55187226   7.71677194  12.53383129 -13.69262889   5.20682861  94.14478753 -16.3033712  -12.62032391  13.11017223  44.16681029 -14.09583129 -23.53782465   4.45869692   0.         -25.21329529]
     [ -8.73281374   0.8983874  -26.66947897   1.94732294  30.5035864  -13.80918819 -16.3033712   70.79287026   1.07491515   1.34417331 -24.70672805  11.9810242    0.44405054  -8.70361652  25.21329529   0.        ]
     [  0.           5.62327525   6.68762913   5.04171344  -2.48673549   3.73229261 -12.62032391   1.07491515 116.0629558  -43.79819177  -2.82730998  17.24243467 -25.76537775  29.84289627  10.58159588  -8.73281374]
     [ -5.62327525   0.           0.89087563  18.98344421  -7.09735675  -0.34581759  13.11017223   1.34417331 -43.79819177  79.09039525   4.73929156 -17.97513597   9.86899454 -17.01621866   7.55187226   0.8983874 ]
     [ -6.68762913  -0.89087563   0.           2.96918733 -40.12764452  12.43638144  44.16681029 -24.70672805  -2.82730998   4.73929156  93.00876207 -35.64620542  -6.98483653  -8.21003271   7.71677194 -26.66947897]
     [ -5.04171344 -18.98344421  -2.96918733   0.          14.27723941   9.40240361 -14.09583129  11.9810242   17.24243467 -17.97513597 -35.64620542  79.8029993   -1.4300179    9.46451957  12.53383129   1.94732294]
     [  2.48673549   7.09735675  40.12764452 -14.27723941   0.          -8.19772774 -23.53782465   0.44405054 -25.76537775   9.86899454  -6.98483653  -1.4300179  120.53948195 -42.18308693 -13.69262889  30.5035864 ]
     [ -3.73229261   0.34581759 -12.43638144  -9.40240361   8.19772774   0.           4.45869692  -8.70361652  29.84289627 -17.01621866  -8.21003271   9.46451957 -42.18308693  52.6380701    5.20682861 -13.80918819]
     [ 12.62032391 -13.11017223 -44.16681029  14.09583129  23.53782465  -4.45869692   0.          25.21329529  10.58159588   7.55187226   7.71677194  12.53383129 -13.69262889   5.20682861  94.14478753 -16.3033712 ]
     [ -1.07491515  -1.34417331  24.70672805 -11.9810242   -0.44405054   8.70361652 -25.21329529   0.          -8.73281374   0.8983874  -26.66947897   1.94732294  30.5035864  -13.80918819 -16.3033712   70.79287026]]
    eigvals of hessian_by_M_M: [ 10.11972297  10.11972297  25.08462662  25.08462662  47.15575434  47.15575434  56.99606851  56.99606851  73.57876427  73.57876427  95.4503401   95.4503401  170.68461568 170.68461568 227.01042975 227.01042975]
WCOR:
    iter_times, elapsed_time, sqdiff: 300, 0.7198519706726074, 2.109517670211391
    MSN: Tensor(
        [[ 1.13797707-0.435096j    0.92849169-0.7302591j  -0.65795678-0.61328516j  0.14849785-0.12241997j]
         [-0.06885999+0.46696522j  0.99749219+0.38038604j  0.22860706-0.02560571j  0.23309902+0.54841676j]
         [-0.41472319-0.25290422j -0.74322005-1.67459884j  0.12162412+0.51819926j  0.69200104-0.47446121j]
         [ 0.94457098+0.47209463j -0.75424218+1.1268329j   0.13918042-1.02948096j -0.68871183-0.71925078j]]
        labels=['kl', 'kr'],
        shape=(4, 4),
    )
    grad_by_reM_reM: Tensor(
        [-4.46309656e-14+1.49880108e-15j -3.24046345e-14-5.01335085e-16j  6.42264020e-14-1.55431223e-15j -1.38930534e-13+2.55351296e-15j -6.18394225e-14-5.55111512e-16j  1.45994328e-14+1.11022302e-16j -9.26481114e-14-2.77555756e-16j  5.71764858e-14+6.10622664e-16j]
        labels=[('kl', 'biZqcYtD')],
        shape=(8,),
    )
    grad_by_imM_imM: Tensor(
        [-1.13464793e-13+5.55111512e-16j  3.44082401e-14-3.53883589e-15j  5.39568390e-14-2.16493490e-15j -7.77156117e-16+9.02056208e-16j -5.49560397e-14-2.33146835e-15j  2.49800181e-14+3.05311332e-15j  5.15698595e-14+3.49720253e-15j  1.83186799e-15-1.55431223e-15j]
        labels=[('kl', 'biZqcYtD')],
        shape=(8,),
    )
    hessian_by_M_M: [[ 259.8296433  -155.32642375  -17.21749901   32.07284919  -64.31322708   62.50821692   16.70323397  -18.46973504    0.            2.50518068   -9.17275981    2.58352505    7.11833585  -11.44206493   25.17349162   -5.55786923]
     [-155.32642375  144.70223723   19.73634205  -31.25145679   35.91095236  -39.96359767    8.75213788    3.54679563   -2.50518068    0.            7.22378613  -22.82521847   10.5529543    -1.7403051   -24.10774526    6.21677434]
     [ -17.21749901   19.73634205  210.59357252 -131.87276326   -6.66097292  -21.00609396   18.25741631  -34.01529596    9.17275981   -7.22378613    0.            1.9380453    80.2238912   -34.76869865 -106.17756614   68.0660916 ]
     [  32.07284919  -31.25145679 -131.87276326  136.92537731    4.25492301   14.68177015    4.96092771    9.35524601   -2.58352505   22.82521847   -1.9380453     0.          -34.40280791    3.73061042   50.48848318  -32.61008267]
     [ -64.31322708   35.91095236   -6.66097292    4.25492301  256.18146955 -141.12640296  -43.906567     55.5328958    -7.11833585  -10.5529543   -80.2238912    34.40280791    0.           24.77120324   50.43178333  -20.11768234]
     [  62.50821692  -39.96359767  -21.00609396   14.68177015 -141.12640296  112.8443686    25.95211959  -32.13375026   11.44206493    1.7403051    34.76869865   -3.73061042  -24.77120324    0.          -20.57583494   13.98224634]
     [  16.70323397    8.75213788   18.25741631    4.96092771  -43.906567     25.95211959  202.47741094 -101.89958247  -25.17349162   24.10774526  106.17756614  -50.48848318  -50.43178333   20.57583494    0.          -29.20277038]
     [ -18.46973504    3.54679563  -34.01529596    9.35524601   55.5328958   -32.13375026 -101.89958247  108.50915704    5.55786923   -6.21677434  -68.0660916    32.61008267   20.11768234  -13.98224634   29.20277038    0.        ]
     [   0.           -2.50518068    9.17275981   -2.58352505   -7.11833585   11.44206493  -25.17349162    5.55786923  259.8296433  -155.32642375  -17.21749901   32.07284919  -64.31322708   62.50821692   16.70323397  -18.46973504]
     [   2.50518068    0.           -7.22378613   22.82521847  -10.5529543     1.7403051    24.10774526   -6.21677434 -155.32642375  144.70223723   19.73634205  -31.25145679   35.91095236  -39.96359767    8.75213788    3.54679563]
     [  -9.17275981    7.22378613    0.           -1.9380453   -80.2238912    34.76869865  106.17756614  -68.0660916   -17.21749901   19.73634205  210.59357252 -131.87276326   -6.66097292  -21.00609396   18.25741631  -34.01529596]
     [   2.58352505  -22.82521847    1.9380453     0.           34.40280791   -3.73061042  -50.48848318   32.61008267   32.07284919  -31.25145679 -131.87276326  136.92537731    4.25492301   14.68177015    4.96092771    9.35524601]
     [   7.11833585   10.5529543    80.2238912   -34.40280791    0.          -24.77120324  -50.43178333   20.11768234  -64.31322708   35.91095236   -6.66097292    4.25492301  256.18146955 -141.12640296  -43.906567     55.5328958 ]
     [ -11.44206493   -1.7403051   -34.76869865    3.73061042   24.77120324    0.           20.57583494  -13.98224634   62.50821692  -39.96359767  -21.00609396   14.68177015 -141.12640296  112.8443686    25.95211959  -32.13375026]
     [  25.17349162  -24.10774526 -106.17756614   50.48848318   50.43178333  -20.57583494    0.           29.20277038   16.70323397    8.75213788   18.25741631    4.96092771  -43.906567     25.95211959  202.47741094 -101.89958247]
     [  -5.55786923    6.21677434   68.0660916   -32.61008267  -20.11768234   13.98224634  -29.20277038    0.          -18.46973504    3.54679563  -34.01529596    9.35524601   55.5328958   -32.13375026 -101.89958247  108.50915704]]
    eigvals of hessian_by_M_M: [  9.41485962   9.41485962  19.59941348  19.59941348  39.0419992   39.0419992   47.48859675  47.48859675 126.12652424 126.12652424 228.4352259  228.4352259  412.6690875  412.6690875  549.28752981 549.28752981]
WROR:
    iter_times, elapsed_time, sqdiff: 300, 0.650252103805542, 2.10951767021139
    MSN: Tensor(
        [[ 1.13797707-0.435096j    0.92849169-0.7302591j  -0.65795678-0.61328516j  0.14849785-0.12241997j]
         [-0.06885999+0.46696522j  0.99749219+0.38038604j  0.22860706-0.02560571j  0.23309902+0.54841676j]
         [-0.41472319-0.25290422j -0.74322005-1.67459884j  0.12162412+0.51819926j  0.69200104-0.47446121j]
         [ 0.94457098+0.47209463j -0.75424218+1.1268329j   0.13918042-1.02948096j -0.68871183-0.71925078j]]
        labels=['kl', 'kr'],
        shape=(4, 4),
    )
    grad_by_reM_reM: Tensor(
        [ 2.83773005e-13+1.26981758e-15j  5.86752869e-14-1.02695630e-15j -6.08402217e-14+2.22044605e-15j  2.56017429e-13-1.66533454e-15j -5.41122702e-13+2.99760217e-15j  2.14606111e-13-2.49800181e-15j -2.79998247e-13+3.08086889e-15j  4.16888746e-13-1.78329573e-15j]
        labels=[('kl', 'biZqcYtD')],
        shape=(8,),
    )
    grad_by_imM_imM: Tensor(
        [ 8.34977920e-13-2.88657986e-15j -2.31120678e-13+3.16413562e-15j  5.01376718e-13-6.21724894e-15j -5.99187366e-13+3.33066907e-15j -8.89288643e-14-1.99840144e-15j -1.75193193e-13+1.11022302e-16j -8.45037582e-13-1.55431223e-15j  2.12808937e-13+1.44328993e-15j]
        labels=[('kl', 'biZqcYtD')],
        shape=(8,),
    )
    hessian_by_M_M: [[ 7.07361896e+02 -4.49402144e+02 -8.39275271e+01  6.49082647e+01 -1.82740956e+02  1.36704413e+02  2.26942826e+01 -4.15144571e+01  0.00000000e+00  9.26509398e+01 -2.91207151e+01  3.10654159e+01  2.51452730e+01 -2.53289366e+01  4.70951187e+01 -2.90259169e+01]
     [-4.49402144e+02  3.31343346e+02  7.08491000e+01 -5.21998761e+01  1.32360868e+02 -1.03263783e+02  6.25500725e-01  2.35683585e+01 -9.26509398e+01  0.00000000e+00  2.24906909e+01 -3.38783699e+01  2.84310781e+01 -1.30512818e+01 -5.77367310e+01  4.00374083e+01]
     [-8.39275271e+01  7.08491000e+01  5.96413858e+02 -3.84805357e+02  1.41984056e+01 -7.65885333e+01  4.47229497e+01  5.56877469e-01  2.91207151e+01 -2.24906909e+01  0.00000000e+00  6.43056157e+01  1.55117711e+02 -1.10731485e+02 -2.88267315e+02  1.67267072e+02]
     [ 6.49082647e+01 -5.21998761e+01 -3.84805357e+02  2.89163739e+02  3.91693556e+01  1.45051280e+01 -8.03741457e+01  3.42052308e+01 -3.10654159e+01  3.38783699e+01 -6.43056157e+01  0.00000000e+00 -8.59753080e+01  7.19037124e+01  1.43184374e+02 -8.66189399e+01]
     [-1.82740956e+02  1.32360868e+02  1.41984056e+01  3.91693556e+01  6.31668654e+02 -4.14568050e+02 -1.48484430e+02  8.68494706e+01 -2.51452730e+01 -2.84310781e+01 -1.55117711e+02  8.59753080e+01  0.00000000e+00  1.20597833e+02  1.30056812e+02 -6.96195482e+01]
     [ 1.36704413e+02 -1.03263783e+02 -7.65885333e+01  1.45051280e+01 -4.14568050e+02  3.18584575e+02  1.20231064e+02 -7.00886750e+01  2.53289366e+01  1.30512818e+01  1.10731485e+02 -7.19037124e+01 -1.20597833e+02  0.00000000e+00 -4.70429122e+01  2.92892501e+01]
     [ 2.26942826e+01  6.25500725e-01  4.47229497e+01 -8.03741457e+01 -1.48484430e+02  1.20231064e+02  5.54696365e+02 -3.06217360e+02 -4.70951187e+01  5.77367310e+01  2.88267315e+02 -1.43184374e+02 -1.30056812e+02  4.70429122e+01  0.00000000e+00  5.60558106e+01]
     [-4.15144571e+01  2.35683585e+01  5.56877469e-01  3.42052308e+01  8.68494706e+01 -7.00886750e+01 -3.06217360e+02  2.08962391e+02  2.90259169e+01 -4.00374083e+01 -1.67267072e+02  8.66189399e+01  6.96195482e+01 -2.92892501e+01 -5.60558106e+01  0.00000000e+00]
     [ 0.00000000e+00 -9.26509398e+01  2.91207151e+01 -3.10654159e+01 -2.51452730e+01  2.53289366e+01 -4.70951187e+01  2.90259169e+01  7.07361896e+02 -4.49402144e+02 -8.39275271e+01  6.49082647e+01 -1.82740956e+02  1.36704413e+02  2.26942826e+01 -4.15144571e+01]
     [ 9.26509398e+01  0.00000000e+00 -2.24906909e+01  3.38783699e+01 -2.84310781e+01  1.30512818e+01  5.77367310e+01 -4.00374083e+01 -4.49402144e+02  3.31343346e+02  7.08491000e+01 -5.21998761e+01  1.32360868e+02 -1.03263783e+02  6.25500725e-01  2.35683585e+01]
     [-2.91207151e+01  2.24906909e+01  0.00000000e+00 -6.43056157e+01 -1.55117711e+02  1.10731485e+02  2.88267315e+02 -1.67267072e+02 -8.39275271e+01  7.08491000e+01  5.96413858e+02 -3.84805357e+02  1.41984056e+01 -7.65885333e+01  4.47229497e+01  5.56877469e-01]
     [ 3.10654159e+01 -3.38783699e+01  6.43056157e+01  0.00000000e+00  8.59753080e+01 -7.19037124e+01 -1.43184374e+02  8.66189399e+01  6.49082647e+01 -5.21998761e+01 -3.84805357e+02  2.89163739e+02  3.91693556e+01  1.45051280e+01 -8.03741457e+01  3.42052308e+01]
     [ 2.51452730e+01  2.84310781e+01  1.55117711e+02 -8.59753080e+01  0.00000000e+00 -1.20597833e+02 -1.30056812e+02  6.96195482e+01 -1.82740956e+02  1.32360868e+02  1.41984056e+01  3.91693556e+01  6.31668654e+02 -4.14568050e+02 -1.48484430e+02  8.68494706e+01]
     [-2.53289366e+01 -1.30512818e+01 -1.10731485e+02  7.19037124e+01  1.20597833e+02  0.00000000e+00  4.70429122e+01 -2.92892501e+01  1.36704413e+02 -1.03263783e+02 -7.65885333e+01  1.45051280e+01 -4.14568050e+02  3.18584575e+02  1.20231064e+02 -7.00886750e+01]
     [ 4.70951187e+01 -5.77367310e+01 -2.88267315e+02  1.43184374e+02  1.30056812e+02 -4.70429122e+01  0.00000000e+00 -5.60558106e+01  2.26942826e+01  6.25500725e-01  4.47229497e+01 -8.03741457e+01 -1.48484430e+02  1.20231064e+02  5.54696365e+02 -3.06217360e+02]
     [-2.90259169e+01  4.00374083e+01  1.67267072e+02 -8.66189399e+01 -6.96195482e+01  2.92892501e+01  5.60558106e+01  0.00000000e+00 -4.15144571e+01  2.35683585e+01  5.56877469e-01  3.42052308e+01  8.68494706e+01 -7.00886750e+01 -3.06217360e+02  2.08962391e+02]]
    eigvals of hessian_by_M_M: [   6.4468284     6.4468284    12.76952061   12.76952061   25.71332906   25.71332906   30.56818303   30.56818303  325.90164347  325.90164347  618.43134895  618.43134895 1128.82878229 1128.82878229 1489.53518879 1489.53518879]
IWROR:
    iter_times, elapsed_time, sqdiff: 300, 0.65523362159729, 2.1095176702113916
    MSN: Tensor(
        [[ 1.13797707-0.435096j    0.92849169-0.7302591j  -0.65795678-0.61328516j  0.14849785-0.12241997j]
         [-0.06885999+0.46696522j  0.99749219+0.38038604j  0.22860706-0.02560571j  0.23309902+0.54841676j]
         [-0.41472319-0.25290422j -0.74322005-1.67459884j  0.12162412+0.51819926j  0.69200104-0.47446121j]
         [ 0.94457098+0.47209463j -0.75424218+1.1268329j   0.13918042-1.02948096j -0.68871183-0.71925078j]]
        labels=['kl', 'kr'],
        shape=(4, 4),
    )
    grad_by_reM_reM: Tensor(
        [ 4.62108130e-12-5.80091530e-15j -2.79265500e-12+1.94289029e-15j  1.04405373e-12+6.66133815e-15j  9.52571355e-14-4.44089210e-15j -4.65805172e-12+1.05471187e-14j  2.96696001e-12-6.88338275e-15j -3.78963527e-12+3.78863607e-15j  2.81419332e-12-3.30291350e-15j]
        labels=[('kl', 'biZqcYtD')],
        shape=(8,),
    )
    grad_by_imM_imM: Tensor(
        [-9.05248099e-13-1.44328993e-15j  1.37440059e-12+1.33226763e-15j -8.11661849e-12-3.10862447e-15j  5.68212144e-12+1.55431223e-15j -3.00981462e-13-4.44089210e-16j -3.17190718e-13+2.66453526e-15j -2.26708929e-12+5.55111512e-15j  1.14827592e-12-3.55271368e-15j]
        labels=[('kl', 'biZqcYtD')],
        shape=(8,),
    )
    hessian_by_M_M: [[ 1658.61912557 -1100.49735513  -165.38591147   124.23231625  -415.14740531   296.79997554    62.7581418    -78.37483266     0.           172.90737091   -55.72591672    50.0712353     66.61322335   -60.85103108   116.82527279   -78.50162553]
     [-1100.49735513   772.32494782   125.02150654   -91.65704978   304.47804635  -221.78321123   -25.17739462    46.91560598  -172.90737091     0.            37.75193627   -42.45599235    19.31733457    -1.752915    -119.15933069    83.33752093]
     [ -165.38591147   125.02150654  1377.9136892   -917.29358245     7.45369108   -99.82638819   102.1694779     -6.53002728    55.72591672   -37.75193627     0.           127.03378476   407.7478015   -301.20933777  -699.37400631   446.06397365]
     [  124.23231625   -91.65704978  -917.29358245   647.03191913    72.26677139    11.13408315  -162.29247607    68.39963534   -50.0712353     42.45599235  -127.03378476     0.          -261.60522066   204.67495596   416.93720658  -273.0692049 ]
     [ -415.14740531   304.47804635     7.45369108    72.26677139  1515.77422392 -1032.71318935  -328.25365161   189.87535767   -66.61322335   -19.31733457  -407.7478015    261.60522066     0.           201.07396945   324.69837448  -202.91624511]
     [  296.79997554  -221.78321123   -99.82638819    11.13408315 -1032.71318935   746.69225732   267.89847681  -158.36409277    60.85103108     1.752915     301.20933777  -204.67495596  -201.07396945     0.          -166.34101007   110.33230742]
     [   62.7581418    -25.17739462   102.1694779   -162.29247607  -328.25365161   267.89847681  1321.71745081  -812.20360921  -116.82527279   119.15933069   699.37400631  -416.93720658  -324.69837448   166.34101007     0.           132.56673301]
     [  -78.37483266    46.91560598    -6.53002728    68.39963534   189.87535767  -158.36409277  -812.20360921   536.5270088     78.50162553   -83.33752093  -446.06397365   273.0692049    202.91624511  -110.33230742  -132.56673301     0.        ]
     [    0.          -172.90737091    55.72591672   -50.0712353    -66.61322335    60.85103108  -116.82527279    78.50162553  1658.61912557 -1100.49735513  -165.38591147   124.23231625  -415.14740531   296.79997554    62.7581418    -78.37483266]
     [  172.90737091     0.           -37.75193627    42.45599235   -19.31733457     1.752915     119.15933069   -83.33752093 -1100.49735513   772.32494782   125.02150654   -91.65704978   304.47804635  -221.78321123   -25.17739462    46.91560598]
     [  -55.72591672    37.75193627     0.          -127.03378476  -407.7478015    301.20933777   699.37400631  -446.06397365  -165.38591147   125.02150654  1377.9136892   -917.29358245     7.45369108   -99.82638819   102.1694779     -6.53002728]
     [   50.0712353    -42.45599235   127.03378476     0.           261.60522066  -204.67495596  -416.93720658   273.0692049    124.23231625   -91.65704978  -917.29358245   647.03191913    72.26677139    11.13408315  -162.29247607    68.39963534]
     [   66.61322335    19.31733457   407.7478015   -261.60522066     0.          -201.07396945  -324.69837448   202.91624511  -415.14740531   304.47804635     7.45369108    72.26677139  1515.77422392 -1032.71318935  -328.25365161   189.87535767]
     [  -60.85103108    -1.752915    -301.20933777   204.67495596   201.07396945     0.           166.34101007  -110.33230742   296.79997554  -221.78321123   -99.82638819    11.13408315 -1032.71318935   746.69225732   267.89847681  -158.36409277]
     [  116.82527279  -119.15933069  -699.37400631   416.93720658   324.69837448  -166.34101007     0.          -132.56673301    62.7581418    -25.17739462   102.1694779   -162.29247607  -328.25365161   267.89847681  1321.71745081  -812.20360921]
     [  -78.50162553    83.33752093   446.06397365  -273.0692049   -202.91624511   110.33230742   132.56673301     0.           -78.37483266    46.91560598    -6.53002728    68.39963534   189.87535767  -158.36409277  -812.20360921   536.5270088 ]]
    eigvals of hessian_by_M_M: [   4.72978491    4.72978491    8.99521358    8.99521358   17.02452696   17.02452696   22.65852031   22.65852031  722.9650276   722.9650276  1519.51782704 1519.51782704 2681.92258712 2681.92258712 3598.78713505 3598.78713505]
WLBOR:
    iter_times, elapsed_time, sqdiff: 300, 1.5752589702606201, 2.109517670211392
    MSN: Tensor(
        [[ 1.13797707-0.435096j    0.92849169-0.7302591j  -0.65795677-0.61328516j  0.14849785-0.12241997j]
         [-0.06885999+0.46696523j  0.99749219+0.38038604j  0.22860706-0.02560571j  0.23309902+0.54841676j]
         [-0.41472319-0.25290422j -0.74322005-1.67459883j  0.12162412+0.51819926j  0.69200104-0.47446121j]
         [ 0.94457098+0.47209463j -0.75424218+1.1268329j   0.13918042-1.02948096j -0.68871182-0.71925078j]]
        labels=['kl', 'kr'],
        shape=(4, 4),
    )
    grad_by_reM_reM: Tensor(
        [ 3.21747183e-08-9.43689571e-16j  9.88888805e-09+1.48882642e-15j -4.66605693e-09+4.44089210e-16j  1.06599631e-08-3.38618023e-15j -1.23716103e-08-3.44169138e-15j  1.34498248e-08-5.55111512e-16j -1.52187626e-08-9.15933995e-16j  1.60432326e-09+3.60822483e-16j]
        labels=[('kl', 'biZqcYtD')],
        shape=(8,),
    )
    grad_by_imM_imM: Tensor(
        [-4.58133306e-09+9.43689571e-16j -1.12180577e-09+1.16920362e-15j -1.55780451e-08-6.10622664e-16j -3.12678963e-08-9.43689571e-16j  9.90095284e-09-1.66533454e-15j -5.94045590e-10+1.74860126e-15j -1.82639413e-08+6.10622664e-16j -4.72838710e-09+8.04911693e-16j]
        labels=[('kl', 'biZqcYtD')],
        shape=(8,),
    )
    hessian_by_M_M: [[ 1.19792473e+02 -4.66049532e+01 -3.11151498e+00  1.78318916e+01 -2.67786605e+01  3.08047055e+01  1.08379908e+01 -9.14786245e+00  0.00000000e+00 -4.83145752e+00 -6.77937230e+00 -4.72366139e+00  2.53783307e+00 -3.85052908e+00  1.30504274e+01 -1.18124266e+00]
     [-4.66049532e+01  8.06613363e+01  4.96784613e+00 -1.84278185e+01  1.05916768e+01 -1.77482540e+01  7.57920982e+00  1.06243577e+00  4.83145752e+00  0.00000000e+00 -6.69562096e-01 -1.92223680e+01  7.37812900e+00  7.81942052e-02 -1.36460933e+01 -9.99661218e-01]
     [-3.11151498e+00  4.96784613e+00  9.60063067e+01 -3.80792854e+01 -7.06124919e+00 -8.73065949e+00  8.03347882e+00 -2.69234619e+01  6.77937230e+00  6.69562096e-01  0.00000000e+00 -2.33493016e+00  4.13654186e+01 -1.31804461e+01 -4.56799012e+01  2.56055446e+01]
     [ 1.78318916e+01 -1.84278185e+01 -3.80792854e+01  8.12484237e+01 -1.10744821e+00  9.67440537e+00  1.22448930e+01  2.25159680e+00  4.72366139e+00  1.92223680e+01  2.33493016e+00  0.00000000e+00 -1.47837994e+01 -9.08519661e+00  1.47664101e+01 -1.20826105e+01]
     [-2.67786605e+01  1.05916768e+01 -7.06124919e+00 -1.10744821e+00  1.24311133e+02 -4.48741283e+01 -1.43881435e+01  3.10395661e+01 -2.53783307e+00 -7.37812900e+00 -4.13654186e+01  1.47837994e+01  0.00000000e+00  9.31295118e+00  2.41930277e+01 -6.95279442e-01]
     [ 3.08047055e+01 -1.77482540e+01 -8.73065949e+00  9.67440537e+00 -4.48741283e+01  5.42724174e+01  5.81669797e+00 -1.42922681e+01  3.85052908e+00 -7.81942052e-02  1.31804461e+01  9.08519661e+00 -9.31295118e+00  0.00000000e+00 -4.79133137e+00  8.54484022e+00]
     [ 1.08379908e+01  7.57920982e+00  8.03347882e+00  1.22448930e+01 -1.43881435e+01  5.81669797e+00  9.68378746e+01 -1.81505803e+01 -1.30504274e+01  1.36460933e+01  4.56799012e+01 -1.47664101e+01 -2.41930277e+01  4.79133137e+00  0.00000000e+00 -2.47531905e+01]
     [-9.14786245e+00  1.06243577e+00 -2.69234619e+01  2.25159680e+00  3.10395661e+01 -1.42922681e+01 -1.81505803e+01  7.12006414e+01  1.18124266e+00  9.99661218e-01 -2.56055446e+01  1.20826105e+01  6.95279442e-01 -8.54484022e+00  2.47531905e+01  0.00000000e+00]
     [ 0.00000000e+00  4.83145752e+00  6.77937230e+00  4.72366139e+00 -2.53783307e+00  3.85052908e+00 -1.30504274e+01  1.18124266e+00  1.19792473e+02 -4.66049532e+01 -3.11151498e+00  1.78318916e+01 -2.67786605e+01  3.08047055e+01  1.08379908e+01 -9.14786245e+00]
     [-4.83145752e+00  0.00000000e+00  6.69562096e-01  1.92223680e+01 -7.37812900e+00 -7.81942052e-02  1.36460933e+01  9.99661218e-01 -4.66049532e+01  8.06613363e+01  4.96784613e+00 -1.84278185e+01  1.05916768e+01 -1.77482540e+01  7.57920982e+00  1.06243577e+00]
     [-6.77937230e+00 -6.69562096e-01  0.00000000e+00  2.33493016e+00 -4.13654186e+01  1.31804461e+01  4.56799012e+01 -2.56055446e+01 -3.11151498e+00  4.96784613e+00  9.60063067e+01 -3.80792854e+01 -7.06124919e+00 -8.73065949e+00  8.03347882e+00 -2.69234619e+01]
     [-4.72366139e+00 -1.92223680e+01 -2.33493016e+00  0.00000000e+00  1.47837994e+01  9.08519661e+00 -1.47664101e+01  1.20826105e+01  1.78318916e+01 -1.84278185e+01 -3.80792854e+01  8.12484237e+01 -1.10744821e+00  9.67440537e+00  1.22448930e+01  2.25159680e+00]
     [ 2.53783307e+00  7.37812900e+00  4.13654186e+01 -1.47837994e+01  0.00000000e+00 -9.31295118e+00 -2.41930277e+01  6.95279442e-01 -2.67786605e+01  1.05916768e+01 -7.06124919e+00 -1.10744821e+00  1.24311133e+02 -4.48741283e+01 -1.43881435e+01  3.10395661e+01]
     [-3.85052908e+00  7.81942052e-02 -1.31804461e+01 -9.08519661e+00  9.31295118e+00  0.00000000e+00  4.79133137e+00 -8.54484022e+00  3.08047055e+01 -1.77482540e+01 -8.73065949e+00  9.67440537e+00 -4.48741283e+01  5.42724174e+01  5.81669797e+00 -1.42922681e+01]
     [ 1.30504274e+01 -1.36460933e+01 -4.56799012e+01  1.47664101e+01  2.41930277e+01 -4.79133137e+00  0.00000000e+00  2.47531905e+01  1.08379908e+01  7.57920982e+00  8.03347882e+00  1.22448930e+01 -1.43881435e+01  5.81669797e+00  9.68378746e+01 -1.81505803e+01]
     [-1.18124266e+00 -9.99661218e-01  2.56055446e+01 -1.20826105e+01 -6.95279442e-01  8.54484022e+00 -2.47531905e+01  0.00000000e+00 -9.14786245e+00  1.06243577e+00 -2.69234619e+01  2.25159680e+00  3.10395661e+01 -1.42922681e+01 -1.81505803e+01  7.12006414e+01]]
    eigvals of hessian_by_M_M: [ 10.18801502  10.18801502  25.08623034  25.08623034  47.6480201   47.6480201   57.18900062  57.18900062  74.19547944  74.19547944  98.68485564  98.68485564 176.33202053 176.33202053 235.00698454 235.00698454]
WNAG:
    iter_times, elapsed_time, sqdiff: 300, 0.7196710109710693, 4.263974366926284
    MSN: Tensor(
        [[ 1.05687582+0.57107891j  0.67293593-0.27649927j -0.53918432-0.39115609j  0.80295318-0.24374776j]
         [-0.85981383+1.11036338j -0.43576547+0.02599072j  1.57832806+0.07935511j -0.68382606+0.4644632j ]
         [-0.4870065 -0.12529366j  0.52451405+0.02449639j -0.52713535+0.5954884j   0.32893278-0.20530009j]
         [ 1.43058795+0.68631787j -0.35034182-0.38865388j  0.60378329-1.00835388j -0.02903183+0.03676283j]]
        labels=['kl', 'kr'],
        shape=(4, 4),
    )
    grad_by_reM_reM: Tensor(
        [ 1.23928621+2.22044605e-16j  1.2189396 +1.77635684e-15j -0.20217066+5.55111512e-16j  1.01980089+2.44249065e-15j -0.00924185+2.44249065e-15j  0.20897225+3.99680289e-15j  1.20203581+3.46944695e-16j  1.47668584+6.10622664e-16j]
        labels=[('kl', 'biZqcYtD')],
        shape=(8,),
    )
    grad_by_imM_imM: Tensor(
        [-0.11598202+3.88578059e-15j -1.31852835+4.32986980e-15j  1.17799019+2.10942375e-15j  1.40662302+3.88578059e-15j  0.22993515+5.55111512e-16j  0.39165762-2.72004641e-15j  0.20260982-4.44089210e-16j -0.95399706-1.33226763e-15j]
        labels=[('kl', 'biZqcYtD')],
        shape=(8,),
    )
    hessian_by_M_M: [[ 161.82101322  166.12610998    4.62173355   47.43747598   -7.63356304    5.93848305   41.35642949   30.41152325    0.         -153.02719758   27.35194396   22.24368668   20.04385176   31.6209587   -12.58974794  -55.55746478]
     [ 166.12610998  325.15073223  -35.09809844   16.51719142  -26.65507871  -22.34439856   56.82728704   80.61401764  153.02719758    0.           36.0086608    83.59822845   18.38743454   41.50769323   21.15930091  -34.61346092]
     [   4.62173355  -35.09809844  113.57284403  125.45852682   34.14045393   31.82528711   10.90705872  -12.76189684  -27.35194396  -36.0086608     0.         -108.23340422  -15.66019525  -54.04272478  -18.21409072  -27.36995042]
     [  47.43747598   16.51719142  125.45852682  251.60903167   54.62296602   79.43849992   37.39640055   20.68004669  -22.24368668  -83.59822845  108.23340422    0.            6.48350364  -38.78371644   -9.30699438  -51.3254599 ]
     [  -7.63356304  -26.65507871   34.14045393   54.62296602  102.58775144  102.81907023   31.49278376   42.99335254  -20.04385176  -18.38743454   15.66019525   -6.48350364    0.          -94.19776085   14.11535331  -16.91443572]
     [   5.93848305  -22.34439856   31.82528711   79.43849992  102.81907023  198.98892205   16.15725928   52.47041932  -31.6209587   -41.50769323   54.04272478   38.78371644   94.19776085    0.           41.87580716   22.33683941]
     [  41.35642949   56.82728704   10.90705872   37.39640055   31.49278376   16.15725928  121.83571619  131.41298008   12.58974794  -21.15930091   18.21409072    9.30699438  -14.11535331  -41.87580716    0.         -114.47883784]
     [  30.41152325   80.61401764  -12.76189684   20.68004669   42.99335254   52.47041932  131.41298008  256.81081884   55.55746478   34.61346092   27.36995042   51.3254599    16.91443572  -22.33683941  114.47883784    0.        ]
     [   0.          153.02719758  -27.35194396  -22.24368668  -20.04385176  -31.6209587    12.58974794   55.55746478  161.82101322  166.12610998    4.62173355   47.43747598   -7.63356304    5.93848305   41.35642949   30.41152325]
     [-153.02719758    0.          -36.0086608   -83.59822845  -18.38743454  -41.50769323  -21.15930091   34.61346092  166.12610998  325.15073223  -35.09809844   16.51719142  -26.65507871  -22.34439856   56.82728704   80.61401764]
     [  27.35194396   36.0086608     0.          108.23340422   15.66019525   54.04272478   18.21409072   27.36995042    4.62173355  -35.09809844  113.57284403  125.45852682   34.14045393   31.82528711   10.90705872  -12.76189684]
     [  22.24368668   83.59822845 -108.23340422    0.           -6.48350364   38.78371644    9.30699438   51.3254599    47.43747598   16.51719142  125.45852682  251.60903167   54.62296602   79.43849992   37.39640055   20.68004669]
     [  20.04385176   18.38743454  -15.66019525    6.48350364    0.           94.19776085  -14.11535331   16.91443572   -7.63356304  -26.65507871   34.14045393   54.62296602  102.58775144  102.81907023   31.49278376   42.99335254]
     [  31.6209587    41.50769323  -54.04272478  -38.78371644  -94.19776085    0.          -41.87580716  -22.33683941    5.93848305  -22.34439856   31.82528711   79.43849992  102.81907023  198.98892205   16.15725928   52.47041932]
     [ -12.58974794   21.15930091  -18.21409072   -9.30699438   14.11535331   41.87580716    0.          114.47883784   41.35642949   56.82728704   10.90705872   37.39640055   31.49278376   16.15725928  121.83571619  131.41298008]
     [ -55.55746478  -34.61346092  -27.36995042  -51.3254599   -16.91443572   22.33683941 -114.47883784    0.           30.41152325   80.61401764  -12.76189684   20.68004669   42.99335254   52.47041932  131.41298008  256.81081884]]
    eigvals of hessian_by_M_M: [  0.69200607   0.69200607   1.450979     1.450979     2.84692501   2.84692501   4.28027664   4.28027664 153.66312613 153.66312613 260.32522882 260.32522882 451.72336961 451.72336961 657.39491837 657.39491837]
SNAG:
    iter_times, elapsed_time, sqdiff: 300, 0.6389040946960449, 3.2808130477908177
    MSN: Tensor(
        [[ 0.54051781+0.15699546j -0.05169876+0.17263986j -0.7639884 -0.19529357j  0.07729117-0.55820393j]
         [-0.52641047-0.4360231j   0.15747727-0.20027113j  0.99722102+0.24317351j -0.20749046+0.79293844j]
         [-0.02890157-0.99655638j  0.23263265-0.03077446j -0.84955129+0.97827858j -0.55291997-0.27961226j]
         [ 1.78815367+0.5678117j   0.16510503+0.55246407j  1.46558347-0.34000936j -0.72786216+0.36596733j]]
        labels=['kl', 'kr'],
        shape=(4, 4),
    )
    grad_by_reM_reM: Tensor(
        [-4.85722573e-15-1.05471187e-15j -9.99200722e-16-7.70217223e-16j -4.80171458e-15+3.22658567e-16j  2.72004641e-15-1.24900090e-16j  1.60982339e-15-2.77555756e-16j  5.35682609e-15+1.66533454e-16j  4.17027524e-15+5.44703171e-16j  3.05658276e-15+9.71445147e-17j]
        labels=[('kl', 'biZqcYtD')],
        shape=(8,),
    )
    grad_by_imM_imM: Tensor(
        [-3.49720253e-15-3.60822483e-16j -2.53269627e-15-6.38378239e-16j -2.25167107e-15+6.93889390e-16j -1.30451205e-15+3.33066907e-16j  1.75900960e-15-4.99600361e-16j  1.55431223e-15-7.49400542e-16j  2.05044315e-15+2.01227923e-16j -1.45716772e-15+1.03216047e-15j]
        labels=[('kl', 'biZqcYtD')],
        shape=(8,),
    )
    hessian_by_M_M: [[ 5.12960025  1.98132524  1.23954754 -1.42155984 -0.14327143 -0.17850604  0.84042713  0.88654564  0.          1.20363148 -0.84430597  0.76913017  1.35679465 -0.0495077   0.6175984   0.47492849]
     [ 1.98132524  4.38058331  1.31189563  0.0150571  -0.40973223 -0.269885    1.23845715  0.8223611  -1.20363148  0.         -1.14148026  0.4866311   0.25792286 -0.3893193  -1.66085093  0.06893535]
     [ 1.23954754  1.31189563  4.09435327  0.98957865  0.43029941 -0.43924699  0.1044499   0.88967081  0.84430597  1.14148026  0.          0.36149494 -0.25959282  0.59455155 -0.48685852  0.45622346]
     [-1.42155984  0.0150571   0.98957865  2.96768338  0.69868188  0.39226633  0.4799557   0.15467164 -0.76913017 -0.4866311  -0.36149494  0.          0.20516157  0.3892959  -0.90822599 -0.31969282]
     [-0.14327143 -0.40973223  0.43029941  0.69868188  4.54437262  1.29987681 -0.61953441  0.4330183  -1.35679465 -0.25792286  0.25959282 -0.20516157  0.          1.62740262  0.28740053  0.48560137]
     [-0.17850604 -0.269885   -0.43924699  0.39226633  1.29987681  3.32539182  0.83484207  0.55190439  0.0495077   0.3893193  -0.59455155 -0.3892959  -1.62740262  0.          0.51741437  0.32644325]
     [ 0.84042713  1.23845715  0.1044499   0.4799557  -0.61953441  0.83484207  5.99099846  1.46356339 -0.6175984   1.66085093  0.48685852  0.90822599 -0.28740053 -0.51741437  0.          0.18524215]
     [ 0.88654564  0.8223611   0.88967081  0.15467164  0.4330183   0.55190439  1.46356339  2.42062709 -0.47492849 -0.06893535 -0.45622346  0.31969282 -0.48560137 -0.32644325 -0.18524215  0.        ]
     [ 0.         -1.20363148  0.84430597 -0.76913017 -1.35679465  0.0495077  -0.6175984  -0.47492849  5.12960025  1.98132524  1.23954754 -1.42155984 -0.14327143 -0.17850604  0.84042713  0.88654564]
     [ 1.20363148  0.          1.14148026 -0.4866311  -0.25792286  0.3893193   1.66085093 -0.06893535  1.98132524  4.38058331  1.31189563  0.0150571  -0.40973223 -0.269885    1.23845715  0.8223611 ]
     [-0.84430597 -1.14148026  0.         -0.36149494  0.25959282 -0.59455155  0.48685852 -0.45622346  1.23954754  1.31189563  4.09435327  0.98957865  0.43029941 -0.43924699  0.1044499   0.88967081]
     [ 0.76913017  0.4866311   0.36149494  0.         -0.20516157 -0.3892959   0.90822599  0.31969282 -1.42155984  0.0150571   0.98957865  2.96768338  0.69868188  0.39226633  0.4799557   0.15467164]
     [ 1.35679465  0.25792286 -0.25959282  0.20516157  0.         -1.62740262 -0.28740053 -0.48560137 -0.14327143 -0.40973223  0.43029941  0.69868188  4.54437262  1.29987681 -0.61953441  0.4330183 ]
     [-0.0495077  -0.3893193   0.59455155  0.3892959   1.62740262  0.         -0.51741437 -0.32644325 -0.17850604 -0.269885   -0.43924699  0.39226633  1.29987681  3.32539182  0.83484207  0.55190439]
     [ 0.6175984  -1.66085093 -0.48685852 -0.90822599  0.28740053  0.51741437  0.         -0.18524215  0.84042713  1.23845715  0.1044499   0.4799557  -0.61953441  0.83484207  5.99099846  1.46356339]
     [ 0.47492849  0.06893535  0.45622346 -0.31969282  0.48560137  0.32644325  0.18524215  0.          0.88654564  0.8223611   0.88967081  0.15467164  0.4330183   0.55190439  1.46356339  2.42062709]]
    eigvals of hessian_by_M_M: [ 0.41444504  0.41444504  0.98768892  0.98768892  1.84944004  1.84944004  2.32006175  2.32006175  3.65215858  3.65215858  5.98462997  5.98462997  7.49800173  7.49800173 10.14718417 10.14718417]
SSpiral(8):
    iter_times, elapsed_time, sqdiff: 300, 1.1629528999328613, 2.1095176702113907
    MSN: Tensor(
        [[ 1.13797707-0.435096j    0.92849169-0.7302591j  -0.65795678-0.61328516j  0.14849785-0.12241997j]
         [-0.06885999+0.46696522j  0.99749219+0.38038604j  0.22860706-0.02560571j  0.23309902+0.54841676j]
         [-0.41472319-0.25290422j -0.74322005-1.67459884j  0.12162412+0.51819926j  0.69200104-0.47446121j]
         [ 0.94457098+0.47209463j -0.75424218+1.1268329j   0.13918042-1.02948096j -0.68871183-0.71925078j]]
        labels=['kl', 'kr'],
        shape=(4, 4),
    )
    grad_by_reM_reM: Tensor(
        [-1.04027897e-13+3.05311332e-16j  6.70435929e-14-7.66747776e-16j  3.60822483e-16-2.77555756e-15j -2.58126853e-15+1.33226763e-15j -1.27675648e-14+4.32986980e-15j -2.72559753e-14-6.10622664e-16j  7.13873405e-14-3.05311332e-15j -4.33542091e-14+6.93889390e-16j]
        labels=[('kl', 'biZqcYtD')],
        shape=(8,),
    )
    grad_by_imM_imM: Tensor(
        [ 4.89885910e-14-6.66133815e-16j  1.96717642e-15-2.40085729e-15j  9.38138456e-14+1.63757896e-15j -3.92463839e-14-6.93889390e-16j -6.67244038e-14-3.33066907e-16j  5.00155473e-14-7.49400542e-16j  3.14470672e-14+1.11022302e-15j -2.27318164e-14+1.11022302e-16j]
        labels=[('kl', 'biZqcYtD')],
        shape=(8,),
    )
    hessian_by_M_M: [[ 7.80614845e+01 -1.31010141e+01 -3.16115232e+00  1.13995795e+01 -1.75672821e+01  1.75466906e+01  5.46232107e+00 -4.95623606e+00  0.00000000e+00 -7.24329472e+00 -2.94741608e+00 -3.06739814e+00  2.93198288e+00 -3.17642017e+00  7.16179151e+00  2.70401293e+00]
     [-1.31010141e+01  5.69217634e+01  6.05538660e+00 -1.06875329e+01  2.02335075e+00 -7.09299732e+00  9.04655820e+00  1.64423832e+00  7.24329472e+00  0.00000000e+00 -1.09758761e+00 -1.95511355e+01  5.81048264e+00  8.93020493e-01 -6.37077149e+00 -3.57039818e+00]
     [-3.16115232e+00  6.05538660e+00  6.26831100e+01 -1.23193472e+01 -3.53182778e+00 -1.05561180e+01  4.74149413e+00 -1.73157444e+01  2.94741608e+00  1.09758761e+00  0.00000000e+00 -6.11892669e+00  2.51757312e+01  5.70179652e-01 -3.26225636e+01  1.04972319e+01]
     [ 1.13995795e+01 -1.06875329e+01 -1.23193472e+01  6.02126220e+01 -9.79006911e-01  5.46104134e+00  1.07231464e+01 -1.12358587e+00  3.06739814e+00  1.95511355e+01  6.11892669e+00  0.00000000e+00 -5.98223206e-03 -1.22345422e+01  1.41571139e+00 -2.97138026e+00]
     [-1.75672821e+01  2.02335075e+00 -3.53182778e+00 -9.79006911e-01  7.77507764e+01 -8.03819952e+00 -1.12092883e+01  2.11383174e+01 -2.93198288e+00 -5.81048264e+00 -2.51757312e+01  5.98223206e-03  0.00000000e+00  5.53542747e+00  1.67414202e+01  3.15513447e+00]
