b=4, chi=2, seed=96, 
NOR:
    iter_times, elapsed_time, sqdiff: 300, 0.40258097648620605, 2.5909580093079434
    MSN: Tensor(
        [[-1.01045162-0.24442962j -0.39304028-0.96790439j  0.44866439+0.58804692j  0.36957511+0.7171129j ]
         [-0.81095323+0.22349604j  0.4739959 -0.05593773j -0.32050601-0.11808545j  0.34015247-0.40677582j]
         [ 0.51192523+0.04083971j -0.8743383 +0.67793478j  0.60800638-0.43824639j  0.33594551+0.17217445j]
         [-0.33358547+1.1247789j   0.20856481-0.44472859j -0.31962838+0.17128813j -0.12006753-0.72641737j]]
        labels=['kl', 'kr'],
        shape=(4, 4),
    )
    grad_by_real_M: Tensor(
        [ 4.85722573e-15+2.41126563e-16j -1.44328993e-15+9.74914593e-16j  1.37667655e-14-4.30211422e-16j -1.97064587e-15-1.44328993e-15j -1.12722331e-14-9.71445147e-16j  4.51028104e-15-3.88578059e-16j
          4.10782519e-15+6.66133815e-16j -9.90874049e-15+6.24500451e-16j]
        labels=[('kl', 'vqnroAaD')],
        shape=(8,),
    )
    grad_by_imag_M: Tensor(
        [-7.15226489e-15-2.77555756e-17j  3.63944985e-15-1.11022302e-16j -1.43635104e-14-6.66133815e-16j -1.33226763e-15-6.93889390e-16j  3.60822483e-16+3.12250226e-17j -8.16013923e-15-5.68989300e-16j
          1.66533454e-16+5.55111512e-16j -7.78543896e-15-1.94289029e-16j]
        labels=[('kl', 'vqnroAaD')],
        shape=(8,),
    )
    hessian_by_real_M: Tensor(
        [[ 48.12664114+3.55271368e-15j  -1.48783581+8.88178420e-16j  -0.94260424-1.77635684e-15j  -3.03297801+0.00000000e+00j -10.10040447-8.88178420e-16j  -0.5766195 -8.88178420e-16j
           -1.0361797 +6.66133815e-16j  -3.95939167-2.22044605e-16j]
         [ -1.48783581+8.88178420e-16j  34.15379751-4.44089210e-16j  -3.78754438-2.22044605e-16j   4.3043046 +8.88178420e-16j   5.24094514+8.88178420e-16j  -4.46649548+4.44089210e-16j
            2.00565219+0.00000000e+00j   0.48176203-8.88178420e-16j]
         [ -0.94260424-1.77635684e-15j  -3.78754438-2.22044605e-16j  76.74881524-7.10542736e-15j  -6.13617493+1.77635684e-15j -34.11862976+1.77635684e-15j  17.76355899-4.44089210e-16j
           -1.9166796 +0.00000000e+00j  15.11100456+8.88178420e-16j]
         [ -3.03297801+0.00000000e+00j   4.3043046 +8.88178420e-16j  -6.13617493+1.77635684e-15j  41.6008279 -1.77635684e-15j  -1.36563986-4.44089210e-16j   4.4957288 +8.88178420e-16j
            7.67948503+0.00000000e+00j  -1.04569004+4.44089210e-16j]
         [-10.10040447-8.88178420e-16j   5.24094514+8.88178420e-16j -34.11862976+1.77635684e-15j  -1.36563986-4.44089210e-16j  59.68281434+0.00000000e+00j  -8.56523568+0.00000000e+00j
          -10.8829413 -1.77635684e-15j   3.5829184 +0.00000000e+00j]
         [ -0.5766195 -8.88178420e-16j  -4.46649548+4.44089210e-16j  17.76355899-4.44089210e-16j   4.4957288 +8.88178420e-16j  -8.56523568+0.00000000e+00j  48.76563311+8.88178420e-16j
           -0.83645486+4.44089210e-16j   5.85381617+0.00000000e+00j]
         [ -1.0361797 +6.66133815e-16j   2.00565219+0.00000000e+00j  -1.9166796 +0.00000000e+00j   7.67948503+0.00000000e+00j -10.8829413 -1.77635684e-15j  -0.83645486+4.44089210e-16j
           50.57597921+0.00000000e+00j   5.47727673+4.44089210e-16j]
         [ -3.95939167-2.22044605e-16j   0.48176203-8.88178420e-16j  15.11100456+8.88178420e-16j  -1.04569004+4.44089210e-16j   3.5829184 +0.00000000e+00j   5.85381617+0.00000000e+00j
            5.47727673+4.44089210e-16j  34.90339797+3.33066907e-16j]]
        labels=[('kl', 'vqnroAaD'), ('kl*', 'vqnroAaD*')],
        shape=(8, 8),
    )
    hessian_by_imag_M: Tensor(
        [[  0.        +0.00000000e+00j   8.58327298+8.88178420e-16j -10.17252748+6.66133815e-16j  -1.48617464-4.44089210e-16j  11.04876989+0.00000000e+00j  15.14703316+1.11022302e-16j
           -1.88604911+6.66133815e-16j   3.34058709+2.22044605e-16j]
         [ -8.58327298-8.88178420e-16j   0.        +0.00000000e+00j   3.7036693 -2.22044605e-16j  -1.84374231+4.44089210e-16j  -8.52269666+4.44089210e-16j  -4.66329287-4.44089210e-16j
           -4.75361954+0.00000000e+00j   6.38451788-1.38777878e-16j]
         [ 10.17252748-6.66133815e-16j  -3.7036693 +2.22044605e-16j   0.        +0.00000000e+00j  -7.71522639-8.88178420e-16j  -2.21952557+0.00000000e+00j  -5.34440626+0.00000000e+00j
           -3.63010637+3.33066907e-16j  10.34265739+0.00000000e+00j]
         [  1.48617464+4.44089210e-16j   1.84374231-4.44089210e-16j   7.71522639+8.88178420e-16j   0.        +0.00000000e+00j   3.06998598+8.88178420e-16j   9.96451945+1.77635684e-15j
            7.11543869+0.00000000e+00j  -2.99424172-1.11022302e-15j]
         [-11.04876989+0.00000000e+00j   8.52269666-4.44089210e-16j   2.21952557+0.00000000e+00j  -3.06998598-8.88178420e-16j   0.        +0.00000000e+00j   1.46717196+8.88178420e-16j
           -4.54325692-8.88178420e-16j  -5.19486253+1.11022302e-15j]
         [-15.14703316-1.11022302e-16j   4.66329287+4.44089210e-16j   5.34440626+0.00000000e+00j  -9.96451945-1.77635684e-15j  -1.46717196-8.88178420e-16j   0.        +0.00000000e+00j
            0.82247535-3.33066907e-16j  -5.46532564+4.44089210e-16j]
         [  1.88604911-6.66133815e-16j   4.75361954+0.00000000e+00j   3.63010637-3.33066907e-16j  -7.11543869+0.00000000e+00j   4.54325692+8.88178420e-16j  -0.82247535+3.33066907e-16j
            0.        +0.00000000e+00j   6.39539982+0.00000000e+00j]
         [ -3.34058709-2.22044605e-16j  -6.38451788+1.38777878e-16j -10.34265739+0.00000000e+00j   2.99424172+1.11022302e-15j   5.19486253-1.11022302e-15j   5.46532564-4.44089210e-16j
           -6.39539982+0.00000000e+00j   0.        +0.00000000e+00j]]
        labels=[('kl', 'vqnroAaD'), ('kl*', 'vqnroAaD*')],
        shape=(8, 8),
    )
    eigvals of hessian_by_real_M: DiagonalTensor(
        [ 17.24123924  27.83901346  35.81252048  38.5547297   45.1023393   57.12984074  60.25519662 112.62302687]
        labels=['ZzqJsVTP', 'ZzqJsVTP'],
        shape=(8, 8),
    )
    eigvals of hessian_by_imag_M: DiagonalTensor(
        [-30.94738165 -14.43123879 -10.57900144  -0.90774049   4.55722464   7.16803857  16.38186178  28.75823737]
        labels=['AbdwQtYE', 'AbdwQtYE'],
        shape=(8, 8),
    )
WCOR:
    iter_times, elapsed_time, sqdiff: 300, 0.5732421875, 2.5909580093079425
    MSN: Tensor(
        [[-1.01045162-0.24442962j -0.39304028-0.96790439j  0.44866439+0.58804692j  0.36957511+0.7171129j ]
         [-0.81095323+0.22349604j  0.4739959 -0.05593773j -0.32050601-0.11808545j  0.34015247-0.40677582j]
         [ 0.51192523+0.04083971j -0.8743383 +0.67793478j  0.60800638-0.43824639j  0.33594551+0.17217445j]
         [-0.33358547+1.1247789j   0.20856481-0.44472859j -0.31962838+0.17128813j -0.12006753-0.72641737j]]
        labels=['kl', 'kr'],
        shape=(4, 4),
    )
    grad_by_real_M: Tensor(
        [-1.07691633e-14+7.61543606e-16j  2.05391260e-15+3.81639165e-16j -6.43929354e-15-1.16573418e-15j -2.94209102e-15-1.11022302e-16j  8.68576044e-15+2.77555756e-16j  3.89688282e-14-3.33066907e-16j
         -2.16215934e-14-1.94289029e-16j -4.99600361e-15-1.11022302e-16j]
        labels=[('kl', 'vqnroAaD')],
        shape=(8,),
    )
    grad_by_imag_M: Tensor(
        [ 1.83516397e-14-6.66133815e-16j  1.61745617e-14+3.88578059e-16j -1.66533454e-15+0.00000000e+00j -2.13162821e-14-7.21644966e-16j  2.34812170e-14-5.35162192e-16j  1.75415238e-14+1.11022302e-15j
         -2.21767049e-14-3.05311332e-16j  4.81836793e-14-2.22044605e-16j]
        labels=[('kl', 'vqnroAaD')],
        shape=(8,),
    )
    hessian_by_real_M: Tensor(
        [[ 48.91003144+0.00000000e+00j  -7.45104795+0.00000000e+00j  -0.89248992-8.88178420e-16j  -3.01572779+0.00000000e+00j  -7.24566092+8.88178420e-16j   0.223047  -1.77635684e-15j
            0.14953163+0.00000000e+00j  -5.09610171-2.22044605e-16j]
         [ -7.45104795+0.00000000e+00j  40.85446079+0.00000000e+00j  -4.70861345-4.44089210e-16j   5.29927713+6.66133815e-16j   5.75080199-8.88178420e-16j  -4.92240152-4.44089210e-16j
            2.76797607+0.00000000e+00j   0.88359828-8.88178420e-16j]
         [ -0.89248992-8.88178420e-16j  -4.70861345-4.44089210e-16j  73.16584273+0.00000000e+00j -13.96284898-1.33226763e-15j -34.72503465+8.88178420e-16j  19.04187711+0.00000000e+00j
           -3.25476363-4.44089210e-16j  16.44363521+0.00000000e+00j]
         [ -3.01572779+0.00000000e+00j   5.29927713+6.66133815e-16j -13.96284898-1.33226763e-15j  49.36584797+8.88178420e-16j   1.32019612-1.11022302e-15j   4.01359116-8.88178420e-16j
            7.96158172+8.88178420e-16j  -2.44131608-4.44089210e-16j]
         [ -7.24566092+8.88178420e-16j   5.75080199-8.88178420e-16j -34.72503465+8.88178420e-16j   1.32019612-1.11022302e-15j  59.64421239-3.55271368e-15j -16.618939  -8.88178420e-16j
          -11.18592282+0.00000000e+00j   4.7795905 +0.00000000e+00j]
         [  0.223047  -1.77635684e-15j  -4.92240152-4.44089210e-16j  19.04187711+0.00000000e+00j   4.01359116-8.88178420e-16j -16.618939  -8.88178420e-16j  58.47098505+0.00000000e+00j
           -1.60015498+2.22044605e-16j   6.52071312-4.44089210e-16j]
         [  0.14953163+0.00000000e+00j   2.76797607+0.00000000e+00j  -3.25476363-4.44089210e-16j   7.96158172+8.88178420e-16j -11.18592282+0.00000000e+00j  -1.60015498+2.22044605e-16j
           49.63883433+3.55271368e-15j  -0.19570921+0.00000000e+00j]
         [ -5.09610171-2.22044605e-16j   0.88359828-8.88178420e-16j  16.44363521+0.00000000e+00j  -2.44131608-4.44089210e-16j   4.7795905 +0.00000000e+00j   6.52071312-4.44089210e-16j
           -0.19570921+0.00000000e+00j  40.83850074+1.54737334e-15j]]
        labels=[('kl', 'vqnroAaD'), ('kl*', 'vqnroAaD*')],
        shape=(8, 8),
    )
    hessian_by_imag_M: Tensor(
        [[  0.        +0.00000000e+00j  14.58541579+3.10862447e-15j -10.00120683+6.66133815e-16j  -0.37744961+0.00000000e+00j  10.60845528+1.33226763e-15j  14.98461036-4.71844785e-16j
           -0.83120005+4.44089210e-16j   2.96393945-4.44089210e-16j]
         [-14.58541579-3.10862447e-15j   0.        +0.00000000e+00j   4.13619296+4.44089210e-16j  -2.34270943-8.88178420e-16j  -8.46871618-1.33226763e-15j  -5.65953615-8.88178420e-16j
           -5.62757972+8.88178420e-16j   7.72139552-2.22044605e-16j]
         [ 10.00120683-6.66133815e-16j  -4.13619296-4.44089210e-16j   0.        +0.00000000e+00j  -1.0928181 +0.00000000e+00j  -4.02040795+3.55271368e-15j  -6.12584353-3.55271368e-15j
           -5.79190436+1.33226763e-15j  11.55576483+0.00000000e+00j]
         [  0.37744961+0.00000000e+00j   2.34270943+8.88178420e-16j   1.0928181 +0.00000000e+00j   0.        +0.00000000e+00j   2.80238978+0.00000000e+00j  11.3161945 -8.88178420e-16j
            8.10177122+4.44089210e-16j  -4.7090731 +0.00000000e+00j]
         [-10.60845528-1.33226763e-15j   8.46871618+1.33226763e-15j   4.02040795-3.55271368e-15j  -2.80238978+0.00000000e+00j   0.        +0.00000000e+00j   9.11956233+1.77635684e-15j
           -4.63607611+8.88178420e-16j  -4.13459786-4.44089210e-16j]
         [-14.98461036+4.71844785e-16j   5.65953615+8.88178420e-16j   6.12584353+3.55271368e-15j -11.3161945 +8.88178420e-16j  -9.11956233-1.77635684e-15j   0.        +0.00000000e+00j
            1.11735541+0.00000000e+00j  -6.29582061-1.33226763e-15j]
         [  0.83120005-4.44089210e-16j   5.62757972-8.88178420e-16j   5.79190436-1.33226763e-15j  -8.10177122-4.44089210e-16j   4.63607611-8.88178420e-16j  -1.11735541+0.00000000e+00j
            0.        +0.00000000e+00j  12.5523078 +3.55271368e-15j]
         [ -2.96393945+4.44089210e-16j  -7.72139552+2.22044605e-16j -11.55576483+0.00000000e+00j   4.7090731 +0.00000000e+00j   4.13459786+4.44089210e-16j   6.29582061+1.33226763e-15j
          -12.5523078 -3.55271368e-15j   0.        +0.00000000e+00j]]
        labels=[('kl', 'vqnroAaD'), ('kl*', 'vqnroAaD*')],
        shape=(8, 8),
    )
    eigvals of hessian_by_real_M: DiagonalTensor(
        [ 17.46548506  32.97736257  36.04720817  39.64713947  51.73473341  59.67790012  65.46998828 117.86889835]
        labels=['ZzqJsVTP', 'ZzqJsVTP'],
        shape=(8, 8),
    )
    eigvals of hessian_by_imag_M: DiagonalTensor(
        [-33.92992843 -18.69054772 -13.79064658  -1.01226768   0.98602272  13.39591891  24.64229028  28.3991585 ]
        labels=['AbdwQtYE', 'AbdwQtYE'],
        shape=(8, 8),
    )
WROR:
    iter_times, elapsed_time, sqdiff: 300, 0.5850832462310791, 2.5909580093079425
    MSN: Tensor(
        [[-1.01045162-0.24442962j -0.39304028-0.96790439j  0.44866439+0.58804692j  0.36957511+0.7171129j ]
         [-0.81095323+0.22349604j  0.4739959 -0.05593773j -0.32050601-0.11808545j  0.34015247-0.40677582j]
         [ 0.51192523+0.04083971j -0.8743383 +0.67793478j  0.60800638-0.43824639j  0.33594551+0.17217445j]
         [-0.33358547+1.1247789j   0.20856481-0.44472859j -0.31962838+0.17128813j -0.12006753-0.72641737j]]
        labels=['kl', 'kr'],
        shape=(4, 4),
    )
    grad_by_real_M: Tensor(
        [-3.96627176e-14-2.49800181e-16j  1.64313008e-14+5.55111512e-17j  3.28070904e-14+2.77555756e-16j -2.17881269e-14-1.66533454e-16j -6.99162950e-14+4.44089210e-16j  1.71529457e-14-2.77555756e-16j
         -2.63677968e-15-5.82867088e-16j -1.06858966e-15+3.81639165e-16j]
        labels=[('kl', 'vqnroAaD')],
        shape=(8,),
    )
    grad_by_imag_M: Tensor(
        [ 8.19483370e-15-1.38777878e-16j  5.82311976e-14-1.38777878e-15j -2.94764213e-14+1.66533454e-16j  8.16013923e-15-2.84494650e-16j -2.32036612e-14+7.49400542e-16j  1.01085806e-13+7.21644966e-16j
          3.84969834e-14-8.32667268e-17j  1.36488043e-14+4.16333634e-17j]
        labels=[('kl', 'vqnroAaD')],
        shape=(8,),
    )
    hessian_by_real_M: Tensor(
        [[ 4.19607022e+01-1.77635684e-15j -1.09399392e+01+0.00000000e+00j  9.62474829e-01+0.00000000e+00j -9.59647589e-01-1.11022302e-15j -4.46306693e+00+4.44089210e-16j  8.62708685e-01+0.00000000e+00j
           1.39872981e+00+9.99200722e-16j -5.37326189e+00-5.55111512e-16j]
         [-1.09399392e+01+0.00000000e+00j  5.21293576e+01+4.99600361e-16j -7.96566545e+00+2.22044605e-16j  3.91690142e+00-1.11022302e-15j  7.11670810e+00+0.00000000e+00j  8.04126113e-01+1.33226763e-15j
           3.89551313e+00+0.00000000e+00j  3.07962129e+00+1.77635684e-15j]
         [ 9.62474829e-01+0.00000000e+00j -7.96566545e+00+2.22044605e-16j  5.90389770e+01+0.00000000e+00j -1.77816732e+01+0.00000000e+00j -2.83537954e+01+8.88178420e-16j  1.10253589e+01+0.00000000e+00j
          -7.09372971e+00+0.00000000e+00j  1.74496949e+01+0.00000000e+00j]
         [-9.59647589e-01-1.11022302e-15j  3.91690142e+00-1.11022302e-15j -1.77816732e+01+0.00000000e+00j  5.38491737e+01+0.00000000e+00j -2.03714131e+00+0.00000000e+00j  6.44394457e-02-1.33226763e-15j
           2.54121252e+00+0.00000000e+00j -1.02057140e+00-8.88178420e-16j]
         [-4.46306693e+00+4.44089210e-16j  7.11670810e+00+0.00000000e+00j -2.83537954e+01+8.88178420e-16j -2.03714131e+00+0.00000000e+00j  5.33615763e+01+0.00000000e+00j -2.19088854e+01+0.00000000e+00j
          -8.26938917e+00-6.66133815e-16j  3.19814763e+00+0.00000000e+00j]
         [ 8.62708685e-01+0.00000000e+00j  8.04126113e-01+1.33226763e-15j  1.10253589e+01+0.00000000e+00j  6.44394457e-02-1.33226763e-15j -2.19088854e+01+0.00000000e+00j  6.73810632e+01+8.88178420e-16j
          -5.52771535e+00-4.44089210e-16j  4.62394102e+00+8.88178420e-16j]
         [ 1.39872981e+00+9.99200722e-16j  3.89551313e+00+0.00000000e+00j -7.09372971e+00+0.00000000e+00j  2.54121252e+00+0.00000000e+00j -8.26938917e+00-6.66133815e-16j -5.52771535e+00-4.44089210e-16j
           3.91268304e+01-3.55271368e-15j -5.41901110e+00+0.00000000e+00j]
         [-5.37326189e+00-5.55111512e-16j  3.07962129e+00+1.77635684e-15j  1.74496949e+01+0.00000000e+00j -1.02057140e+00-8.88178420e-16j  3.19814763e+00+0.00000000e+00j  4.62394102e+00+8.88178420e-16j
          -5.41901110e+00+0.00000000e+00j  5.15697590e+01-8.88178420e-16j]]
        labels=[('kl', 'vqnroAaD'), ('kl*', 'vqnroAaD*')],
        shape=(8, 8),
    )
    hessian_by_imag_M: Tensor(
        [[  0.        +0.00000000e+00j  30.19579936-8.88178420e-16j  -7.9124553 -1.11022302e-16j   0.69403946-2.22044605e-16j   5.97641744+0.00000000e+00j  12.09674027+8.88178420e-16j
            1.23246648+3.33066907e-16j   1.58434154+8.88178420e-16j]
         [-30.19579936+8.88178420e-16j   0.        +0.00000000e+00j   1.93482229+8.88178420e-16j  -3.38902227+8.88178420e-16j  -2.66918363+4.44089210e-16j  -3.39929801+0.00000000e+00j
           -6.63979187+0.00000000e+00j   9.78738472-6.66133815e-16j]
         [  7.9124553 +1.11022302e-16j  -1.93482229-8.88178420e-16j   0.        +0.00000000e+00j  24.0972139 -3.55271368e-15j  -2.79607232+0.00000000e+00j -17.27259222-8.88178420e-16j
           -9.06683413-4.44089210e-16j   6.14027836-1.77635684e-15j]
         [ -0.69403946+2.22044605e-16j   3.38902227-8.88178420e-16j -24.0972139 +3.55271368e-15j   0.        +0.00000000e+00j   7.52072057-4.21884749e-15j   6.53579178-7.77156117e-16j
            9.88670164+4.44089210e-16j  -6.77616773+4.44089210e-16j]
         [ -5.97641744+0.00000000e+00j   2.66918363-4.44089210e-16j   2.79607232+0.00000000e+00j  -7.52072057+4.21884749e-15j   0.        +0.00000000e+00j  32.02216023+5.32907052e-15j
           -3.56432351+8.88178420e-16j  -4.2108288 +4.44089210e-16j]
         [-12.09674027-8.88178420e-16j   3.39929801+0.00000000e+00j  17.27259222+8.88178420e-16j  -6.53579178+7.77156117e-16j -32.02216023-5.32907052e-15j   0.        +0.00000000e+00j
            3.64785355-4.44089210e-16j  -8.50022751-8.88178420e-16j]
         [ -1.23246648-3.33066907e-16j   6.63979187+0.00000000e+00j   9.06683413+4.44089210e-16j  -9.88670164-4.44089210e-16j   3.56432351-8.88178420e-16j  -3.64785355+4.44089210e-16j
            0.        +0.00000000e+00j  27.18781149-1.77635684e-15j]
         [ -1.58434154-8.88178420e-16j  -9.78738472+6.66133815e-16j  -6.14027836+1.77635684e-15j   6.77616773-4.44089210e-16j   4.2108288 -4.44089210e-16j   8.50022751+8.88178420e-16j
          -27.18781149+1.77635684e-15j   0.        +0.00000000e+00j]]
        labels=[('kl', 'vqnroAaD'), ('kl*', 'vqnroAaD*')],
        shape=(8, 8),
    )
    eigvals of hessian_by_real_M: DiagonalTensor(
        [ 12.92552737  31.51163384  35.56496054  48.12331293  49.39913651  65.14535909  68.83926628 106.90824289]
        labels=['NgzVapjr', 'NgzVapjr'],
        shape=(8, 8),
    )
    eigvals of hessian_by_imag_M: DiagonalTensor(
        [-45.42599917 -33.93215366 -24.71176176 -22.70256938  11.7618396   34.73274386  36.81653581  43.46136469]
        labels=['QgLLfbuV', 'QgLLfbuV'],
        shape=(8, 8),
    )
IWROR:
    iter_times, elapsed_time, sqdiff: 300, 0.5375070571899414, 2.590958009307945
    MSN: Tensor(
        [[-1.01045162-0.24442962j -0.39304028-0.96790439j  0.44866439+0.58804692j  0.36957511+0.7171129j ]
         [-0.81095323+0.22349604j  0.4739959 -0.05593773j -0.32050601-0.11808545j  0.34015247-0.40677582j]
         [ 0.51192523+0.04083971j -0.8743383 +0.67793478j  0.60800638-0.43824639j  0.33594551+0.17217445j]
         [-0.33358547+1.1247789j   0.20856481-0.44472859j -0.31962838+0.17128813j -0.12006753-0.72641737j]]
        labels=['kl', 'kr'],
        shape=(4, 4),
    )
    grad_by_real_M: Tensor(
        [ 5.10702591e-15-1.15185639e-15j  3.36120021e-14-4.44089210e-16j  4.20219415e-14+2.77555756e-16j  2.41785758e-14-1.27675648e-15j -3.41601747e-14+0.00000000e+00j  2.90878432e-14-4.99600361e-16j
          1.18793864e-14-8.32667268e-16j  1.60288449e-14+1.06512021e-15j]
        labels=[('kl', 'vqnroAaD')],
        shape=(8,),
    )
    grad_by_imag_M: Tensor(
        [ 9.85322934e-15-1.11022302e-16j -1.58206781e-14-5.27355937e-16j  5.33462163e-14-4.99600361e-16j -3.73590048e-14-1.15532584e-15j -1.96509475e-14-7.14706072e-16j  2.63677968e-14+1.11022302e-16j
         -8.21565038e-15-1.11022302e-16j -3.60649011e-14+6.52256027e-16j]
        labels=[('kl', 'vqnroAaD')],
        shape=(8,),
    )
    hessian_by_real_M: Tensor(
        [[ 4.25105775e+01+3.55271368e-15j -1.23051496e+01+0.00000000e+00j  1.02602095e+00+0.00000000e+00j -1.45027032e+00-1.77635684e-15j -4.99614452e+00+4.44089210e-16j  1.31851471e+00+0.00000000e+00j
           1.27468333e+00-2.22044605e-16j -5.36436662e+00-2.22044605e-16j]
         [-1.23051496e+01+0.00000000e+00j  5.25126572e+01-2.22044605e-15j -7.93434583e+00+0.00000000e+00j  4.40787622e+00+0.00000000e+00j  7.40781449e+00+2.22044605e-16j -6.80585517e-02+0.00000000e+00j
           3.82005417e+00-4.44089210e-16j  2.89253590e+00+0.00000000e+00j]
         [ 1.02602095e+00+0.00000000e+00j -7.93434583e+00+0.00000000e+00j  6.06383988e+01+3.55271368e-15j -1.99944956e+01+1.77635684e-15j -2.90813158e+01-2.66453526e-15j  1.22187665e+01+0.00000000e+00j
          -7.31031795e+00+0.00000000e+00j  1.79312961e+01+0.00000000e+00j]
         [-1.45027032e+00-1.77635684e-15j  4.40787622e+00+0.00000000e+00j -1.99944956e+01+1.77635684e-15j  5.52992214e+01-2.66453526e-15j -1.42862939e+00-1.33226763e-15j  8.65264435e-01+8.88178420e-16j
           3.32858854e+00+0.00000000e+00j -1.47958444e+00+0.00000000e+00j]
         [-4.99614452e+00+4.44089210e-16j  7.40781449e+00+2.22044605e-16j -2.90813158e+01-2.66453526e-15j -1.42862939e+00-1.33226763e-15j  5.43332985e+01+0.00000000e+00j -2.40605217e+01+0.00000000e+00j
          -8.47107882e+00-4.44089210e-16j  3.19870081e+00+8.88178420e-16j]
         [ 1.31851471e+00+0.00000000e+00j -6.80585517e-02+0.00000000e+00j  1.22187665e+01+0.00000000e+00j  8.65264435e-01+8.88178420e-16j -2.40605217e+01+0.00000000e+00j  6.89498511e+01+4.44089210e-16j
          -5.22132742e+00-6.66133815e-16j  5.23768074e+00+0.00000000e+00j]
         [ 1.27468333e+00-2.22044605e-16j  3.82005417e+00-4.44089210e-16j -7.31031795e+00+0.00000000e+00j  3.32858854e+00+0.00000000e+00j -8.47107882e+00-4.44089210e-16j -5.22132742e+00-6.66133815e-16j
           3.96973276e+01-1.77635684e-15j -6.48225808e+00-1.77635684e-15j]
         [-5.36436662e+00-2.22044605e-16j  2.89253590e+00+0.00000000e+00j  1.79312961e+01+0.00000000e+00j -1.47958444e+00+0.00000000e+00j  3.19870081e+00+8.88178420e-16j  5.23768074e+00+0.00000000e+00j
          -6.48225808e+00-1.77635684e-15j  5.18823596e+01-4.16333634e-16j]]
        labels=[('kl', 'vqnroAaD'), ('kl*', 'vqnroAaD*')],
        shape=(8, 8),
    )
    hessian_by_imag_M: Tensor(
        [[  0.        +0.00000000e+00j  28.6075146 -8.88178420e-16j  -8.11504371+6.66133815e-16j   0.8163293 +5.55111512e-16j   6.11868013-4.44089210e-16j  12.66280966+0.00000000e+00j
            1.07575823-5.55111512e-16j   1.55247158-4.44089210e-16j]
         [-28.6075146 +8.88178420e-16j   0.        +0.00000000e+00j   2.31276355+4.44089210e-16j  -3.32191729+0.00000000e+00j  -3.103568  +4.44089210e-16j  -4.0897949 +4.44089210e-16j
           -6.80241337+4.44089210e-16j   9.96206222+2.22044605e-16j]
         [  8.11504371-6.66133815e-16j  -2.31276355-4.44089210e-16j   0.        +0.00000000e+00j  21.46202928-5.32907052e-15j  -2.63488143+1.77635684e-15j -16.79868443+0.00000000e+00j
           -9.1267492 +0.00000000e+00j   6.86505651+1.77635684e-15j]
         [ -0.8163293 -5.55111512e-16j   3.32191729+0.00000000e+00j -21.46202928+5.32907052e-15j   0.        +0.00000000e+00j   6.66515788+3.33066907e-16j   7.69858308+8.88178420e-16j
           10.25347513+4.44089210e-16j  -6.88590222-1.33226763e-15j]
         [ -6.11868013+4.44089210e-16j   3.103568  -4.44089210e-16j   2.63488143-1.77635684e-15j  -6.66515788-3.33066907e-16j   0.        +0.00000000e+00j  29.73935334+0.00000000e+00j
           -3.5338212 -8.88178420e-16j  -4.07680234+1.11022302e-15j]
         [-12.66280966+0.00000000e+00j   4.0897949 -4.44089210e-16j  16.79868443+0.00000000e+00j  -7.69858308-8.88178420e-16j -29.73935334+0.00000000e+00j   0.        +0.00000000e+00j
            3.5960885 +8.88178420e-16j  -8.48845184+1.77635684e-15j]
         [ -1.07575823+5.55111512e-16j   6.80241337-4.44089210e-16j   9.1267492 +0.00000000e+00j -10.25347513-4.44089210e-16j   3.5338212 +8.88178420e-16j  -3.5960885 -8.88178420e-16j
            0.        +0.00000000e+00j  25.55632707-2.66453526e-15j]
         [ -1.55247158+4.44089210e-16j  -9.96206222-2.22044605e-16j  -6.86505651-1.77635684e-15j   6.88590222+1.33226763e-15j   4.07680234-1.11022302e-15j   8.48845184-1.77635684e-15j
          -25.55632707+2.66453526e-15j   0.        +0.00000000e+00j]]
        labels=[('kl', 'vqnroAaD'), ('kl*', 'vqnroAaD*')],
        shape=(8, 8),
    )
    eigvals of hessian_by_real_M: DiagonalTensor(
        [ 12.92976663  31.02421658  34.90937091  46.71354999  50.41159018  66.31445204  71.8240626  111.6966827 ]
        labels=['HAiYMUCG', 'HAiYMUCG'],
        shape=(8, 8),
    )
    eigvals of hessian_by_imag_M: DiagonalTensor(
        [-43.8575301  -32.19526246 -23.64132049 -20.29828887   9.6912374   33.39397957  34.72503017  42.18215479]
        labels=['VqsNxIHw', 'VqsNxIHw'],
        shape=(8, 8),
    )
WLBOR:
    iter_times, elapsed_time, sqdiff: 300, 1.8078601360321045, 2.5909580093079434
    MSN: Tensor(
        [[-1.01045163-0.24442962j -0.39304028-0.96790439j  0.4486644 +0.58804693j  0.36957511+0.7171129j ]
         [-0.81095323+0.22349604j  0.4739959 -0.05593773j -0.32050601-0.11808545j  0.34015247-0.40677582j]
         [ 0.51192523+0.04083971j -0.8743383 +0.67793477j  0.60800638-0.43824638j  0.33594551+0.17217445j]
         [-0.33358547+1.1247789j   0.20856481-0.44472859j -0.31962839+0.17128813j -0.12006753-0.72641737j]]
        labels=['kl', 'kr'],
        shape=(4, 4),
    )
    grad_by_real_M: Tensor(
        [ 3.25135779e-10+7.89299182e-16j -1.19647053e-08-4.26741975e-16j -3.47467151e-08+2.49800181e-16j -2.71205495e-08+4.44089210e-16j -5.95580138e-09+1.66533454e-16j -2.85696032e-08-6.66133815e-16j
          1.75812109e-09+1.08246745e-15j -1.12273951e-08-2.77555756e-17j]
        labels=[('kl', 'vqnroAaD')],
        shape=(8,),
    )
    grad_by_imag_M: Tensor(
        [ 4.16337716e-09+1.24900090e-15j  1.37182252e-08-4.99600361e-16j  1.42932289e-08+4.44089210e-16j  3.93453298e-09-1.80411242e-16j  1.10370700e-08-1.31838984e-15j -8.94778840e-09+9.15933995e-16j
         -2.24672392e-08-4.44089210e-16j -1.59551688e-08+9.43689571e-16j]
        labels=[('kl', 'vqnroAaD')],
        shape=(8,),
    )
    hessian_by_real_M: Tensor(
        [[ 48.02655317+0.00000000e+00j  -1.41122586+8.88178420e-16j  -0.9471032 +8.88178420e-16j  -2.99481766+4.44089210e-16j -10.08976387-1.77635684e-15j  -0.63011276+8.88178420e-16j
           -1.04165722-8.88178420e-16j  -3.93357835+6.66133815e-16j]
         [ -1.41122586+8.88178420e-16j  33.77141242+8.88178420e-16j  -3.75964459+2.22044605e-16j   4.24333208-4.44089210e-16j   5.18992478+0.00000000e+00j  -4.38569599-8.88178420e-16j
            1.97715386+4.44089210e-16j   0.48322713+0.00000000e+00j]
         [ -0.9471032 +8.88178420e-16j  -3.75964459+2.22044605e-16j  76.60385105+3.55271368e-15j  -5.96481595-8.88178420e-16j -34.0305018 -8.88178420e-16j  17.64186803+4.44089210e-16j
           -1.88435509-2.22044605e-16j  14.98852529+8.88178420e-16j]
         [ -2.99481766+4.44089210e-16j   4.24333208-4.44089210e-16j  -5.96481595-8.88178420e-16j  41.08986457+1.77635684e-15j  -1.37890135+4.44089210e-16j   4.44692634-8.88178420e-16j
            7.63637978-8.88178420e-16j  -1.01251643-1.33226763e-15j]
         [-10.08976387-1.77635684e-15j   5.18992478+0.00000000e+00j -34.0305018 -8.88178420e-16j  -1.37890135+4.44089210e-16j  59.55121266+0.00000000e+00j  -8.39868624+0.00000000e+00j
          -10.85624048+4.44089210e-16j   3.56992537+4.44089210e-16j]
         [ -0.63011276+8.88178420e-16j  -4.38569599-8.88178420e-16j  17.64186803+4.44089210e-16j   4.44692634-8.88178420e-16j  -8.39868624+0.00000000e+00j  48.18681497+0.00000000e+00j
           -0.83147744+1.11022302e-15j   5.78124194+0.00000000e+00j]
         [ -1.04165722-8.88178420e-16j   1.97715386+4.44089210e-16j  -1.88435509-2.22044605e-16j   7.63637978-8.88178420e-16j -10.85624048+4.44089210e-16j  -0.83147744+1.11022302e-15j
           50.49285127+1.77635684e-15j   5.51404165+0.00000000e+00j]
         [ -3.93357835+6.66133815e-16j   0.48322713+0.00000000e+00j  14.98852529+8.88178420e-16j  -1.01251643-1.33226763e-15j   3.56992537+4.44089210e-16j   5.78124194+0.00000000e+00j
            5.51404165+0.00000000e+00j  34.51835803-3.33066907e-16j]]
        labels=[('kl', 'vqnroAaD'), ('kl*', 'vqnroAaD*')],
        shape=(8, 8),
    )
    hessian_by_imag_M: Tensor(
        [[  0.        +0.00000000e+00j   8.55430881+0.00000000e+00j -10.1508833 +2.22044605e-16j  -1.49579478+0.00000000e+00j  11.03454118-8.88178420e-16j  15.03783376-4.99600361e-16j
           -1.88802651-1.33226763e-15j   3.31619277-6.66133815e-16j]
         [ -8.55430881+0.00000000e+00j   0.        +0.00000000e+00j   3.6791287 +0.00000000e+00j  -1.82134605+0.00000000e+00j  -8.46480231+8.88178420e-16j  -4.59760004-4.44089210e-16j
           -4.71690521-5.55111512e-16j   6.31528344+5.55111512e-17j]
         [ 10.1508833 -2.22044605e-16j  -3.6791287 +0.00000000e+00j   0.        +0.00000000e+00j  -7.61692481-2.66453526e-15j  -2.20750028+0.00000000e+00j  -5.30157571+1.77635684e-15j
           -3.59573183+0.00000000e+00j  10.29371688-1.77635684e-15j]
         [  1.49579478+0.00000000e+00j   1.82134605+0.00000000e+00j   7.61692481+2.66453526e-15j   0.        +0.00000000e+00j   3.10259941+4.44089210e-16j   9.82622525-4.44089210e-16j
            7.0473274 +4.44089210e-16j  -2.95376214-8.88178420e-16j]
         [-11.03454118+8.88178420e-16j   8.46480231-8.88178420e-16j   2.20750028+0.00000000e+00j  -3.10259941-4.44089210e-16j   0.        +0.00000000e+00j   1.47653193+1.77635684e-15j
           -4.5384712 +8.88178420e-16j  -5.17879699+2.22044605e-16j]
         [-15.03783376+4.99600361e-16j   4.59760004+4.44089210e-16j   5.30157571-1.77635684e-15j  -9.82622525+4.44089210e-16j  -1.47653193-1.77635684e-15j   0.        +0.00000000e+00j
            0.82266051-8.88178420e-16j  -5.40964006+4.44089210e-16j]
         [  1.88802651+1.33226763e-15j   4.71690521+5.55111512e-16j   3.59573183+0.00000000e+00j  -7.0473274 -4.44089210e-16j   4.5384712 -8.88178420e-16j  -0.82266051+8.88178420e-16j
            0.        +0.00000000e+00j   6.39676939+8.88178420e-16j]
         [ -3.31619277+6.66133815e-16j  -6.31528344-5.55111512e-17j -10.29371688+1.77635684e-15j   2.95376214+8.88178420e-16j   5.17879699-2.22044605e-16j   5.40964006-4.44089210e-16j
           -6.39676939-8.88178420e-16j   0.        +0.00000000e+00j]]
        labels=[('kl', 'vqnroAaD'), ('kl*', 'vqnroAaD*')],
        shape=(8, 8),
    )
    eigvals of hessian_by_real_M: DiagonalTensor(
        [ 17.15619111  27.54943594  35.51671486  38.3176244   44.60697965  56.88213855  60.01161578 112.20021784]
        labels=['ZzqJsVTP', 'ZzqJsVTP'],
        shape=(8, 8),
    )
    eigvals of hessian_by_imag_M: DiagonalTensor(
        [-30.72472876 -14.34733986 -10.513162    -0.90356555   4.52725906   7.06400895  16.29569741  28.60183075]
        labels=['AbdwQtYE', 'AbdwQtYE'],
        shape=(8, 8),
    )
WNAG:
    iter_times, elapsed_time, sqdiff: 300, 0.5802690982818604, 2.6018081004167763
    MSN: Tensor(
        [[-1.0135575 -0.23576223j -0.40184625-0.96403588j  0.45419235+0.58364023j  0.37688274+0.7139684j ]
         [-0.80977782+0.23067296j  0.47456914-0.06115781j -0.32228402-0.1145985j   0.33616218-0.40996001j]
         [ 0.51288354+0.03649265j -0.86835178+0.68713904j  0.60403974-0.44466452j  0.33780622+0.16852353j]
         [-0.32419807+1.12867832j  0.20439438-0.44843189j -0.31803215+0.17534479j -0.12699883-0.72518074j]]
        labels=['kl', 'kr'],
        shape=(4, 4),
    )
    grad_by_real_M: Tensor(
        [-0.33088748+2.60902411e-15j -0.30273696-9.99200722e-16j  0.10630415+2.33146835e-15j -0.78189088-1.38777878e-15j -0.27039575+6.66133815e-16j  1.09198541-1.22124533e-15j -0.60811284-9.99200722e-16j
          0.04189474+1.38777878e-15j]
        labels=[('kl', 'vqnroAaD')],
        shape=(8,),
    )
    grad_by_imag_M: Tensor(
        [-0.74213216+1.11022302e-16j  0.48719331-1.47104551e-15j -1.25781392-8.88178420e-16j  0.44011672-7.77156117e-16j  1.68278431-1.69309011e-15j -0.51335548+4.44089210e-16j -0.33913524+1.66533454e-15j
          0.49707782+5.55111512e-17j]
        labels=[('kl', 'vqnroAaD')],
        shape=(8,),
    )
    hessian_by_real_M: Tensor(
        [[ 1.57713435e+02+0.00000000e+00j -6.29057758e+01-7.10542736e-15j -4.42374760e+00+1.77635684e-15j  2.04800264e+01+0.00000000e+00j -4.53144476e+01+3.55271368e-15j -4.11521412e+00-3.55271368e-15j
          -9.91823892e+00+0.00000000e+00j  9.01758958e+00+0.00000000e+00j]
         [-6.29057758e+01-7.10542736e-15j  7.95389309e+01+5.32907052e-15j -1.68187251e+01+0.00000000e+00j -2.39360825e+00+8.88178420e-16j  3.96189924e+01+2.66453526e-15j -2.23062652e+01-1.77635684e-15j
          -1.33685410e+00-1.77635684e-15j -4.86465164e+00+1.33226763e-15j]
         [-4.42374760e+00+1.77635684e-15j -1.68187251e+01+0.00000000e+00j  2.66669668e+02+1.06581410e-14j -1.05934660e+02+0.00000000e+00j -9.17031000e+01-1.77635684e-15j  3.35259220e+01+0.00000000e+00j
           1.12722590e+01-2.66453526e-15j -8.57552978e+00-4.44089210e-16j]
         [ 2.04800264e+01+0.00000000e+00j -2.39360825e+00+8.88178420e-16j -1.05934660e+02+0.00000000e+00j  1.33626028e+02+0.00000000e+00j  4.01526784e+01+7.10542736e-15j -4.60640895e+01+2.22044605e-15j
          -2.58080467e-01-1.77635684e-15j  5.97972643e+00-1.11022302e-15j]
         [-4.53144476e+01+3.55271368e-15j  3.96189924e+01+2.66453526e-15j -9.17031000e+01-1.77635684e-15j  4.01526784e+01+7.10542736e-15j  1.97261249e+02+4.44089210e-15j -7.84577888e+01+0.00000000e+00j
          -2.78611630e+01-1.77635684e-15j  2.19366265e+01-2.66453526e-15j]
         [-4.11521412e+00-3.55271368e-15j -2.23062652e+01-1.77635684e-15j  3.35259220e+01+0.00000000e+00j -4.60640895e+01+2.22044605e-15j -7.84577888e+01+0.00000000e+00j  9.90033626e+01+5.32907052e-15j
           5.88981228e-01-1.77635684e-15j -1.40830071e+01+0.00000000e+00j]
         [-9.91823892e+00+0.00000000e+00j -1.33685410e+00-1.77635684e-15j  1.12722590e+01-2.66453526e-15j -2.58080467e-01-1.77635684e-15j -2.78611630e+01-1.77635684e-15j  5.88981228e-01-1.77635684e-15j
           1.80930709e+02+9.76996262e-15j -7.20232013e+01+0.00000000e+00j]
         [ 9.01758958e+00+0.00000000e+00j -4.86465164e+00+1.33226763e-15j -8.57552978e+00-4.44089210e-16j  5.97972643e+00-1.11022302e-15j  2.19366265e+01-2.66453526e-15j -1.40830071e+01+0.00000000e+00j
          -7.20232013e+01+0.00000000e+00j  9.12886446e+01-3.55271368e-15j]]
        labels=[('kl', 'vqnroAaD'), ('kl*', 'vqnroAaD*')],
        shape=(8, 8),
    )
    hessian_by_imag_M: Tensor(
        [[   0.        +0.00000000e+00j   92.65987275+3.55271368e-15j  -31.85002196-1.33226763e-15j   10.02357891+3.55271368e-15j   37.14094664+3.55271368e-15j  -41.27563531+0.00000000e+00j
            -8.91560086+0.00000000e+00j   -2.26900928+8.88178420e-16j]
         [ -92.65987275-3.55271368e-15j    0.        +0.00000000e+00j   15.41135006-1.77635684e-15j  -15.99836582+2.22044605e-16j   11.47867059+0.00000000e+00j   18.84908902-1.77635684e-15j
             9.30957924+1.33226763e-15j   -4.39424223-4.44089210e-16j]
         [  31.85002196+1.33226763e-15j  -15.41135006+1.77635684e-15j    0.        +0.00000000e+00j  156.23428785+7.10542736e-15j    5.81225385+0.00000000e+00j  -55.53925791+3.55271368e-15j
             6.79191796-5.32907052e-15j    4.39752502+0.00000000e+00j]
         [ -10.02357891-3.55271368e-15j   15.99836582-2.22044605e-16j -156.23428785-7.10542736e-15j    0.        +0.00000000e+00j   51.55497931-7.10542736e-15j    2.55438718+0.00000000e+00j
            -9.46043946+3.55271368e-15j    3.47974612+4.44089210e-16j]
         [ -37.14094664-3.55271368e-15j  -11.47867059+0.00000000e+00j   -5.81225385+0.00000000e+00j  -51.55497931+7.10542736e-15j    0.        +0.00000000e+00j  115.63488338+7.10542736e-15j
           -18.02091681-3.55271368e-15j   -9.11583445+0.00000000e+00j]
         [  41.27563531+0.00000000e+00j  -18.84908902+1.77635684e-15j   55.53925791-3.55271368e-15j   -2.55438718+0.00000000e+00j -115.63488338-7.10542736e-15j    0.        +0.00000000e+00j
            23.47762504+2.66453526e-15j   -9.18427161+8.88178420e-16j]
         [   8.91560086+0.00000000e+00j   -9.30957924-1.33226763e-15j   -6.79191796+5.32907052e-15j    9.46043946-3.55271368e-15j   18.02091681+3.55271368e-15j  -23.47762504-2.66453526e-15j
             0.        +0.00000000e+00j  106.43353673+0.00000000e+00j]
         [   2.26900928-8.88178420e-16j    4.39424223+4.44089210e-16j   -4.39752502+0.00000000e+00j   -3.47974612-4.44089210e-16j    9.11583445+0.00000000e+00j    9.18427161-8.88178420e-16j
          -106.43353673+0.00000000e+00j    0.        +0.00000000e+00j]]
        labels=[('kl', 'vqnroAaD'), ('kl*', 'vqnroAaD*')],
        shape=(8, 8),
    )
    eigvals of hessian_by_real_M: DiagonalTensor(
        [ 26.1955475   49.8231369   51.96405     79.28760576 133.22944734 222.99927979 229.0742337  413.45872587]
        labels=['ZzqJsVTP', 'ZzqJsVTP'],
        shape=(8, 8),
    )
    eigvals of hessian_by_imag_M: DiagonalTensor(
        [-167.63379724 -134.68961828 -107.25338154  -92.4956893    52.14257007  111.28120424  143.16127975  195.48743229]
        labels=['AbdwQtYE', 'AbdwQtYE'],
        shape=(8, 8),
    )
SNAG:
    iter_times, elapsed_time, sqdiff: 300, 0.5595791339874268, 2.5909580093079425
    MSN: Tensor(
        [[-1.01045162-0.24442962j -0.39304028-0.96790439j  0.44866439+0.58804692j  0.36957511+0.7171129j ]
         [-0.81095323+0.22349604j  0.4739959 -0.05593773j -0.32050601-0.11808545j  0.34015247-0.40677582j]
         [ 0.51192523+0.04083971j -0.8743383 +0.67793478j  0.60800638-0.43824639j  0.33594551+0.17217445j]
         [-0.33358547+1.1247789j   0.20856481-0.44472859j -0.31962838+0.17128813j -0.12006753-0.72641737j]]
        labels=['kl', 'kr'],
        shape=(4, 4),
    )
    grad_by_real_M: Tensor(
        [-3.75255382e-14-1.11022302e-16j  1.33226763e-15+3.60822483e-16j  2.48689958e-14-4.44089210e-16j -9.74220704e-15+8.32667268e-16j  3.05866443e-14-5.55111512e-16j -5.16808818e-14+1.38777878e-16j
          1.53627111e-14+5.82867088e-16j -2.26832442e-14-6.26235175e-16j]
        labels=[('kl', 'vqnroAaD')],
        shape=(8,),
    )
    grad_by_imag_M: Tensor(
        [-2.32036612e-14+8.88178420e-16j  3.22797344e-14-5.55111512e-16j  4.44089210e-14+5.55111512e-16j -6.67799149e-14-4.44089210e-16j -7.66053887e-14+1.66533454e-16j  2.69506639e-14+5.55111512e-17j
         -1.58484337e-14-1.26634814e-15j  2.45116427e-15+2.28983499e-16j]
        labels=[('kl', 'vqnroAaD')],
        shape=(8,),
    )
    hessian_by_real_M: Tensor(
        [[ 81.66754016-1.77635684e-15j -39.64739936+7.10542736e-15j  -1.8659459 +1.77635684e-15j   4.83540507-2.22044605e-16j   6.18968952+1.77635684e-15j -12.27792676-8.88178420e-16j
            5.84312   +4.44089210e-16j  -7.86874334-4.44089210e-16j]
         [-39.64739936+7.10542736e-15j  46.33530948-3.55271368e-15j  -5.65771111-8.88178420e-16j  -0.53291047+0.00000000e+00j   2.02739092+4.44089210e-16j   4.68945929+2.22044605e-16j
            0.35912004+0.00000000e+00j   3.14307563-4.44089210e-16j]
         [ -1.8659459 +1.77635684e-15j  -5.65771111-8.88178420e-16j  87.8272467 -1.77635684e-15j -37.17755954+3.55271368e-15j -35.96945791+0.00000000e+00j  16.57697012-8.88178420e-16j
           -0.6674406 +0.00000000e+00j   3.52375043-8.88178420e-16j]
         [  4.83540507-2.22044605e-16j  -0.53291047+0.00000000e+00j -37.17755954+3.55271368e-15j  44.55690338-1.77635684e-15j   4.73878999+1.77635684e-15j  -6.95808374-1.33226763e-15j
           -1.23360106+8.88178420e-16j   4.33637901+4.44089210e-16j]
         [  6.18968952+1.77635684e-15j   2.02739092+4.44089210e-16j -35.96945791+0.00000000e+00j   4.73878999+1.77635684e-15j  91.48526221+0.00000000e+00j -45.61459824+0.00000000e+00j
          -11.04944063-1.77635684e-15j   9.38880308+3.33066907e-16j]
         [-12.27792676-8.88178420e-16j   4.68945929+2.22044605e-16j  16.57697012-8.88178420e-16j  -6.95808374-1.33226763e-15j -45.61459824+0.00000000e+00j  51.92693933+1.77635684e-15j
           -5.0961432 -8.88178420e-16j  -0.78398462+8.88178420e-16j]
