b=4, chi=2, seed=670, 
NOR:
    iter_times, elapsed_time, sqdiff: 300, 0.44495296478271484, 0.998236289008183
    MSN: Tensor(
        [[ 0.30306017+0.3285269j  -0.05143497-0.10393381j -0.84530504-0.57943263j  0.4692479 -0.48665076j]
         [ 0.14386142-0.34723402j -0.7617503 -0.06118769j -0.90812773-0.85882771j  0.38871616-0.81966695j]
         [-0.53036234-0.58250305j -0.5030345 +0.34433847j  0.2443365 +0.0035889j  -0.35928164+0.01201134j]
         [-0.70872743+1.13764297j  1.03564088+1.01199427j -0.49023208+0.63582057j -0.46706367+0.4677284j ]]
        labels=['kl', 'kr'],
        shape=(4, 4),
    )
    grad_by_reM_reM: Tensor(
        [ 8.49320614e-15+6.66133815e-16j  2.10942375e-15+1.77635684e-15j -3.38618023e-15+1.24900090e-15j -1.36002321e-15+1.38777878e-15j -1.94289029e-15-2.83106871e-15j  1.14352972e-14+9.71445147e-16j
          4.40619763e-15+3.81639165e-16j  1.24900090e-15+6.10622664e-16j]
        labels=[('kl', 'hbWYhiop')],
        shape=(8,),
    )
    grad_by_imM_imM: Tensor(
        [-1.01030295e-14-3.88578059e-16j -8.82627305e-15-2.77555756e-16j -3.13638004e-15-6.10622664e-16j  8.49320614e-15+4.71844785e-16j -7.27196081e-15+7.21644966e-16j  3.02535774e-15-3.33066907e-16j
         -7.25114413e-15-9.71445147e-17j -5.05151476e-15-1.11022302e-16j]
        labels=[('kl', 'hbWYhiop')],
        shape=(8,),
    )
    hessian_by_reM_reM: Tensor(
        [[ 76.69487023-1.77635684e-15j   8.37037107+8.88178420e-16j  -3.86632341+0.00000000e+00j   3.6741676 +8.88178420e-16j  18.08022112-8.88178420e-16j   7.16975703+0.00000000e+00j
            8.06124196+0.00000000e+00j   2.45929433+0.00000000e+00j]
         [  8.37037107+8.88178420e-16j  36.18693576-4.44089210e-16j   4.41930021+4.44089210e-16j -10.15074071+4.44089210e-16j   6.15376649+0.00000000e+00j  -5.2204331 +0.00000000e+00j
          -11.84806148+4.44089210e-16j   2.6505506 -4.44089210e-16j]
         [ -3.86632341+0.00000000e+00j   4.41930021+4.44089210e-16j  43.96487662-1.33226763e-15j  -4.20320471+1.33226763e-15j  -9.93011439-1.33226763e-15j -16.21435976+0.00000000e+00j
           -9.31175519-3.33066907e-16j  -0.91205824+2.22044605e-16j]
         [  3.6741676 +8.88178420e-16j -10.15074071+4.44089210e-16j  -4.20320471+1.33226763e-15j  36.08096383+0.00000000e+00j   6.03326422-2.22044605e-16j   8.44079735+0.00000000e+00j
           -3.94088632-2.22044605e-16j  -2.2029252 +1.11022302e-16j]
         [ 18.08022112-8.88178420e-16j   6.15376649+0.00000000e+00j  -9.93011439-1.33226763e-15j   6.03326422-2.22044605e-16j  58.5654003 +1.55431223e-15j  15.76677012+0.00000000e+00j
           -4.69856723-4.44089210e-16j  15.63159232-4.44089210e-16j]
         [  7.16975703+0.00000000e+00j  -5.2204331 +0.00000000e+00j -16.21435976+0.00000000e+00j   8.44079735+0.00000000e+00j  15.76677012+0.00000000e+00j  30.39982874-1.38777878e-17j
            6.52839851+4.44089210e-16j   2.84254027+4.44089210e-16j]
         [  8.06124196+0.00000000e+00j -11.84806148+4.44089210e-16j  -9.31175519-3.33066907e-16j  -3.94088632-2.22044605e-16j  -4.69856723-4.44089210e-16j   6.52839851+4.44089210e-16j
           38.21855712+1.77635684e-15j  -8.89117915+8.88178420e-16j]
         [  2.45929433+0.00000000e+00j   2.6505506 -4.44089210e-16j  -0.91205824+2.22044605e-16j  -2.2029252 +1.11022302e-16j  15.63159232-4.44089210e-16j   2.84254027+4.44089210e-16j
           -8.89117915+8.88178420e-16j  20.74029094-4.44089210e-16j]]
        labels=[('kl', 'hbWYhiop'), ('kl*', 'hbWYhiop*')],
        shape=(8, 8),
    )
    hessian_by_imM_imM: Tensor(
        [[ 76.69487023-1.77635684e-15j   8.37037107+8.88178420e-16j  -3.86632341+0.00000000e+00j   3.6741676 +8.88178420e-16j  18.08022112-8.88178420e-16j   7.16975703+0.00000000e+00j
            8.06124196+0.00000000e+00j   2.45929433+0.00000000e+00j]
         [  8.37037107+8.88178420e-16j  36.18693576-4.44089210e-16j   4.41930021+4.44089210e-16j -10.15074071+4.44089210e-16j   6.15376649+0.00000000e+00j  -5.2204331 +0.00000000e+00j
          -11.84806148+4.44089210e-16j   2.6505506 -4.44089210e-16j]
         [ -3.86632341+0.00000000e+00j   4.41930021+4.44089210e-16j  43.96487662-1.33226763e-15j  -4.20320471+1.33226763e-15j  -9.93011439-1.33226763e-15j -16.21435976+0.00000000e+00j
           -9.31175519-3.33066907e-16j  -0.91205824+2.22044605e-16j]
         [  3.6741676 +8.88178420e-16j -10.15074071+4.44089210e-16j  -4.20320471+1.33226763e-15j  36.08096383+0.00000000e+00j   6.03326422-2.22044605e-16j   8.44079735+0.00000000e+00j
           -3.94088632-2.22044605e-16j  -2.2029252 +1.11022302e-16j]
         [ 18.08022112-8.88178420e-16j   6.15376649+0.00000000e+00j  -9.93011439-1.33226763e-15j   6.03326422-2.22044605e-16j  58.5654003 +1.55431223e-15j  15.76677012+0.00000000e+00j
           -4.69856723-4.44089210e-16j  15.63159232-4.44089210e-16j]
         [  7.16975703+0.00000000e+00j  -5.2204331 +0.00000000e+00j -16.21435976+0.00000000e+00j   8.44079735+0.00000000e+00j  15.76677012+0.00000000e+00j  30.39982874-1.38777878e-17j
            6.52839851+4.44089210e-16j   2.84254027+4.44089210e-16j]
         [  8.06124196+0.00000000e+00j -11.84806148+4.44089210e-16j  -9.31175519-3.33066907e-16j  -3.94088632-2.22044605e-16j  -4.69856723-4.44089210e-16j   6.52839851+4.44089210e-16j
           38.21855712+1.77635684e-15j  -8.89117915+8.88178420e-16j]
         [  2.45929433+0.00000000e+00j   2.6505506 -4.44089210e-16j  -0.91205824+2.22044605e-16j  -2.2029252 +1.11022302e-16j  15.63159232-4.44089210e-16j   2.84254027+4.44089210e-16j
           -8.89117915+8.88178420e-16j  20.74029094-4.44089210e-16j]]
        labels=[('kl', 'hbWYhiop'), ('kl*', 'hbWYhiop*')],
        shape=(8, 8),
    )
    eigvals of hessian_by_reM_reM: DiagonalTensor(
        [10.38838534 16.18776724 19.82761058 29.98826205 40.29386557 59.99122467 65.43593443 98.73867367]
        labels=['vcuOTAKY', 'vcuOTAKY'],
        shape=(8, 8),
    )
    eigvals of hessian_by_imM_imM: DiagonalTensor(
        [10.38838534 16.18776724 19.82761058 29.98826205 40.29386557 59.99122467 65.43593443 98.73867367]
        labels=['EHbPVJNe', 'EHbPVJNe'],
        shape=(8, 8),
    )
WCOR:
    iter_times, elapsed_time, sqdiff: 300, 0.5534079074859619, 0.9982362890081824
    MSN: Tensor(
        [[ 0.30306017+0.3285269j  -0.05143497-0.10393381j -0.84530504-0.57943263j  0.4692479 -0.48665076j]
         [ 0.14386142-0.34723402j -0.7617503 -0.06118769j -0.90812773-0.85882771j  0.38871616-0.81966695j]
         [-0.53036234-0.58250305j -0.5030345 +0.34433847j  0.2443365 +0.0035889j  -0.35928164+0.01201134j]
         [-0.70872743+1.13764297j  1.03564088+1.01199427j -0.49023208+0.63582057j -0.46706367+0.4677284j ]]
        labels=['kl', 'kr'],
        shape=(4, 4),
    )
    grad_by_reM_reM: Tensor(
        [-1.64868119e-14+2.77555756e-17j  9.99200722e-15-2.33146835e-15j  2.83106871e-15-1.38777878e-17j -6.88338275e-15+1.66533454e-16j -7.21644966e-16-5.55111512e-17j -8.99280650e-15+1.11022302e-15j
         -2.08600498e-15+9.23740251e-17j -1.74860126e-15+1.66533454e-16j]
        labels=[('kl', 'hbWYhiop')],
        shape=(8,),
    )
    grad_by_imM_imM: Tensor(
        [ 2.36755060e-14-1.83186799e-15j  1.22124533e-15-7.77156117e-16j  3.37230244e-15+9.43689571e-16j -1.13797860e-14+3.88578059e-16j  1.17128529e-14+5.55111512e-17j  3.88578059e-15-3.33066907e-16j
          7.36173275e-15+1.29497107e-15j  1.42663659e-14-3.33066907e-16j]
        labels=[('kl', 'hbWYhiop')],
        shape=(8,),
    )
    hessian_by_reM_reM: Tensor(
        [[ 70.41932341-8.88178420e-16j   7.90783451+1.77635684e-15j  -3.29273876+1.77635684e-15j   4.00661202+1.77635684e-15j  16.65194162+0.00000000e+00j   5.48869961+0.00000000e+00j
            6.83870426+0.00000000e+00j   1.7839007 -8.88178420e-16j]
         [  7.90783451+1.77635684e-15j  40.0501584 -8.88178420e-16j   2.8680873 +0.00000000e+00j -11.27417301+1.11022302e-16j   5.53310443+8.88178420e-16j  -5.59279281+6.66133815e-16j
          -11.41685538-4.44089210e-16j   3.23690876+4.44089210e-16j]
         [ -3.29273876+1.77635684e-15j   2.8680873 +0.00000000e+00j  39.10507109+4.44089210e-16j  -3.32040253+8.88178420e-16j  -9.99713309-4.44089210e-16j -15.00472891+0.00000000e+00j
           -8.85586129+1.11022302e-16j  -0.80154157+4.44089210e-16j]
         [  4.00661202+1.77635684e-15j -11.27417301+1.11022302e-16j  -3.32040253+8.88178420e-16j  40.77658148-8.88178420e-16j   6.88304578+0.00000000e+00j  10.03997542+8.88178420e-16j
           -3.6167068 +0.00000000e+00j  -2.19483867+2.22044605e-16j]
         [ 16.65194162+0.00000000e+00j   5.53310443+8.88178420e-16j  -9.99713309-4.44089210e-16j   6.88304578+0.00000000e+00j  54.91293353+9.99200722e-16j  15.60375619-8.88178420e-16j
           -2.39152097-4.44089210e-16j  15.62158858+0.00000000e+00j]
         [  5.48869961+0.00000000e+00j  -5.59279281+6.66133815e-16j -15.00472891+0.00000000e+00j  10.03997542+8.88178420e-16j  15.60375619-8.88178420e-16j  32.93686124+8.18789481e-16j
            7.33612648-4.44089210e-16j   1.74303347-4.44089210e-16j]
         [  6.83870426+0.00000000e+00j -11.41685538-4.44089210e-16j  -8.85586129+1.11022302e-16j  -3.6167068 +0.00000000e+00j  -2.39152097-4.44089210e-16j   7.33612648-4.44089210e-16j
           33.04228006+0.00000000e+00j  -8.91212636+0.00000000e+00j]
         [  1.7839007 -8.88178420e-16j   3.23690876+4.44089210e-16j  -0.80154157+4.44089210e-16j  -2.19483867+2.22044605e-16j  15.62158858+0.00000000e+00j   1.74303347-4.44089210e-16j
           -8.91212636+0.00000000e+00j  24.41097875+4.44089210e-16j]]
        labels=[('kl', 'hbWYhiop'), ('kl*', 'hbWYhiop*')],
        shape=(8, 8),
    )
    hessian_by_imM_imM: Tensor(
        [[ 70.41932341-8.88178420e-16j   7.90783451+1.77635684e-15j  -3.29273876+1.77635684e-15j   4.00661202+1.77635684e-15j  16.65194162+0.00000000e+00j   5.48869961+0.00000000e+00j
            6.83870426+0.00000000e+00j   1.7839007 -8.88178420e-16j]
         [  7.90783451+1.77635684e-15j  40.0501584 -8.88178420e-16j   2.8680873 +0.00000000e+00j -11.27417301+1.11022302e-16j   5.53310443+8.88178420e-16j  -5.59279281+6.66133815e-16j
          -11.41685538-4.44089210e-16j   3.23690876+4.44089210e-16j]
         [ -3.29273876+1.77635684e-15j   2.8680873 +0.00000000e+00j  39.10507109+4.44089210e-16j  -3.32040253+8.88178420e-16j  -9.99713309-4.44089210e-16j -15.00472891+0.00000000e+00j
           -8.85586129+1.11022302e-16j  -0.80154157+4.44089210e-16j]
         [  4.00661202+1.77635684e-15j -11.27417301+1.11022302e-16j  -3.32040253+8.88178420e-16j  40.77658148-8.88178420e-16j   6.88304578+0.00000000e+00j  10.03997542+8.88178420e-16j
           -3.6167068 +0.00000000e+00j  -2.19483867+2.22044605e-16j]
         [ 16.65194162+0.00000000e+00j   5.53310443+8.88178420e-16j  -9.99713309-4.44089210e-16j   6.88304578+0.00000000e+00j  54.91293353+9.99200722e-16j  15.60375619-8.88178420e-16j
           -2.39152097-4.44089210e-16j  15.62158858+0.00000000e+00j]
         [  5.48869961+0.00000000e+00j  -5.59279281+6.66133815e-16j -15.00472891+0.00000000e+00j  10.03997542+8.88178420e-16j  15.60375619-8.88178420e-16j  32.93686124+8.18789481e-16j
            7.33612648-4.44089210e-16j   1.74303347-4.44089210e-16j]
         [  6.83870426+0.00000000e+00j -11.41685538-4.44089210e-16j  -8.85586129+1.11022302e-16j  -3.6167068 +0.00000000e+00j  -2.39152097-4.44089210e-16j   7.33612648-4.44089210e-16j
           33.04228006+0.00000000e+00j  -8.91212636+0.00000000e+00j]
         [  1.7839007 -8.88178420e-16j   3.23690876+4.44089210e-16j  -0.80154157+4.44089210e-16j  -2.19483867+2.22044605e-16j  15.62158858+0.00000000e+00j   1.74303347-4.44089210e-16j
           -8.91212636+0.00000000e+00j  24.41097875+4.44089210e-16j]]
        labels=[('kl', 'hbWYhiop'), ('kl*', 'hbWYhiop*')],
        shape=(8, 8),
    )
    eigvals of hessian_by_reM_reM: DiagonalTensor(
        [11.44651341 16.85998412 21.09082697 29.5912873  43.05083112 55.72774068 65.24772943 92.63927494]
        labels=['vcuOTAKY', 'vcuOTAKY'],
        shape=(8, 8),
    )
    eigvals of hessian_by_imM_imM: DiagonalTensor(
        [11.44651341 16.85998412 21.09082697 29.5912873  43.05083112 55.72774068 65.24772943 92.63927494]
        labels=['EHbPVJNe', 'EHbPVJNe'],
        shape=(8, 8),
    )
WROR:
    iter_times, elapsed_time, sqdiff: 300, 0.5895359516143799, 0.9982362890081827
    MSN: Tensor(
        [[ 0.30306017+0.3285269j  -0.05143497-0.10393381j -0.84530504-0.57943263j  0.4692479 -0.48665076j]
         [ 0.14386142-0.34723402j -0.7617503 -0.06118769j -0.90812773-0.85882771j  0.38871616-0.81966695j]
         [-0.53036234-0.58250305j -0.5030345 +0.34433847j  0.2443365 +0.0035889j  -0.35928164+0.01201134j]
         [-0.70872743+1.13764297j  1.03564088+1.01199427j -0.49023208+0.63582057j -0.46706367+0.4677284j ]]
        labels=['kl', 'kr'],
        shape=(4, 4),
    )
    grad_by_reM_reM: Tensor(
        [-3.75810494e-14-1.94289029e-16j -4.39925874e-15-1.22124533e-15j  1.08246745e-14+7.77156117e-16j -1.83186799e-15-7.21644966e-16j  5.82589532e-14-9.43689571e-16j  2.62012634e-14-1.11022302e-15j
          1.90125693e-15-6.24500451e-16j  1.79994908e-14+1.11022302e-16j]
        labels=[('kl', 'hbWYhiop')],
        shape=(8,),
    )
    grad_by_imM_imM: Tensor(
        [-1.44051437e-14+3.88578059e-16j -2.76445533e-14+4.30211422e-16j -2.14273044e-14+2.77555756e-16j -1.91513472e-14+2.77555756e-16j  1.13242749e-14+9.15933995e-16j  2.48689958e-14-2.22044605e-16j
         -3.64985819e-15+4.85722573e-17j  1.67643677e-14-2.77555756e-17j]
        labels=[('kl', 'hbWYhiop')],
        shape=(8,),
    )
    hessian_by_reM_reM: Tensor(
        [[ 65.09613719-1.33226763e-15j  17.77754661+0.00000000e+00j  -2.66631601+0.00000000e+00j   1.63957537+0.00000000e+00j  15.01127347+0.00000000e+00j   1.19938841+1.77635684e-15j
            4.55271098-8.88178420e-16j   2.54510823+0.00000000e+00j]
         [ 17.77754661+0.00000000e+00j  52.82239266-5.55111512e-16j  -1.03558957+0.00000000e+00j -11.99961414+4.44089210e-16j   5.6972095 +0.00000000e+00j  -2.95004401+6.66133815e-16j
          -10.10922818-4.44089210e-16j   3.01390148+0.00000000e+00j]
         [ -2.66631601+0.00000000e+00j  -1.03558957+0.00000000e+00j  33.88228514-4.44089210e-16j   6.04336282+0.00000000e+00j -10.38874057-4.44089210e-16j -14.85414177+8.88178420e-16j
           -8.76090305+0.00000000e+00j  -2.45458836+0.00000000e+00j]
         [  1.63957537+0.00000000e+00j -11.99961414+4.44089210e-16j   6.04336282+0.00000000e+00j  50.83513783+8.88178420e-16j   9.562826  +4.44089210e-16j  12.26558008-1.77635684e-15j
           -3.66842108+2.22044605e-16j  -2.94326773-2.22044605e-16j]
         [ 15.01127347+0.00000000e+00j   5.6972095 +0.00000000e+00j -10.38874057-4.44089210e-16j   9.562826  +4.44089210e-16j  54.16081792-4.44089210e-16j  23.67601542+1.77635684e-15j
            3.07847724+0.00000000e+00j  15.91096681+0.00000000e+00j]
         [  1.19938841+1.77635684e-15j  -2.95004401+6.66133815e-16j -14.85414177+8.88178420e-16j  12.26558008-1.77635684e-15j  23.67601542+1.77635684e-15j  44.75924018-2.22044605e-16j
            9.70376021-2.22044605e-16j   1.89141583-8.88178420e-16j]
         [  4.55271098-8.88178420e-16j -10.10922818-4.44089210e-16j  -8.76090305+0.00000000e+00j  -3.66842108+2.22044605e-16j   3.07847724+0.00000000e+00j   9.70376021-2.22044605e-16j
           25.41938317+0.00000000e+00j  -3.8714898 -8.88178420e-16j]
         [  2.54510823+0.00000000e+00j   3.01390148+0.00000000e+00j  -2.45458836+0.00000000e+00j  -2.94326773-2.22044605e-16j  15.91096681+0.00000000e+00j   1.89141583-8.88178420e-16j
           -3.8714898 -8.88178420e-16j  31.17190338-6.86950496e-16j]]
        labels=[('kl', 'hbWYhiop'), ('kl*', 'hbWYhiop*')],
        shape=(8, 8),
    )
    hessian_by_imM_imM: Tensor(
        [[ 65.09613719-1.33226763e-15j  17.77754661+0.00000000e+00j  -2.66631601+0.00000000e+00j   1.63957537+0.00000000e+00j  15.01127347+0.00000000e+00j   1.19938841+1.77635684e-15j
            4.55271098-8.88178420e-16j   2.54510823+0.00000000e+00j]
         [ 17.77754661+0.00000000e+00j  52.82239266-5.55111512e-16j  -1.03558957+0.00000000e+00j -11.99961414+4.44089210e-16j   5.6972095 +0.00000000e+00j  -2.95004401+6.66133815e-16j
          -10.10922818-4.44089210e-16j   3.01390148+0.00000000e+00j]
         [ -2.66631601+0.00000000e+00j  -1.03558957+0.00000000e+00j  33.88228514-4.44089210e-16j   6.04336282+0.00000000e+00j -10.38874057-4.44089210e-16j -14.85414177+8.88178420e-16j
           -8.76090305+0.00000000e+00j  -2.45458836+0.00000000e+00j]
         [  1.63957537+0.00000000e+00j -11.99961414+4.44089210e-16j   6.04336282+0.00000000e+00j  50.83513783+8.88178420e-16j   9.562826  +4.44089210e-16j  12.26558008-1.77635684e-15j
           -3.66842108+2.22044605e-16j  -2.94326773-2.22044605e-16j]
         [ 15.01127347+0.00000000e+00j   5.6972095 +0.00000000e+00j -10.38874057-4.44089210e-16j   9.562826  +4.44089210e-16j  54.16081792-4.44089210e-16j  23.67601542+1.77635684e-15j
            3.07847724+0.00000000e+00j  15.91096681+0.00000000e+00j]
         [  1.19938841+1.77635684e-15j  -2.95004401+6.66133815e-16j -14.85414177+8.88178420e-16j  12.26558008-1.77635684e-15j  23.67601542+1.77635684e-15j  44.75924018-2.22044605e-16j
            9.70376021-2.22044605e-16j   1.89141583-8.88178420e-16j]
         [  4.55271098-8.88178420e-16j -10.10922818-4.44089210e-16j  -8.76090305+0.00000000e+00j  -3.66842108+2.22044605e-16j   3.07847724+0.00000000e+00j   9.70376021-2.22044605e-16j
           25.41938317+0.00000000e+00j  -3.8714898 -8.88178420e-16j]
         [  2.54510823+0.00000000e+00j   3.01390148+0.00000000e+00j  -2.45458836+0.00000000e+00j  -2.94326773-2.22044605e-16j  15.91096681+0.00000000e+00j   1.89141583-8.88178420e-16j
           -3.8714898 -8.88178420e-16j  31.17190338-6.86950496e-16j]]
        labels=[('kl', 'hbWYhiop'), ('kl*', 'hbWYhiop*')],
        shape=(8, 8),
    )
    eigvals of hessian_by_reM_reM: DiagonalTensor(
        [13.03438951 16.19748713 20.3401884  35.045865   45.37581736 54.08227946 78.19390366 95.87736694]
        labels=['CDGIsgmQ', 'CDGIsgmQ'],
        shape=(8, 8),
    )
    eigvals of hessian_by_imM_imM: DiagonalTensor(
        [13.03438951 16.19748713 20.3401884  35.045865   45.37581736 54.08227946 78.19390366 95.87736694]
        labels=['wXuIRlwf', 'wXuIRlwf'],
        shape=(8, 8),
    )
IWROR:
    iter_times, elapsed_time, sqdiff: 300, 0.5691640377044678, 0.998236289008181
    MSN: Tensor(
        [[ 0.30306017+0.3285269j  -0.05143497-0.10393381j -0.84530504-0.57943263j  0.4692479 -0.48665076j]
         [ 0.14386142-0.34723402j -0.7617503 -0.06118769j -0.90812773-0.85882771j  0.38871616-0.81966695j]
         [-0.53036234-0.58250305j -0.5030345 +0.34433847j  0.2443365 +0.0035889j  -0.35928164+0.01201134j]
         [-0.70872743+1.13764297j  1.03564088+1.01199427j -0.49023208+0.63582057j -0.46706367+0.4677284j ]]
        labels=['kl', 'kr'],
        shape=(4, 4),
    )
    grad_by_reM_reM: Tensor(
        [ 1.36557432e-14-2.63677968e-16j -1.54876112e-14+1.38777878e-15j  1.68198788e-14-9.36750677e-16j  3.74145159e-14+1.58206781e-15j  3.00037772e-14+2.49800181e-16j  1.45439216e-14+7.77156117e-16j
          6.18255447e-15+9.15933995e-16j -1.64451786e-14-1.11022302e-16j]
        labels=[('kl', 'hbWYhiop')],
        shape=(8,),
    )
    grad_by_imM_imM: Tensor(
        [-5.63576963e-14+1.22124533e-15j -6.08957329e-14+9.99200722e-16j -2.74433254e-14-1.05471187e-15j -1.03528297e-14+0.00000000e+00j -2.72837308e-14-1.19348975e-15j  1.15463195e-14+1.11022302e-16j
          1.74305015e-14+9.92261828e-16j  1.77635684e-15+5.68989300e-16j]
        labels=[('kl', 'hbWYhiop')],
        shape=(8,),
    )
    hessian_by_reM_reM: Tensor(
        [[ 61.7333945 +1.33226763e-15j  19.81633622+1.77635684e-15j  -3.27807229+1.77635684e-15j  -0.77347305+0.00000000e+00j  12.97736038+0.00000000e+00j   0.19727239+0.00000000e+00j
            4.65646573+0.00000000e+00j   3.41423974-8.88178420e-16j]
         [ 19.81633622+1.77635684e-15j  59.85016705+2.18575158e-16j  -0.15058429+4.44089210e-16j -13.97025804-6.66133815e-16j   5.21129085+1.77635684e-15j  -4.13591304+6.66133815e-16j
          -10.52238809-8.88178420e-16j   3.27899045+0.00000000e+00j]
         [ -3.27807229+1.77635684e-15j  -0.15058429+4.44089210e-16j  32.22729656+0.00000000e+00j   7.32134642+8.88178420e-16j -10.32845466-4.44089210e-16j -15.17326281+8.88178420e-16j
           -8.49920405+4.44089210e-16j  -3.16119329+3.33066907e-16j]
         [ -0.77347305+0.00000000e+00j -13.97025804-6.66133815e-16j   7.32134642+8.88178420e-16j  57.40340275+1.77635684e-15j   8.92378908+4.44089210e-16j  13.58922228+0.00000000e+00j
           -3.77864517-8.88178420e-16j  -3.50353421+0.00000000e+00j]
         [ 12.97736038+0.00000000e+00j   5.21129085+1.77635684e-15j -10.32845466-4.44089210e-16j   8.92378908+4.44089210e-16j  51.16505906-4.16333634e-16j  25.54371483+1.77635684e-15j
            3.65828281-4.44089210e-16j  16.96053913+4.44089210e-16j]
         [  0.19727239+0.00000000e+00j  -4.13591304+6.66133815e-16j -15.17326281+8.88178420e-16j  13.58922228+0.00000000e+00j  25.54371483+1.77635684e-15j  51.20078423+5.55111512e-16j
           10.90828018+3.33066907e-16j   3.41632483-8.88178420e-16j]
         [  4.65646573+0.00000000e+00j -10.52238809-8.88178420e-16j  -8.49920405+4.44089210e-16j  -3.77864517-8.88178420e-16j   3.65828281-4.44089210e-16j  10.90828018+3.33066907e-16j
           23.59703776+0.00000000e+00j  -3.76802625-1.33226763e-15j]
         [  3.41423974-8.88178420e-16j   3.27899045+0.00000000e+00j  -3.16119329+3.33066907e-16j  -3.50353421+0.00000000e+00j  16.96053913+4.44089210e-16j   3.41632483-8.88178420e-16j
           -3.76802625-1.33226763e-15j  34.25124941+2.22044605e-16j]]
        labels=[('kl', 'hbWYhiop'), ('kl*', 'hbWYhiop*')],
        shape=(8, 8),
    )
    hessian_by_imM_imM: Tensor(
        [[ 61.7333945 +1.33226763e-15j  19.81633622+1.77635684e-15j  -3.27807229+1.77635684e-15j  -0.77347305+0.00000000e+00j  12.97736038+0.00000000e+00j   0.19727239+0.00000000e+00j
            4.65646573+0.00000000e+00j   3.41423974-8.88178420e-16j]
         [ 19.81633622+1.77635684e-15j  59.85016705+2.18575158e-16j  -0.15058429+4.44089210e-16j -13.97025804-6.66133815e-16j   5.21129085+1.77635684e-15j  -4.13591304+6.66133815e-16j
          -10.52238809-8.88178420e-16j   3.27899045+0.00000000e+00j]
         [ -3.27807229+1.77635684e-15j  -0.15058429+4.44089210e-16j  32.22729656+0.00000000e+00j   7.32134642+8.88178420e-16j -10.32845466-4.44089210e-16j -15.17326281+8.88178420e-16j
           -8.49920405+4.44089210e-16j  -3.16119329+3.33066907e-16j]
         [ -0.77347305+0.00000000e+00j -13.97025804-6.66133815e-16j   7.32134642+8.88178420e-16j  57.40340275+1.77635684e-15j   8.92378908+4.44089210e-16j  13.58922228+0.00000000e+00j
           -3.77864517-8.88178420e-16j  -3.50353421+0.00000000e+00j]
         [ 12.97736038+0.00000000e+00j   5.21129085+1.77635684e-15j -10.32845466-4.44089210e-16j   8.92378908+4.44089210e-16j  51.16505906-4.16333634e-16j  25.54371483+1.77635684e-15j
            3.65828281-4.44089210e-16j  16.96053913+4.44089210e-16j]
         [  0.19727239+0.00000000e+00j  -4.13591304+6.66133815e-16j -15.17326281+8.88178420e-16j  13.58922228+0.00000000e+00j  25.54371483+1.77635684e-15j  51.20078423+5.55111512e-16j
           10.90828018+3.33066907e-16j   3.41632483-8.88178420e-16j]
         [  4.65646573+0.00000000e+00j -10.52238809-8.88178420e-16j  -8.49920405+4.44089210e-16j  -3.77864517-8.88178420e-16j   3.65828281-4.44089210e-16j  10.90828018+3.33066907e-16j
           23.59703776+0.00000000e+00j  -3.76802625-1.33226763e-15j]
         [  3.41423974-8.88178420e-16j   3.27899045+0.00000000e+00j  -3.16119329+3.33066907e-16j  -3.50353421+0.00000000e+00j  16.96053913+4.44089210e-16j   3.41632483-8.88178420e-16j
           -3.76802625-1.33226763e-15j  34.25124941+2.22044605e-16j]]
        labels=[('kl', 'hbWYhiop'), ('kl*', 'hbWYhiop*')],
        shape=(8, 8),
    )
    eigvals of hessian_by_reM_reM: DiagonalTensor(
        [12.15432112 16.73447613 19.91004348 37.26323666 45.14673236 56.51560565 87.665338   96.03863793]
        labels=['CJVDYWqr', 'CJVDYWqr'],
        shape=(8, 8),
    )
    eigvals of hessian_by_imM_imM: DiagonalTensor(
        [12.15432112 16.73447613 19.91004348 37.26323666 45.14673236 56.51560565 87.665338   96.03863793]
        labels=['jndbybpX', 'jndbybpX'],
        shape=(8, 8),
    )
WLBOR:
    iter_times, elapsed_time, sqdiff: 300, 1.5410411357879639, 0.9982362890081797
    MSN: Tensor(
        [[ 0.30306017+0.3285269j  -0.05143497-0.10393381j -0.84530504-0.57943263j  0.4692479 -0.48665077j]
         [ 0.14386142-0.34723402j -0.7617503 -0.06118769j -0.90812773-0.85882771j  0.38871616-0.81966695j]
         [-0.53036234-0.58250305j -0.5030345 +0.34433847j  0.2443365 +0.0035889j  -0.35928164+0.01201134j]
         [-0.70872743+1.13764297j  1.03564088+1.01199426j -0.49023208+0.63582056j -0.46706367+0.4677284j ]]
        labels=['kl', 'kr'],
        shape=(4, 4),
    )
    grad_by_reM_reM: Tensor(
        [ 7.42541562e-09+3.33066907e-16j  6.06140824e-09-1.05471187e-15j -1.01276426e-08-9.71445147e-16j -6.19922622e-09-1.02695630e-15j -1.15853643e-08+2.44249065e-15j -5.00486652e-10-3.60822483e-16j
         -3.20582538e-09-1.14144805e-15j -8.43658891e-09-1.49880108e-15j]
        labels=[('kl', 'hbWYhiop')],
        shape=(8,),
    )
    grad_by_imM_imM: Tensor(
        [ 4.37540593e-09+8.88178420e-16j -1.82742660e-09+7.49400542e-16j -6.31636618e-09+6.66133815e-16j  1.96530001e-09+2.49800181e-16j  1.30840424e-08+1.66533454e-16j -4.52427124e-10-1.11022302e-16j
         -2.36572714e-09+2.08166817e-16j -1.08957138e-09-1.38777878e-17j]
        labels=[('kl', 'hbWYhiop')],
        shape=(8,),
    )
    hessian_by_reM_reM: Tensor(
        [[ 76.87118275-1.77635684e-15j   8.13947531-1.77635684e-15j  -3.90465102+0.00000000e+00j   3.642838  +0.00000000e+00j  18.09967911-8.88178420e-16j   7.20488562+0.00000000e+00j
            8.12418237-1.77635684e-15j   2.50472591+0.00000000e+00j]
         [  8.13947531-1.77635684e-15j  36.34253601+9.99200722e-16j   4.57356129+4.44089210e-16j -10.23136665+2.22044605e-16j   6.15012279+0.00000000e+00j  -5.29983779-6.66133815e-16j
          -11.96604122-4.44089210e-16j   2.68089798-8.88178420e-16j]
         [ -3.90465102+0.00000000e+00j   4.57356129+4.44089210e-16j  44.16042465+0.00000000e+00j  -4.45420497+4.44089210e-16j  -9.89353115+0.00000000e+00j -16.35187576+8.88178420e-16j
           -9.31324435+2.22044605e-16j  -0.90201577+2.22044605e-16j]
         [  3.642838  +0.00000000e+00j -10.23136665+2.22044605e-16j  -4.45420497+4.44089210e-16j  36.26728437+0.00000000e+00j   6.03932536-1.11022302e-15j   8.48065536-8.88178420e-16j
           -3.93731805+4.44089210e-16j  -2.2138181 -4.44089210e-16j]
         [ 18.09967911-8.88178420e-16j   6.15012279+0.00000000e+00j  -9.89353115+0.00000000e+00j   6.03932536-1.11022302e-15j  58.61638459-8.88178420e-16j  15.61307232-8.88178420e-16j
           -4.83685186-8.88178420e-16j  15.72424939+0.00000000e+00j]
         [  7.20488562+0.00000000e+00j  -5.29983779-6.66133815e-16j -16.35187576+8.88178420e-16j   8.48065536-8.88178420e-16j  15.61307232-8.88178420e-16j  30.510436  +9.71445147e-17j
            6.538614  -4.44089210e-16j   2.86053752+4.44089210e-16j]
         [  8.12418237-1.77635684e-15j -11.96604122-4.44089210e-16j  -9.31324435+2.22044605e-16j  -3.93731805+4.44089210e-16j  -4.83685186-8.88178420e-16j   6.538614  -4.44089210e-16j
           38.44729346-1.77635684e-15j  -9.08682797+0.00000000e+00j]
         [  2.50472591+0.00000000e+00j   2.68089798-8.88178420e-16j  -0.90201577+2.22044605e-16j  -2.2138181 -4.44089210e-16j  15.72424939+0.00000000e+00j   2.86053752+4.44089210e-16j
           -9.08682797+0.00000000e+00j  20.83946117-4.44089210e-16j]]
        labels=[('kl', 'hbWYhiop'), ('kl*', 'hbWYhiop*')],
        shape=(8, 8),
    )
    hessian_by_imM_imM: Tensor(
        [[ 76.87118275-1.77635684e-15j   8.13947531-1.77635684e-15j  -3.90465102+0.00000000e+00j   3.642838  +0.00000000e+00j  18.09967911-8.88178420e-16j   7.20488562+0.00000000e+00j
            8.12418237-1.77635684e-15j   2.50472591+0.00000000e+00j]
         [  8.13947531-1.77635684e-15j  36.34253601+9.99200722e-16j   4.57356129+4.44089210e-16j -10.23136665+2.22044605e-16j   6.15012279+0.00000000e+00j  -5.29983779-6.66133815e-16j
          -11.96604122-4.44089210e-16j   2.68089798-8.88178420e-16j]
         [ -3.90465102+0.00000000e+00j   4.57356129+4.44089210e-16j  44.16042465+0.00000000e+00j  -4.45420497+4.44089210e-16j  -9.89353115+0.00000000e+00j -16.35187576+8.88178420e-16j
           -9.31324435+2.22044605e-16j  -0.90201577+2.22044605e-16j]
         [  3.642838  +0.00000000e+00j -10.23136665+2.22044605e-16j  -4.45420497+4.44089210e-16j  36.26728437+0.00000000e+00j   6.03932536-1.11022302e-15j   8.48065536-8.88178420e-16j
           -3.93731805+4.44089210e-16j  -2.2138181 -4.44089210e-16j]
         [ 18.09967911-8.88178420e-16j   6.15012279+0.00000000e+00j  -9.89353115+0.00000000e+00j   6.03932536-1.11022302e-15j  58.61638459-8.88178420e-16j  15.61307232-8.88178420e-16j
           -4.83685186-8.88178420e-16j  15.72424939+0.00000000e+00j]
         [  7.20488562+0.00000000e+00j  -5.29983779-6.66133815e-16j -16.35187576+8.88178420e-16j   8.48065536-8.88178420e-16j  15.61307232-8.88178420e-16j  30.510436  +9.71445147e-17j
            6.538614  -4.44089210e-16j   2.86053752+4.44089210e-16j]
         [  8.12418237-1.77635684e-15j -11.96604122-4.44089210e-16j  -9.31324435+2.22044605e-16j  -3.93731805+4.44089210e-16j  -4.83685186-8.88178420e-16j   6.538614  -4.44089210e-16j
           38.44729346-1.77635684e-15j  -9.08682797+0.00000000e+00j]
         [  2.50472591+0.00000000e+00j   2.68089798-8.88178420e-16j  -0.90201577+2.22044605e-16j  -2.2138181 -4.44089210e-16j  15.72424939+0.00000000e+00j   2.86053752+4.44089210e-16j
           -9.08682797+0.00000000e+00j  20.83946117-4.44089210e-16j]]
        labels=[('kl', 'hbWYhiop'), ('kl*', 'hbWYhiop*')],
        shape=(8, 8),
    )
    eigvals of hessian_by_reM_reM: DiagonalTensor(
        [10.35350057 16.32269829 19.94044319 30.11717381 40.2898412  60.3097212  65.85542156 98.86620319]
        labels=['vcuOTAKY', 'vcuOTAKY'],
        shape=(8, 8),
    )
    eigvals of hessian_by_imM_imM: DiagonalTensor(
        [10.35350057 16.32269829 19.94044319 30.11717381 40.2898412  60.3097212  65.85542156 98.86620319]
        labels=['EHbPVJNe', 'EHbPVJNe'],
        shape=(8, 8),
    )
WNAG:
    iter_times, elapsed_time, sqdiff: 300, 0.639603853225708, 1.0057324153719498
    MSN: Tensor(
        [[ 0.30000495+0.33430862j -0.04662855-0.09860371j -0.84998918-0.57626679j  0.46692545-0.48570839j]
         [ 0.14540091-0.3421124j  -0.75780536-0.05709903j -0.91995221-0.85274535j  0.38582412-0.82405431j]
         [-0.52612338-0.5874309j  -0.50656799+0.34172555j  0.24174688+0.00690023j -0.36081059+0.00756638j]
         [-0.71509037+1.13257179j  1.03631383+1.01426609j -0.47540062+0.64356738j -0.47417172+0.47657933j]]
        labels=['kl', 'kr'],
        shape=(4, 4),
    )
    grad_by_reM_reM: Tensor(
        [-0.99655222-9.32587341e-15j  2.00731422-6.21724894e-15j  1.74219894-5.32907052e-15j  1.80894534+2.66453526e-15j -0.21479852-6.21724894e-15j  0.38792387-6.21724894e-15j -1.73596659+1.33226763e-15j
         -0.85036698-3.33066907e-16j]
        labels=[('kl', 'hbWYhiop')],
        shape=(8,),
    )
    grad_by_imM_imM: Tensor(
        [-0.95574163-1.44328993e-15j -4.34384757-7.99360578e-15j -1.58257605-7.10542736e-15j -0.7817449 -1.15463195e-14j -0.92349707-4.44089210e-15j -0.87195055-1.06581410e-14j  0.59403765+5.32907052e-15j
         -1.40221318+6.66133815e-15j]
        labels=[('kl', 'hbWYhiop')],
        shape=(8,),
    )
    hessian_by_reM_reM: Tensor(
        [[3040.93609539-1.13686838e-13j 3085.29123596+2.27373675e-13j -450.8999051 +1.42108547e-14j -427.75919884+0.00000000e+00j   94.76035381-2.84217094e-14j -322.85785867-5.68434189e-14j
            69.83763167+1.42108547e-14j  150.21790692+5.68434189e-14j]
         [3085.29123596+2.27373675e-13j 8124.60532725-3.41060513e-13j -352.96210778-5.68434189e-14j -425.60958504+2.84217094e-14j  719.77028535-5.68434189e-14j 1583.4753847 +0.00000000e+00j
          -256.19686193+0.00000000e+00j  -24.3158552 +0.00000000e+00j]
         [-450.8999051 +1.42108547e-14j -352.96210778-5.68434189e-14j 2013.97017708-1.13686838e-13j 2213.48170514+0.00000000e+00j  -92.56080308+0.00000000e+00j -582.19312945-5.68434189e-14j
          -374.75957131+0.00000000e+00j -510.9258927 +0.00000000e+00j]
         [-427.75919884+0.00000000e+00j -425.60958504+2.84217094e-14j 2213.48170514+0.00000000e+00j 5052.14622042+0.00000000e+00j  980.53192287+0.00000000e+00j  -87.19824092+0.00000000e+00j
          -107.46531821+5.68434189e-14j -872.16095063+7.10542736e-14j]
         [  94.76035381-2.84217094e-14j  719.77028535-5.68434189e-14j  -92.56080308+0.00000000e+00j  980.53192287+0.00000000e+00j 2848.56096394-1.13686838e-13j 3025.01718161+2.27373675e-13j
           721.50273145+0.00000000e+00j  588.49622575+5.68434189e-14j]
         [-322.85785867-5.68434189e-14j 1583.4753847 +0.00000000e+00j -582.19312945-5.68434189e-14j  -87.19824092+0.00000000e+00j 3025.01718161+2.27373675e-13j 7629.11832874+1.13686838e-13j
           804.30980062+0.00000000e+00j 1073.86491001+8.52651283e-14j]
         [  69.83763167+1.42108547e-14j -256.19686193+0.00000000e+00j -374.75957131+0.00000000e+00j -107.46531821+5.68434189e-14j  721.50273145+0.00000000e+00j  804.30980062+0.00000000e+00j
           924.17624843+5.68434189e-14j 1032.73623511+5.68434189e-14j]
         [ 150.21790692+5.68434189e-14j  -24.3158552 +0.00000000e+00j -510.9258927 +0.00000000e+00j -872.16095063+7.10542736e-14j  588.49622575+5.68434189e-14j 1073.86491001+8.52651283e-14j
          1032.73623511+5.68434189e-14j 2971.65825031+0.00000000e+00j]]
        labels=[('kl', 'hbWYhiop'), ('kl*', 'hbWYhiop*')],
        shape=(8, 8),
    )
    hessian_by_imM_imM: Tensor(
        [[3040.93609539-1.13686838e-13j 3085.29123596+2.27373675e-13j -450.8999051 +1.42108547e-14j -427.75919884+0.00000000e+00j   94.76035381-2.84217094e-14j -322.85785867-5.68434189e-14j
            69.83763167+1.42108547e-14j  150.21790692+5.68434189e-14j]
         [3085.29123596+2.27373675e-13j 8124.60532725-3.41060513e-13j -352.96210778-5.68434189e-14j -425.60958504+2.84217094e-14j  719.77028535-5.68434189e-14j 1583.4753847 +0.00000000e+00j
          -256.19686193+0.00000000e+00j  -24.3158552 +0.00000000e+00j]
         [-450.8999051 +1.42108547e-14j -352.96210778-5.68434189e-14j 2013.97017708-1.13686838e-13j 2213.48170514+0.00000000e+00j  -92.56080308+0.00000000e+00j -582.19312945-5.68434189e-14j
          -374.75957131+0.00000000e+00j -510.9258927 +0.00000000e+00j]
         [-427.75919884+0.00000000e+00j -425.60958504+2.84217094e-14j 2213.48170514+0.00000000e+00j 5052.14622042+0.00000000e+00j  980.53192287+0.00000000e+00j  -87.19824092+0.00000000e+00j
          -107.46531821+5.68434189e-14j -872.16095063+7.10542736e-14j]
         [  94.76035381-2.84217094e-14j  719.77028535-5.68434189e-14j  -92.56080308+0.00000000e+00j  980.53192287+0.00000000e+00j 2848.56096394-1.13686838e-13j 3025.01718161+2.27373675e-13j
           721.50273145+0.00000000e+00j  588.49622575+5.68434189e-14j]
         [-322.85785867-5.68434189e-14j 1583.4753847 +0.00000000e+00j -582.19312945-5.68434189e-14j  -87.19824092+0.00000000e+00j 3025.01718161+2.27373675e-13j 7629.11832874+1.13686838e-13j
           804.30980062+0.00000000e+00j 1073.86491001+8.52651283e-14j]
         [  69.83763167+1.42108547e-14j -256.19686193+0.00000000e+00j -374.75957131+0.00000000e+00j -107.46531821+5.68434189e-14j  721.50273145+0.00000000e+00j  804.30980062+0.00000000e+00j
           924.17624843+5.68434189e-14j 1032.73623511+5.68434189e-14j]
         [ 150.21790692+5.68434189e-14j  -24.3158552 +0.00000000e+00j -510.9258927 +0.00000000e+00j -872.16095063+7.10542736e-14j  588.49622575+5.68434189e-14j 1073.86491001+8.52651283e-14j
          1032.73623511+5.68434189e-14j 2971.65825031+0.00000000e+00j]]
        labels=[('kl', 'hbWYhiop'), ('kl*', 'hbWYhiop*')],
        shape=(8, 8),
    )
